-2.785940300000000207e+03
-3.228567599999999857e+03
-3.528995499999999993e+03
-4.226830799999999726e+03
-4.508263500000000022e+03
-4.650621399999999994e+03
-4.881928499999999985e+03
-5.107757899999999609e+03
-5.348744999999999891e+03
-5.659091099999999642e+03
-5.930308699999999590e+03
-6.448768500000000131e+03
-6.933376900000000205e+03
-7.455372000000000298e+03
-7.476066399999999703e+03
-7.737615999999999985e+03
-7.922055500000000393e+03
-7.986650999999999840e+03
-7.638774199999999837e+03
-7.449735300000000279e+03
-6.915401899999999841e+03
-6.728834799999999632e+03
-6.667546599999999671e+03
-7.095357200000000375e+03
-7.573356499999999869e+03
-7.993802700000000186e+03
-8.358439500000000407e+03
-8.128289499999999862e+03
-8.201397100000000137e+03
-7.833597700000000259e+03
-7.801326000000000022e+03
-6.448522899999999936e+03
-4.816226700000000164e+03
-1.662336499999999887e+03
1.376752400000000080e+03
4.311563100000000304e+03
7.299603000000000065e+03
9.669994399999999587e+03
1.176817499999999927e+04
1.389822299999999996e+04
1.565587299999999959e+04
1.720656999999999971e+04
1.837289900000000125e+04
1.842142099999999846e+04
1.858762299999999959e+04
1.923647200000000157e+04
1.984250700000000143e+04
2.003663100000000122e+04
2.000110900000000038e+04
1.993127300000000105e+04
1.977091600000000108e+04
1.918247899999999936e+04
1.814293600000000151e+04
1.683530400000000009e+04
1.600276599999999962e+04
1.477945600000000013e+04
1.250688199999999961e+04
1.094376100000000042e+04
9.214245500000000902e+03
7.647918999999999869e+03
6.992724599999999555e+03
6.625269299999999930e+03
6.613479000000000269e+03
6.660331900000000132e+03
6.630613199999999779e+03
6.488588899999999740e+03
6.850059100000000399e+03
6.957127499999999600e+03
6.668449400000000423e+03
6.518133700000000317e+03
5.883054900000000089e+03
5.156230700000000070e+03
4.671204399999999623e+03
3.794560100000000148e+03
3.725110400000000027e+03
3.855459299999999985e+03
3.194608999999999924e+03
2.427767699999999877e+03
1.976396600000000035e+03
1.542801899999999932e+03
1.030339999999999918e+03
5.136037999999999784e+02
-2.556486600000000067e+02
-1.030958399999999983e+03
-2.024907899999999927e+03
-2.317598300000000108e+03
-2.808776499999999942e+03
-3.169634399999999914e+03
-3.674370600000000195e+03
-4.344998300000000199e+03
-4.611178899999999885e+03
-4.780030999999999949e+03
-5.318168499999999767e+03
-5.200245100000000093e+03
-5.000548399999999674e+03
-4.849075100000000020e+03
-5.129473399999999856e+03
-5.092542000000000371e+03
-4.908222499999999854e+03
-4.734175299999999879e+03
-4.514282400000000052e+03
-4.328157500000000255e+03
-4.213003399999999601e+03
-4.358463899999999740e+03
-4.489661000000000058e+03
-4.492217300000000250e+03
-5.168937399999999798e+03
-5.455441100000000006e+03
-5.598878399999999601e+03
-5.621335699999999633e+03
-5.533215299999999843e+03
-5.121203700000000026e+03
-4.427771300000000338e+03
-3.532638699999999972e+03
-1.633162000000000035e+03
7.019577199999999948e+02
3.534571699999999964e+03
5.857775300000000243e+03
8.113419700000000375e+03
1.068817900000000009e+04
1.278822600000000057e+04
1.487322799999999916e+04
1.670900700000000143e+04
1.775704100000000108e+04
1.879583899999999994e+04
1.840137299999999959e+04
1.838521299999999974e+04
1.834386600000000180e+04
1.843619599999999991e+04
1.797567900000000009e+04
1.728673099999999977e+04
1.645428900000000067e+04
1.573062099999999919e+04
1.494406199999999990e+04
1.339311599999999999e+04
1.204484699999999975e+04
1.036859699999999975e+04
8.716700399999999718e+03
7.407831600000000435e+03
6.194610499999999774e+03
5.429765999999999622e+03
4.220336800000000039e+03
3.214270799999999781e+03
2.964179799999999886e+03
2.278141299999999774e+03
2.237256300000000010e+03
2.034961000000000013e+03
2.064227199999999812e+03
1.653401499999999942e+03
7.758203200000000379e+02
2.615695600000000240e+02
-7.315950400000000400e+02
-1.614258800000000065e+03
-2.614240899999999783e+03
-3.659994999999999891e+03
-4.440106300000000374e+03
-4.874741200000000390e+03
-5.181236700000000383e+03
-5.470612000000000080e+03
-5.965448900000000322e+03
-6.010675699999999779e+03
-5.788250000000000000e+03
-5.976472300000000359e+03
-6.004307399999999689e+03
-6.004396399999999630e+03
-6.049749899999999798e+03
-5.663367299999999886e+03
-5.605338899999999740e+03
-5.399806499999999687e+03
-5.463744200000000092e+03
-5.610201299999999719e+03
-5.221716599999999744e+03
-5.165241500000000087e+03
-5.489465600000000450e+03
-5.515164300000000367e+03
-5.763298600000000079e+03
-5.197724799999999959e+03
-5.310490499999999884e+03
-5.151756900000000314e+03
-4.858772200000000339e+03
-4.542512200000000121e+03
-4.335964799999999741e+03
-4.404389299999999821e+03
-4.346543399999999565e+03
-4.916868199999999888e+03
-4.941449999999999818e+03
-5.173095500000000357e+03
-5.488423300000000381e+03
-5.682953300000000127e+03
-5.482594299999999748e+03
-5.247226499999999760e+03
-5.016640099999999620e+03
-4.143973299999999654e+03
-2.700871900000000096e+03
-1.660006300000000010e+03
4.953081199999999740e+02
3.131811000000000149e+03
5.096743900000000394e+03
7.807773000000000138e+03
9.695070400000000518e+03
1.144615699999999924e+04
1.342432899999999972e+04
1.485911599999999999e+04
1.641690100000000166e+04
1.719567399999999907e+04
1.811825700000000143e+04
1.890232200000000012e+04
1.944886000000000058e+04
1.948997000000000116e+04
1.909507200000000012e+04
1.864615499999999884e+04
1.781904400000000169e+04
1.688561799999999857e+04
1.583973600000000079e+04
1.436989899999999943e+04
1.299159499999999935e+04
1.143088899999999921e+04
9.621004899999999907e+03
8.202860000000000582e+03
7.101919299999999566e+03
6.645900999999999840e+03
6.033521300000000338e+03
4.669357699999999568e+03
4.238561200000000099e+03
3.551266599999999926e+03
3.076857800000000225e+03
2.680531100000000151e+03
2.035067800000000034e+03
1.651206300000000056e+03
1.123423000000000002e+03
2.893387999999999920e+02
-5.824817900000000463e+02
-1.278165999999999940e+03
-1.791275000000000091e+03
-2.988840599999999995e+03
-3.192228000000000065e+03
-3.712882999999999811e+03
-4.078085500000000138e+03
-4.401289399999999659e+03
-4.776276499999999942e+03
-5.469008700000000317e+03
-6.117534999999999854e+03
-6.312515000000000327e+03
-6.537949300000000221e+03
-6.631055099999999584e+03
-6.183802200000000084e+03
-6.223135000000000218e+03
-6.138466400000000249e+03
-5.925234999999999673e+03
-6.618874200000000201e+03
-6.505078599999999824e+03
-6.218204300000000330e+03
-6.300960600000000341e+03
-6.344741100000000188e+03
-6.245565400000000409e+03
-6.054368999999999687e+03
-5.961146899999999732e+03
-6.048837499999999636e+03
-6.350605099999999766e+03
-6.303734900000000380e+03
-6.112532500000000255e+03
-6.317724599999999555e+03
-6.272282500000000255e+03
-6.419530800000000454e+03
-6.864534200000000055e+03
-7.309734999999999673e+03
-7.698851099999999860e+03
-7.799241100000000188e+03
-7.933045500000000175e+03
-7.408059299999999894e+03
-6.586986299999999574e+03
-5.295329200000000128e+03
-3.549640499999999975e+03
-1.109875500000000102e+03
1.237233699999999999e+03
3.844632399999999961e+03
6.946465400000000045e+03
9.762512899999999718e+03
1.211010100000000057e+04
1.433209399999999914e+04
1.628263099999999940e+04
1.786602699999999822e+04
1.907036000000000058e+04
1.995224399999999878e+04
1.999217399999999907e+04
2.075676699999999983e+04
2.062597799999999916e+04
2.081955500000000029e+04
2.088311699999999837e+04
2.100325600000000122e+04
2.093252600000000166e+04
2.056250700000000143e+04
1.983167099999999846e+04
1.896453299999999945e+04
1.749337600000000020e+04
1.578194599999999991e+04
1.397665799999999945e+04
1.242963299999999981e+04
1.049955199999999968e+04
9.816710800000000745e+03
8.805914000000000669e+03
7.842976300000000265e+03
7.218923999999999978e+03
6.673859699999999975e+03
6.885122999999999593e+03
6.714712099999999737e+03
6.236113900000000285e+03
5.686099500000000262e+03
5.186792400000000271e+03
4.833637099999999919e+03
3.835485499999999774e+03
2.837264400000000023e+03
2.754211099999999988e+03
2.551039900000000216e+03
2.024255499999999984e+03
1.421157500000000027e+03
1.431473099999999931e+03
1.307188699999999926e+03
9.936357000000000426e+02
6.271550399999999854e+02
2.527779700000000105e+02
-1.314935000000000116e+02
-1.240343599999999924e+03
-1.793806399999999940e+03
-2.217833700000000135e+03
-2.840488299999999981e+03
-3.566152799999999843e+03
-4.487725499999999556e+03
-4.818605800000000272e+03
-4.846519500000000335e+03
-5.183577100000000428e+03
-5.309171999999999571e+03
-5.237755699999999706e+03
-5.422590799999999945e+03
-5.528218899999999849e+03
-5.092857699999999568e+03
-5.579163300000000163e+03
-5.620933399999999892e+03
-5.505967599999999948e+03
-5.358599000000000160e+03
-5.239648799999999937e+03
-5.479364400000000387e+03
-5.670285100000000057e+03
-5.899874700000000303e+03
-6.236543300000000272e+03
-6.421512399999999616e+03
-6.462069999999999709e+03
-6.370630600000000413e+03
-6.679654700000000048e+03
-6.607931400000000394e+03
-6.523898699999999735e+03
-5.267587900000000445e+03
-4.230378700000000208e+03
-2.468167699999999968e+03
-9.092319700000000182e+01
2.294951399999999921e+03
5.021809599999999591e+03
8.090771899999999732e+03
1.088797700000000077e+04
1.358114300000000003e+04
1.517911199999999917e+04
1.698926800000000003e+04
1.817156399999999849e+04
1.859532400000000052e+04
1.916784600000000137e+04
1.937973400000000038e+04
1.983724100000000180e+04
1.963553499999999985e+04
1.932679699999999866e+04
1.877743999999999869e+04
1.821324199999999837e+04
1.741206999999999971e+04
1.618296299999999974e+04
1.508489400000000023e+04
1.366186399999999958e+04
1.248094299999999930e+04
1.034023199999999997e+04
8.119658199999999852e+03
6.247040799999999763e+03
4.487830899999999929e+03
3.335270199999999932e+03
2.564841899999999896e+03
2.062362099999999828e+03
1.381376899999999978e+03
1.372349699999999984e+03
1.332093800000000101e+03
1.252852399999999989e+03
1.517508700000000090e+03
1.201557000000000016e+03
9.642768899999999803e+02
4.612619799999999941e+02
-1.357146899999999903e+02
-3.431786099999999919e+02
-9.514055899999999610e+02
-1.187320899999999938e+03
-2.028723799999999983e+03
-2.836552799999999934e+03
-3.631603399999999965e+03
-4.607943900000000212e+03
-4.915432700000000295e+03
-5.076280200000000150e+03
-5.430305599999999686e+03
-6.290344199999999546e+03
-6.223432899999999790e+03
-5.850188299999999799e+03
-6.130339500000000044e+03
-6.346861200000000281e+03
-7.046473699999999553e+03
-7.045534300000000258e+03
-7.232198900000000322e+03
-7.597793499999999767e+03
-7.778850900000000365e+03
-7.411921699999999873e+03
-7.788003099999999904e+03
-7.687165299999999661e+03
-7.999292499999999563e+03
-8.251454799999999523e+03
-8.389907900000000154e+03
-8.591393599999999424e+03
-8.785049399999999878e+03
-9.084453700000000026e+03
-8.999675800000000891e+03
-8.965955500000000029e+03
-8.746955799999999726e+03
-8.711512099999999919e+03
-8.826067100000000210e+03
-9.181892200000000230e+03
-9.061465099999999438e+03
-9.674657800000000861e+03
-1.004527499999999964e+04
-1.008844900000000052e+04
-1.000425200000000041e+04
-9.260321900000000824e+03
-7.789872400000000198e+03
-6.379092999999999847e+03
-4.230625699999999597e+03
-2.128669499999999971e+03
1.919805800000000033e+02
3.112784299999999803e+03
5.664058899999999994e+03
7.833534999999999854e+03
1.003942900000000009e+04
1.172973099999999977e+04
1.295121600000000035e+04
1.423640699999999924e+04
1.527022899999999936e+04
1.583323500000000058e+04
1.607070199999999932e+04
1.612956999999999971e+04
1.637872899999999936e+04
1.594939799999999923e+04
1.513156500000000051e+04
1.474717499999999927e+04
1.370587299999999959e+04
1.174731699999999910e+04
9.783240499999999884e+03
7.930203099999999722e+03
6.389372599999999693e+03
5.051810099999999693e+03
3.927383299999999963e+03
2.912034999999999854e+03
2.141258299999999963e+03
2.140333000000000084e+03
1.212062100000000100e+03
1.182875600000000077e+03
7.717722999999999729e+02
3.410868699999999762e+02
-4.320672900000000141e+02
-6.481308299999999463e+02
-9.377058799999999792e+02
-1.096515300000000025e+03
-1.397312699999999950e+03
-2.035480399999999918e+03
-3.210499400000000151e+03
-3.986780699999999797e+03
-4.549995700000000397e+03
-5.075060900000000402e+03
-5.947718899999999849e+03
-6.579135100000000421e+03
-6.761699099999999817e+03
-7.219834600000000137e+03
-7.576001500000000306e+03
-8.634317800000000716e+03
-9.020683300000000600e+03
-9.757859000000000378e+03
-9.676653399999999237e+03
-9.758324500000000626e+03
-9.880619899999999689e+03
-1.026249200000000019e+04
-1.111367200000000048e+04
-1.133106300000000010e+04
-1.149145800000000054e+04
-1.174439600000000064e+04
-1.191014999999999964e+04
-1.197693100000000049e+04
-1.196983799999999974e+04
-1.217358300000000054e+04
-1.241964300000000003e+04
-1.268701900000000023e+04
-1.241115999999999985e+04
-1.287459399999999914e+04
-1.274564400000000023e+04
-1.245475599999999940e+04
-1.278125900000000001e+04
-1.332402200000000084e+04
-1.365669700000000012e+04
-1.399023500000000058e+04
-1.408750599999999940e+04
-1.453531099999999969e+04
-1.429219000000000051e+04
-1.412644299999999930e+04
-1.358677700000000004e+04
-1.257952399999999943e+04
-1.173261000000000058e+04
-9.787763699999999517e+03
-7.133922999999999774e+03
-4.473978399999999965e+03
-1.806343000000000075e+03
1.408108699999999999e+03
3.901806799999999839e+03
6.056266400000000431e+03
7.844605599999999868e+03
9.233975300000000061e+03
1.065213500000000022e+04
1.232701900000000023e+04
1.305405500000000029e+04
1.362289500000000044e+04
1.361948999999999978e+04
1.385937700000000041e+04
1.362745800000000054e+04
1.333723999999999978e+04
1.295489600000000064e+04
1.212588099999999940e+04
1.146810100000000057e+04
9.938436999999999898e+03
8.454863300000000891e+03
6.978914600000000064e+03
5.970224599999999555e+03
4.463192000000000007e+03
3.741338799999999992e+03
3.488925600000000031e+03
2.897046800000000076e+03
2.257342599999999948e+03
2.152167199999999866e+03
2.420461099999999988e+03
1.969087700000000041e+03
2.171151199999999790e+03
1.946633000000000038e+03
1.655257800000000088e+03
1.909062500000000000e+03
1.313577900000000000e+03
8.557438300000000027e+02
-3.676353000000000204e+00
-1.047623299999999972e+03
-1.886155299999999897e+03
-2.335696399999999812e+03
-3.127560800000000199e+03
-3.503467900000000100e+03
-3.855859899999999925e+03
-4.202381900000000314e+03
-4.707995299999999588e+03
-4.785675400000000081e+03
-4.871719799999999850e+03
-5.267382999999999811e+03
-5.531975099999999657e+03
-5.990332400000000234e+03
-6.309728900000000067e+03
-6.348018699999999626e+03
-5.862657699999999750e+03
-5.736695600000000013e+03
-5.973837900000000445e+03
-5.740984099999999671e+03
-5.628856799999999566e+03
-5.555155300000000352e+03
-5.894337199999999939e+03
-6.301269599999999627e+03
-6.306051099999999678e+03
-6.370098699999999553e+03
-6.237182200000000194e+03
-5.911139500000000226e+03
-6.028032400000000052e+03
-5.208481700000000274e+03
-4.883753800000000410e+03
-4.444572199999999611e+03
-4.232671599999999671e+03
-3.994774399999999787e+03
-4.207274900000000343e+03
-4.126223899999999958e+03
-4.174515699999999924e+03
-4.009215599999999995e+03
-3.981735400000000027e+03
-3.078737099999999828e+03
-1.382195200000000114e+03
5.296712400000000116e+02
3.028299599999999828e+03
5.884671400000000176e+03
9.327514699999999721e+03
1.200865500000000065e+04
1.486879099999999926e+04
1.677319499999999971e+04
1.821229300000000148e+04
1.939015199999999822e+04
2.053938100000000122e+04
2.157167199999999866e+04
2.262472000000000116e+04
2.273596399999999994e+04
2.282308899999999994e+04
2.336130600000000049e+04
2.357995500000000175e+04
2.332920500000000175e+04
2.282478299999999945e+04
2.220523500000000058e+04
2.104578099999999904e+04
1.971110099999999875e+04
1.834390100000000166e+04
1.677400100000000020e+04
1.524878399999999965e+04
1.332821399999999994e+04
1.128632799999999952e+04
9.144704599999999118e+03
7.816326600000000326e+03
7.033746699999999691e+03
6.177206299999999828e+03
5.660209799999999632e+03
5.485721199999999953e+03
5.254171199999999772e+03
4.982751400000000103e+03
4.682740700000000288e+03
4.575422400000000380e+03
4.292405399999999645e+03
4.011072900000000118e+03
3.501682499999999891e+03
2.830755000000000109e+03
2.631961600000000089e+03
1.970249099999999999e+03
1.549643700000000081e+03
9.769002500000000282e+02
6.763429300000000239e+02
7.940016299999999916e+00
-4.580251600000000280e+02
-5.175973500000000058e+02
-9.707048999999999523e+02
-1.732436599999999999e+03
-2.528737500000000182e+03
-3.101047599999999875e+03
-3.319873099999999795e+03
-3.539850399999999809e+03
-4.085175600000000031e+03
-4.249454200000000128e+03
-4.549008300000000418e+03
-5.189499700000000303e+03
-5.059275099999999838e+03
-5.086950899999999820e+03
-5.427026700000000346e+03
-5.586131599999999708e+03
-5.674087199999999939e+03
-5.695122699999999895e+03
-5.211325799999999617e+03
-5.105050400000000081e+03
-5.453603299999999763e+03
-5.365563900000000103e+03
-5.410504899999999907e+03
-5.206887399999999616e+03
-5.432020700000000033e+03
-5.756152299999999741e+03
-6.205967899999999645e+03
-6.348539300000000367e+03
-6.151230700000000070e+03
-6.191941700000000310e+03
-5.781250399999999900e+03
-5.271486899999999878e+03
-4.761093300000000454e+03
-4.321742500000000291e+03
-3.756829999999999927e+03
-2.525264099999999871e+03
-9.749579499999999825e+02
1.500176400000000058e+03
4.143135000000000218e+03
6.940441700000000310e+03
9.667861800000000585e+03
1.194981600000000071e+04
1.337563800000000083e+04
1.476708400000000074e+04
1.613893100000000049e+04
1.682851299999999901e+04
1.754393899999999849e+04
1.759418999999999869e+04
1.785474599999999919e+04
1.772146199999999953e+04
1.774857700000000114e+04
1.724479599999999846e+04
1.610394499999999971e+04
1.509729000000000087e+04
1.445556999999999971e+04
1.277668000000000029e+04
1.092271800000000076e+04
9.199393099999999322e+03
7.141488099999999577e+03
5.952632099999999809e+03
5.326717400000000453e+03
4.599630699999999706e+03
4.113611600000000180e+03
2.950216399999999794e+03
1.949348799999999983e+03
2.072948400000000220e+03
2.142083799999999883e+03
1.842993300000000090e+03
1.810979800000000068e+03
1.107559700000000021e+03
4.627742200000000139e+02
3.811798600000000192e+02
2.570020000000000095e+02
-2.767890800000000127e+02
-9.829940100000000029e+02
-1.293345000000000027e+03
-1.491252199999999903e+03
-1.975884800000000041e+03
-2.630541099999999915e+03
-3.627237799999999879e+03
-4.552293599999999969e+03
-5.332444300000000112e+03
-5.801034599999999955e+03
-6.253608299999999872e+03
-6.442387800000000425e+03
-6.094591500000000451e+03
-6.353902799999999843e+03
-6.185748300000000199e+03
-5.861080399999999827e+03
-5.532492500000000291e+03
-5.705496399999999994e+03
-5.667312700000000405e+03
-5.604442000000000007e+03
-5.009396800000000439e+03
-4.709602799999999661e+03
-4.791456000000000131e+03
-4.767037599999999657e+03
-4.551572600000000421e+03
-4.420990300000000389e+03
-4.542453800000000228e+03
-4.703454600000000028e+03
-4.408098899999999958e+03
-4.512333700000000135e+03
-4.693899800000000141e+03
-4.802913899999999558e+03
-5.652779800000000250e+03
-5.478255199999999604e+03
-5.374873599999999897e+03
-6.011102200000000266e+03
-5.982981700000000274e+03
-6.087571100000000115e+03
-6.296177200000000084e+03
-6.389915699999999561e+03
-5.533077299999999923e+03
-4.548118099999999686e+03
-2.540886399999999867e+03
-9.425002600000000257e+02
1.397352499999999964e+03
3.953306700000000092e+03
6.578222899999999754e+03
8.617139999999999418e+03
1.069342300000000068e+04
1.208513199999999961e+04
1.298567799999999988e+04
1.431859399999999914e+04
1.577636299999999937e+04
1.668178499999999985e+04
1.695863000000000102e+04
1.771810099999999875e+04
1.790809600000000137e+04
1.770386699999999837e+04
1.754176199999999881e+04
1.671879699999999866e+04
1.557865899999999965e+04
1.419694599999999991e+04
1.283820499999999993e+04
1.090876000000000022e+04
9.527259000000000015e+03
7.687166500000000269e+03
6.338872299999999996e+03
5.141529400000000351e+03
4.241218799999999646e+03
3.497813400000000001e+03
2.920179700000000139e+03
2.362470600000000104e+03
2.244789099999999962e+03
2.088353099999999813e+03
2.092767400000000180e+03
1.800388500000000022e+03
1.554653399999999920e+03
8.219275499999999965e+02
5.775960700000000543e+02
-1.897896299999999883e+02
-9.576511699999999792e+02
-1.414525100000000066e+03
-2.337742099999999937e+03
-2.691365099999999984e+03
-3.643802700000000186e+03
-4.419009399999999914e+03
-4.871755400000000009e+03
-5.329242900000000191e+03
-5.152326500000000124e+03
-5.693333300000000236e+03
-5.287039600000000064e+03
-5.580452100000000428e+03
-5.256447699999999713e+03
-5.416197199999999611e+03
-5.328826000000000022e+03
-5.683340299999999843e+03
-5.782102700000000368e+03
-5.637760199999999713e+03
-5.132430900000000292e+03
-4.940475400000000263e+03
-5.090880100000000311e+03
-5.105525099999999838e+03
-5.120343100000000049e+03
-5.377121199999999590e+03
-5.438763399999999820e+03
-5.094111700000000383e+03
-5.543700200000000223e+03
-5.726294499999999971e+03
-5.408986600000000180e+03
-5.444703400000000329e+03
-5.550078900000000431e+03
-5.648811300000000301e+03
-5.528358599999999569e+03
-5.518325499999999920e+03
-5.798329700000000230e+03
-6.060640099999999620e+03
-5.662458300000000236e+03
-5.370180299999999988e+03
-3.982513300000000072e+03
-2.052317500000000109e+03
5.253245100000000321e+02
3.514725600000000213e+03
6.581834799999999632e+03
9.403660400000000664e+03
1.178109300000000076e+04
1.372573400000000038e+04
1.529509000000000015e+04
1.691109500000000116e+04
1.841161200000000099e+04
1.935351199999999881e+04
2.009067699999999968e+04
2.065488300000000163e+04
2.084306000000000131e+04
2.118665499999999884e+04
2.123541700000000128e+04
2.125054100000000108e+04
2.137411300000000119e+04
2.140095899999999892e+04
2.100355800000000090e+04
1.996641800000000148e+04
1.916326699999999983e+04
1.744842399999999907e+04
1.599712999999999920e+04
1.418770099999999911e+04
1.230144499999999971e+04
1.015985499999999956e+04
8.737488699999999881e+03
7.334314199999999801e+03
6.547657900000000154e+03
5.587162199999999757e+03
4.711963499999999840e+03
4.170896800000000439e+03
3.758110200000000077e+03
3.352999800000000050e+03
2.633548299999999927e+03
2.323912200000000212e+03
1.964426200000000108e+03
2.219392400000000180e+03
1.496930000000000064e+03
6.097862699999999450e+02
1.652748499999999865e+02
-1.120562199999999962e+02
-6.306125500000000557e+02
-1.507331200000000081e+03
-2.320678600000000188e+03
-3.017073400000000220e+03
-3.697882300000000214e+03
-4.330560400000000300e+03
-5.048806800000000294e+03
-5.782529800000000250e+03
-6.485902100000000246e+03
-7.536110300000000279e+03
-8.215255900000000111e+03
-8.648133400000000620e+03
-8.962721199999999953e+03
-8.757479400000000169e+03
-8.878734000000000378e+03
-9.158641600000000835e+03
-9.389821400000000722e+03
-9.511225300000000061e+03
-9.600339900000000853e+03
-9.787810699999999997e+03
-9.981460499999999229e+03
-1.005882099999999991e+04
-9.663289600000000064e+03
-9.177693699999999808e+03
-9.273723500000000058e+03
-9.540412099999999555e+03
-9.754354499999999462e+03
-1.018165600000000086e+04
-1.026387600000000020e+04
-1.067924300000000039e+04
-1.036965400000000045e+04
-1.042815099999999984e+04
-1.023260000000000036e+04
-9.893225099999999657e+03
-9.494203900000000431e+03
-8.784128600000000006e+03
-7.638919100000000071e+03
-6.204073999999999614e+03
-4.240107600000000275e+03
-1.643839099999999917e+03
1.548020600000000059e+03
4.731504100000000108e+03
7.725999600000000100e+03
1.016171899999999914e+04
1.223780099999999948e+04
1.378724899999999980e+04
1.472885800000000017e+04
1.592437600000000020e+04
1.661636600000000180e+04
1.669006899999999951e+04
1.680677100000000064e+04
1.703403099999999904e+04
1.717678900000000067e+04
1.723244399999999951e+04
1.716424399999999878e+04
1.685610499999999956e+04
1.650708699999999953e+04
1.613316500000000087e+04
1.473301599999999962e+04
1.335477399999999943e+04
1.215814999999999964e+04
1.037615300000000025e+04
8.653063000000000102e+03
6.871742199999999684e+03
5.245163899999999558e+03
4.473176900000000387e+03
3.446439100000000053e+03
2.740651299999999992e+03
2.233370899999999892e+03
2.045018600000000106e+03
1.348487300000000005e+03
1.039587500000000091e+03
5.860740799999999808e+02
1.089943399999999940e+02
-6.145121699999999691e+02
-1.373590599999999995e+03
-1.876882200000000012e+03
-2.773865600000000086e+03
-2.559706400000000031e+03
-2.980233600000000024e+03
-3.261772100000000137e+03
-3.914655400000000100e+03
-4.101508200000000215e+03
-4.588675199999999677e+03
-5.133265000000000327e+03
-5.382279000000000451e+03
-5.326401499999999942e+03
-5.258197500000000218e+03
-5.896751100000000406e+03
-6.214338999999999942e+03
-6.626469900000000052e+03
-7.516362399999999980e+03
-7.612788899999999558e+03
-8.360230600000000777e+03
-8.448908299999999144e+03
-8.166066899999999805e+03
-8.098127999999999702e+03
-7.870093600000000151e+03
-7.764120899999999892e+03
-7.912197799999999916e+03
-7.970927800000000389e+03
-7.879135599999999613e+03
-8.565346999999999753e+03
-8.860770399999999427e+03
-9.316665999999999258e+03
-9.269599099999999453e+03
-9.423117799999999988e+03
-9.620005499999999302e+03
-9.724074000000000524e+03
-9.679449000000000524e+03
-9.959223900000000867e+03
-1.076905800000000090e+04
-1.082631600000000071e+04
-1.107436299999999937e+04
-1.076551399999999921e+04
-1.043017000000000007e+04
-9.472830700000000434e+03
-8.107612399999999980e+03
-5.920104400000000169e+03
-3.378070499999999811e+03
-9.862413400000000365e+02
1.845358600000000024e+03
4.683505000000000109e+03
7.289433299999999690e+03
8.962642400000000634e+03
1.118398999999999978e+04
1.323571700000000055e+04
1.490283699999999953e+04
1.602857899999999972e+04
1.642724699999999939e+04
1.656418700000000172e+04
1.644054499999999825e+04
1.601832899999999972e+04
1.570395000000000073e+04
1.484583599999999933e+04
1.392083599999999933e+04
1.335596600000000035e+04
1.248626300000000083e+04
1.160714500000000044e+04
9.997053700000000390e+03
8.269533400000000256e+03
6.714792999999999665e+03
5.107467300000000250e+03
3.194930600000000140e+03
2.078121500000000196e+03
1.444846299999999928e+03
9.698507499999999482e+02
-3.697112200000000257e+02
-5.085399899999999889e+02
-4.026311099999999783e+02
1.497964000000000055e+02
2.575138900000000035e+02
-2.446884499999999889e+02
5.985366899999999646e+01
-3.446812800000000152e+02
5.499143899999999974e+01
-4.198403799999999819e+02
-5.055746500000000196e+02
-1.231986100000000079e+03
-1.949813200000000052e+03
-2.838472000000000207e+03
-3.515087700000000041e+03
-3.518750000000000000e+03
-4.149331299999999828e+03
-4.417719500000000153e+03
-5.228962900000000445e+03
-5.484131300000000010e+03
-5.944706100000000333e+03
-5.727217400000000453e+03
-5.862785399999999754e+03
-5.584228699999999662e+03
-5.354954200000000128e+03
-5.195616799999999785e+03
-5.233653199999999742e+03
-5.737794799999999668e+03
-5.500054100000000290e+03
-5.857268200000000434e+03
-6.218722499999999854e+03
-6.084329300000000330e+03
-5.965083599999999933e+03
-5.881156200000000354e+03
-5.344407100000000355e+03
-5.069081500000000233e+03
-5.009108599999999569e+03
-5.532602799999999661e+03
-5.336058699999999590e+03
-5.481768900000000031e+03
-5.615059299999999894e+03
-6.078363999999999578e+03
-6.863104500000000371e+03
-6.870777699999999641e+03
-6.295510800000000017e+03
-6.108747800000000097e+03
-5.813793399999999565e+03
-5.430537000000000262e+03
-4.461173099999999977e+03
-3.635505200000000059e+03
-2.754159099999999853e+03
-7.815320699999999761e+02
4.421585699999999974e+02
2.754980700000000070e+03
4.705327500000000327e+03
6.851004899999999907e+03
9.705702499999999418e+03
1.217834300000000076e+04
1.391312000000000080e+04
1.534217699999999968e+04
1.636379800000000068e+04
1.679442799999999988e+04
1.712646099999999933e+04
1.696412700000000041e+04
1.691107800000000134e+04
1.623433799999999974e+04
1.526942599999999948e+04
1.469374899999999980e+04
1.383370999999999913e+04
1.255394700000000012e+04
1.088066300000000047e+04
9.214593500000000859e+03
7.646697400000000016e+03
6.226472700000000259e+03
5.211697100000000319e+03
4.783250799999999799e+03
4.081888399999999820e+03
3.441836899999999787e+03
3.258531500000000051e+03
2.954515400000000227e+03
2.817282999999999902e+03
2.763194100000000162e+03
2.454684000000000196e+03
1.820224400000000060e+03
9.550029500000000553e+02
1.914503699999999924e+02
-3.027900700000000143e+02
-9.470793700000000399e+02
-1.595093900000000076e+03
-2.098971799999999803e+03
-2.503973599999999806e+03
-2.709958900000000085e+03
-3.211651800000000094e+03
-3.505625100000000202e+03
-3.605314600000000155e+03
-4.572224500000000262e+03
-5.236860399999999572e+03
-5.388445499999999811e+03
-5.692377000000000407e+03
-6.038342099999999846e+03
-6.295474599999999555e+03
-6.065759799999999814e+03
-6.395652100000000246e+03
-6.396921599999999671e+03
-6.954401399999999740e+03
-7.084823099999999613e+03
-6.746081900000000132e+03
-6.618463600000000042e+03
-6.738710299999999734e+03
-6.010350699999999961e+03
-6.062548499999999876e+03
-6.235921500000000378e+03
-6.583143699999999626e+03
-6.556859199999999873e+03
-6.377812700000000405e+03
-6.221827900000000227e+03
-5.665823699999999917e+03
-5.121557600000000093e+03
-4.977384699999999611e+03
-5.128456600000000435e+03
-4.767917599999999766e+03
-4.674087099999999737e+03
-4.503946700000000419e+03
-4.325128800000000410e+03
-4.386534399999999550e+03
-3.854822500000000218e+03
-4.032598399999999856e+03
-3.237058199999999943e+03
-1.348748399999999947e+03
6.374339899999999943e+02
3.160382000000000062e+03
5.944736100000000079e+03
8.968827499999999418e+03
1.142435200000000077e+04
1.416490200000000004e+04
1.703600400000000081e+04
1.871002000000000044e+04
2.002519800000000032e+04
2.077267900000000009e+04
2.162167299999999886e+04
2.173050400000000081e+04
2.186038000000000102e+04
2.134402100000000064e+04
2.133586100000000079e+04
2.130977500000000146e+04
2.114741700000000128e+04
2.060827500000000146e+04
2.022866300000000047e+04
1.859962099999999919e+04
1.746289400000000023e+04
1.638028600000000006e+04
1.544235200000000077e+04
1.396455800000000090e+04
1.244658499999999913e+04
1.084449500000000080e+04
9.843780399999999645e+03
8.547792299999999159e+03
6.636431599999999889e+03
5.732965600000000450e+03
5.083092800000000352e+03
4.355613999999999578e+03
3.782825100000000020e+03
3.269082100000000082e+03
3.093081799999999930e+03
2.344106900000000223e+03
1.917312599999999975e+03
1.360490299999999934e+03
7.859579499999999825e+02
-1.990840699999999970e+02
-6.577667400000000271e+02
-1.245951399999999921e+03
-2.035855700000000070e+03
-2.809458399999999983e+03
-3.165286700000000110e+03
-3.753041400000000067e+03
-4.395062600000000202e+03
-4.898290299999999661e+03
-5.223050799999999981e+03
-6.150006800000000112e+03
-7.002630400000000009e+03
-7.352929500000000189e+03
-7.513580899999999929e+03
-7.752569700000000012e+03
-8.675280699999999342e+03
-8.372594199999999546e+03
-8.549799000000000888e+03
-8.973989999999999782e+03
-8.947535599999999249e+03
-9.179700000000000728e+03
-8.565247799999999188e+03
-8.364243500000000495e+03
-8.321180299999999988e+03
-8.128905200000000150e+03
-7.886099299999999857e+03
-7.685401700000000346e+03
-7.574317000000000007e+03
-7.238454499999999825e+03
-6.960142799999999625e+03
-6.975179799999999886e+03
-6.588208999999999833e+03
-6.477062200000000303e+03
-6.492122000000000298e+03
-6.731259399999999914e+03
-6.855989099999999780e+03
-6.600237299999999777e+03
-6.129958599999999933e+03
-5.968865499999999884e+03
-4.957363099999999577e+03
-3.322150599999999940e+03
-1.731118400000000065e+03
8.260479900000000271e+02
3.259366899999999987e+03
5.947034899999999652e+03
7.985887099999999919e+03
9.890877399999999398e+03
1.169497400000000016e+04
1.314905800000000090e+04
1.428999500000000080e+04
1.506504999999999927e+04
1.590928199999999924e+04
1.667656399999999849e+04
1.708742900000000009e+04
1.719498099999999977e+04
1.717150100000000020e+04
1.698094700000000012e+04
1.622164999999999964e+04
1.577299400000000060e+04
1.497781799999999930e+04
1.408543599999999969e+04
1.288270299999999952e+04
1.180010000000000036e+04
1.043173799999999937e+04
8.881622199999999793e+03
7.304906699999999546e+03
6.583922599999999875e+03
4.817349799999999959e+03
4.333217499999999745e+03
4.146781899999999951e+03
3.917211600000000089e+03
3.527966899999999896e+03
3.049217799999999897e+03
3.001440700000000106e+03
2.969584100000000035e+03
2.242027000000000044e+03
1.918080799999999954e+03
1.315267399999999952e+03
4.157913800000000037e+02
-5.623085399999999936e+02
-1.595394800000000032e+03
-2.404282400000000052e+03
-3.264955699999999979e+03
-3.932958399999999983e+03
-4.916807999999999993e+03
-5.604335299999999734e+03
-6.236732799999999770e+03
-7.078474900000000162e+03
-7.301515400000000227e+03
-7.424250600000000304e+03
-7.875228699999999662e+03
-8.339049600000000282e+03
-8.367219999999999345e+03
-8.862466700000000856e+03
-9.140627300000000105e+03
-9.216325899999999820e+03
-9.450025999999999840e+03
-9.453118500000000495e+03
-9.484183499999999185e+03
-9.352906199999999444e+03
-8.836788099999999758e+03
-8.565416999999999462e+03
-8.558523100000000341e+03
-8.378911799999999857e+03
-8.476279500000000553e+03
-8.649128399999999601e+03
-8.884196400000000722e+03
-9.047094600000000355e+03
-8.729143599999999424e+03
-8.418860099999999875e+03
-8.606888899999999921e+03
-8.686972299999999450e+03
-8.230248799999999392e+03
-8.952609500000000480e+03
-9.298729400000000169e+03
-9.266844999999999345e+03
-9.239596900000000460e+03
-9.838482700000000477e+03
-8.913463499999999840e+03
-8.380608700000000681e+03
-7.326136499999999614e+03
-6.215102399999999761e+03
-4.564534999999999854e+03
-2.308459299999999985e+03
-1.198604500000000002e+02
2.059549399999999878e+03
4.948605800000000272e+03
6.881142499999999927e+03
8.571824199999999109e+03
1.058824699999999939e+04
1.174787800000000061e+04
1.274032500000000073e+04
1.350247199999999975e+04
1.440278700000000026e+04
1.455506600000000071e+04
1.487604399999999987e+04
1.502588199999999961e+04
1.476965500000000065e+04
1.478193800000000010e+04
1.370951499999999942e+04
1.258336700000000019e+04
1.112909499999999935e+04
9.819356999999999971e+03
7.603311300000000301e+03
5.539725599999999758e+03
4.572391400000000431e+03
3.779488199999999779e+03
3.065632599999999911e+03
2.438591699999999946e+03
2.151479499999999916e+03
2.134561999999999898e+03
2.266443999999999960e+03
1.940463899999999967e+03
1.629103699999999890e+03
1.178287800000000061e+03
3.810406100000000151e+02
5.154488800000000026e+01
-2.339724899999999934e+02
-7.784041099999999460e+02
-1.289005400000000009e+03
-2.022754699999999957e+03
-2.550033699999999953e+03
-3.470636199999999917e+03
-4.325509500000000116e+03
-4.464537500000000364e+03
-4.776583099999999831e+03
-5.549287299999999959e+03
-5.774131000000000313e+03
-5.556870299999999588e+03
-6.282742100000000391e+03
-6.611512300000000323e+03
-7.040536199999999553e+03
-7.195641400000000431e+03
-7.773339700000000448e+03
-7.710600199999999859e+03
-7.866117900000000191e+03
-7.944536000000000058e+03
-8.230089200000000346e+03
-8.504407300000000760e+03
-8.334770899999999529e+03
-8.614074399999999514e+03
-8.490021500000000742e+03
-7.699350099999999657e+03
-7.842107100000000173e+03
-8.166999899999999798e+03
-8.275079200000000128e+03
-8.477529899999999543e+03
-8.599159700000000157e+03
-8.094271800000000439e+03
-8.072044100000000071e+03
-7.890024400000000242e+03
-7.834541299999999865e+03
-8.170283900000000358e+03
-8.468991400000000795e+03
-8.262640100000000530e+03
-7.696298799999999574e+03
-7.393976499999999760e+03
-7.332813699999999699e+03
-5.823418700000000172e+03
-4.249431199999999990e+03
-2.143463200000000143e+03
1.031012199999999893e+03
3.657182800000000043e+03
6.839497800000000097e+03
9.604750400000000809e+03
1.219841899999999987e+04
1.447245499999999993e+04
1.629375799999999981e+04
1.720416999999999825e+04
1.802719199999999910e+04
1.855882300000000032e+04
1.892866300000000047e+04
1.866776900000000023e+04
1.872465199999999822e+04
1.819650200000000041e+04
1.800982300000000032e+04
1.771057600000000093e+04
1.758425100000000020e+04
1.663282200000000012e+04
1.574320900000000074e+04
1.492889099999999962e+04
1.432384699999999975e+04
1.311636000000000058e+04
1.152370099999999911e+04
1.025970299999999952e+04
8.663792799999999261e+03
7.890769800000000032e+03
6.651288499999999658e+03
6.243898500000000240e+03
6.258342099999999846e+03
6.201373899999999594e+03
5.767288899999999558e+03
5.515217899999999645e+03
4.561779099999999744e+03
4.929273400000000038e+03
4.233951900000000023e+03
3.603245100000000093e+03
3.234119999999999891e+03
2.553973700000000008e+03
1.775598999999999933e+03
1.489686099999999897e+03
9.557939400000000205e+02
3.348769599999999969e+01
-7.346857099999999718e+02
-1.509616899999999987e+03
-2.020807299999999941e+03
-2.806486100000000079e+03
-3.660192300000000159e+03
-3.795098100000000159e+03
-4.088136599999999817e+03
-4.162851999999999862e+03
-4.094210700000000088e+03
-4.883461400000000140e+03
-4.660606700000000274e+03
-4.957623599999999897e+03
-5.325840900000000147e+03
-5.180871600000000399e+03
-5.290338399999999638e+03
-5.756511000000000422e+03
-5.494082300000000032e+03
-5.985885199999999713e+03
-6.084712300000000141e+03
-6.280406600000000253e+03
-5.869787800000000061e+03
-6.064450700000000325e+03
-6.195506099999999606e+03
-6.350087300000000141e+03
-7.190087499999999636e+03
-7.782336699999999837e+03
-7.836521499999999833e+03
-8.225441999999999098e+03
-8.047430000000000291e+03
-8.389509899999999107e+03
-8.228316699999999400e+03
-8.166430400000000191e+03
-7.804850599999999758e+03
-6.961427499999999782e+03
-5.880860800000000381e+03
-3.587002800000000207e+03
-1.304863399999999956e+03
1.853699599999999919e+03
4.525643799999999828e+03
6.934689400000000205e+03
9.446210199999999531e+03
1.171298300000000017e+04
1.287164799999999923e+04
1.443489500000000044e+04
1.607340099999999984e+04
1.712485800000000017e+04
1.770807300000000032e+04
1.772236100000000079e+04
1.785473400000000038e+04
1.772429799999999886e+04
1.794704000000000087e+04
1.844316999999999825e+04
1.800556999999999971e+04
1.736638999999999942e+04
1.660004999999999927e+04
1.587046399999999994e+04
1.449058699999999953e+04
1.298955299999999988e+04
1.138267400000000089e+04
9.755095699999999852e+03
8.497835399999999936e+03
6.996508300000000418e+03
5.860618800000000192e+03
5.052515000000000327e+03
4.443198500000000422e+03
3.930732399999999870e+03
3.605203700000000026e+03
3.247634399999999914e+03
3.020675099999999929e+03
2.800640400000000227e+03
2.673418900000000122e+03
2.743880700000000161e+03
2.442590400000000045e+03
2.071528800000000047e+03
1.493204500000000053e+03
1.287162499999999909e+03
9.453947200000000066e+02
5.453989299999999503e+02
2.716083800000000110e+02
-2.776291699999999878e+02
-2.844533400000000256e+02
-1.009849199999999996e+03
-1.643983500000000049e+03
-2.302293999999999869e+03
-2.671777099999999791e+03
-3.470350100000000111e+03
-4.077900799999999890e+03
-4.138016899999999623e+03
-4.422350000000000364e+03
-4.286958200000000033e+03
-3.958184699999999793e+03
-4.312068500000000313e+03
-4.590148000000000138e+03
-4.014067399999999907e+03
-4.131249700000000303e+03
-4.847932300000000396e+03
-5.323710000000000036e+03
-5.664755900000000111e+03
-5.743435300000000097e+03
-5.964922599999999875e+03
-6.304124499999999898e+03
-6.394350999999999658e+03
-6.915670299999999770e+03
-6.520891400000000431e+03
-6.421859199999999873e+03
-6.143727899999999863e+03
-6.110309699999999793e+03
-6.457360700000000179e+03
-6.742301699999999983e+03
-6.728380400000000009e+03
-6.500886099999999715e+03
-6.840896899999999732e+03
-6.274838899999999740e+03
-5.510161000000000058e+03
-4.396253200000000106e+03
-2.913596799999999803e+03
-8.749667899999999463e+02
1.382979599999999891e+03
3.832349499999999807e+03
6.773996100000000297e+03
9.272868200000000797e+03
1.109602700000000004e+04
1.293873400000000038e+04
1.426485399999999936e+04
1.523079999999999927e+04
1.542280199999999968e+04
1.564217100000000028e+04
1.564744900000000052e+04
1.581795800000000054e+04
1.598857599999999911e+04
1.599421700000000055e+04
1.556865099999999984e+04
1.535222199999999975e+04
1.538484399999999914e+04
1.438413600000000042e+04
1.277982500000000073e+04
1.161527900000000045e+04
9.586832700000000841e+03
7.331815999999999804e+03
5.806646300000000338e+03
4.422718499999999949e+03
3.027642899999999827e+03
1.893000099999999975e+03
1.274411399999999958e+03
5.696914900000000443e+02
7.580454500000000451e+01
-4.436162400000000048e+02
-6.066340800000000399e+02
-9.269398499999999785e+02
-1.285993699999999990e+03
-2.030417500000000018e+03
-2.662461800000000039e+03
-3.486889200000000073e+03
-3.920106299999999919e+03
-4.448953599999999824e+03
-5.062101700000000164e+03
-5.865600900000000365e+03
-6.256012999999999920e+03
-6.546318199999999706e+03
-7.011103299999999763e+03
-7.784378099999999904e+03
-8.329408499999999549e+03
-8.335658100000000559e+03
-8.626678200000000288e+03
-9.160066600000000108e+03
-9.761885000000000218e+03
-1.008217300000000068e+04
-1.035686800000000039e+04
-1.001360499999999956e+04
-9.730409400000000460e+03
-9.673091399999999339e+03
-9.638116900000000896e+03
-9.135721299999999246e+03
-9.625001299999999901e+03
-9.556558199999999488e+03
-9.394486199999999371e+03
-8.721661400000000867e+03
-8.635222999999999956e+03
-8.548272999999999229e+03
-8.369642200000000230e+03
-8.338609500000000480e+03
-8.295283199999999852e+03
-8.373021899999999732e+03
-8.119149099999999635e+03
-8.780197099999999409e+03
-9.033719199999999546e+03
-9.041608899999999267e+03
-9.486321299999999610e+03
-9.360026599999999235e+03
-8.800932600000000093e+03
-8.716091000000000349e+03
-8.674054400000000896e+03
-8.104180900000000292e+03
-7.427629899999999907e+03
-6.477301000000000386e+03
-5.179156799999999748e+03
-2.791455199999999877e+03
5.048557400000000257e+02
3.554705100000000130e+03
7.038616600000000290e+03
1.007283499999999913e+04
1.264589500000000044e+04
1.502954299999999967e+04
1.692580600000000049e+04
1.835749599999999919e+04
1.913627400000000125e+04
1.976386000000000058e+04
1.990305800000000090e+04
2.003065100000000166e+04
1.993364800000000105e+04
1.909496199999999953e+04
1.886937900000000081e+04
1.788700999999999840e+04
1.707116200000000026e+04
1.595112000000000080e+04
1.501859100000000035e+04
1.412087700000000041e+04
1.265277599999999984e+04
1.131053100000000086e+04
1.025352299999999923e+04
9.012768599999999424e+03
7.659674200000000383e+03
6.719387499999999818e+03
6.277970699999999852e+03
6.032017600000000130e+03
5.781686200000000099e+03
5.383629700000000412e+03
5.097776499999999942e+03
5.003976099999999860e+03
5.131128499999999804e+03
4.919217800000000352e+03
4.984635900000000220e+03
4.991857500000000073e+03
5.275336299999999937e+03
4.904768500000000131e+03
5.425014799999999923e+03
5.289292199999999866e+03
5.141979699999999866e+03
5.098199400000000423e+03
5.136940899999999601e+03
4.190254700000000412e+03
3.832394499999999880e+03
3.443146000000000186e+03
2.694539800000000014e+03
2.179318900000000212e+03
1.937323300000000017e+03
1.738493600000000015e+03
1.184750700000000052e+03
2.158383599999999944e+02
2.086573500000000081e+02
-5.219888799999999947e+02
-6.817296400000000176e+02
-3.976005799999999795e+02
-4.553122000000000185e+02
-5.799291899999999487e+02
-8.039191600000000335e+02
-1.063220499999999902e+03
-1.133076099999999997e+03
-1.303424400000000105e+03
-2.153824700000000121e+03
-2.590410699999999906e+03
-2.813449200000000019e+03
-3.547438999999999851e+03
-4.152543599999999969e+03
-4.637650400000000445e+03
-4.775990499999999884e+03
-5.026969900000000052e+03
-5.576666100000000370e+03
-5.672183899999999994e+03
-6.024295100000000275e+03
-6.381591300000000047e+03
-6.832941399999999703e+03
-6.189510900000000220e+03
-5.662052899999999681e+03
-4.787174299999999675e+03
-2.978860700000000179e+03
-1.482068099999999959e+03
5.577851600000000190e+02
2.707161700000000110e+03
5.001467400000000453e+03
7.584014299999999821e+03
9.770083099999999831e+03
1.130694599999999991e+04
1.231471500000000015e+04
1.320861800000000039e+04
1.380024200000000019e+04
1.372831799999999930e+04
1.350592100000000028e+04
1.306111100000000079e+04
1.260012999999999920e+04
1.187425799999999981e+04
1.136055199999999968e+04
1.005894599999999991e+04
8.724641600000000835e+03
7.377831299999999828e+03
5.455078499999999622e+03
3.509082399999999780e+03
1.573537199999999984e+03
-1.137100099999999969e+02
-1.035805000000000064e+03
-2.835950699999999870e+03
-3.967857399999999870e+03
-4.739100000000000364e+03
-5.572573000000000320e+03
-5.866391300000000228e+03
-6.229598500000000058e+03
-6.289885900000000220e+03
-6.814984300000000076e+03
-7.616753499999999804e+03
-7.878933799999999792e+03
-7.417488400000000183e+03
-7.660388500000000022e+03
-8.013404400000000351e+03
-8.023657299999999850e+03
-7.889360999999999876e+03
-7.932350300000000061e+03
-8.364280600000000049e+03
-8.763748199999999997e+03
-9.153769899999999325e+03
-9.239331200000000536e+03
-9.612699399999999514e+03
-9.957882700000000114e+03
-9.894372699999999895e+03
-1.033947099999999955e+04
-1.057560399999999936e+04
-1.073529700000000048e+04
-1.111248600000000079e+04
-1.086740799999999945e+04
-1.086886399999999958e+04
-1.099516899999999987e+04
-1.089600100000000020e+04
-1.159591699999999946e+04
-1.167580099999999948e+04
-1.147252800000000025e+04
-1.111861499999999978e+04
-1.086039400000000023e+04
-1.047063500000000022e+04
-1.082577000000000044e+04
-1.046648699999999917e+04
-9.935802100000000792e+03
-9.830798600000000079e+03
-9.929319999999999709e+03
-1.017658400000000074e+04
-9.964630999999999403e+03
-1.002628000000000065e+04
-1.060283599999999933e+04
-1.073170900000000074e+04
-1.075061599999999999e+04
-1.036648300000000017e+04
-9.692964900000000853e+03
-9.614955500000000029e+03
-8.920795700000000579e+03
-7.882019800000000032e+03
-5.499028800000000047e+03
-2.796601599999999962e+03
2.779877399999999739e+02
3.511313900000000103e+03
6.853512399999999616e+03
1.042480800000000090e+04
1.339857999999999993e+04
1.562154900000000089e+04
1.723850000000000000e+04
1.845726599999999962e+04
1.934718000000000029e+04
1.951647100000000137e+04
1.994652300000000105e+04
1.976492599999999948e+04
1.968579699999999866e+04
1.991286400000000140e+04
1.971791200000000026e+04
1.874998600000000079e+04
1.788329400000000169e+04
1.708438999999999942e+04
1.623886199999999917e+04
1.524207200000000012e+04
1.460338199999999961e+04
1.335084599999999955e+04
1.218241200000000026e+04
1.022170999999999913e+04
8.736241099999999278e+03
6.622140999999999622e+03
5.053398500000000240e+03
3.949405799999999999e+03
3.291233799999999974e+03
2.741256199999999808e+03
2.352020399999999881e+03
1.807824800000000096e+03
1.694222500000000082e+03
1.883704400000000078e+03
1.635747399999999971e+03
9.191910000000000309e+02
6.578903699999999617e+02
-8.299936900000000151e+01
-8.604255100000000311e+02
-1.659618899999999940e+03
-2.254696300000000065e+03
-2.793192799999999806e+03
-3.611104800000000068e+03
-4.211119399999999587e+03
-5.207618499999999585e+03
-6.505279499999999643e+03
-6.930229900000000271e+03
-7.278761900000000423e+03
-7.431301699999999983e+03
-7.812577000000000226e+03
-7.786903599999999642e+03
-8.173962800000000243e+03
-8.115603399999999965e+03
-8.417145699999999124e+03
-8.452189500000000407e+03
-8.552356299999999464e+03
-8.616283799999999246e+03
-8.614457300000000032e+03
-8.579637300000000323e+03
-8.471051499999999578e+03
-8.363094199999999546e+03
-8.583867599999999584e+03
-8.489051999999999680e+03
-8.234481400000000576e+03
-8.584440099999999802e+03
-8.576659799999999450e+03
-8.079101200000000063e+03
-7.470388299999999617e+03
-7.233545000000000073e+03
-7.549287999999999556e+03
-7.410290799999999763e+03
-7.952433500000000095e+03
-8.022761499999999614e+03
-7.737599799999999959e+03
-7.412472899999999754e+03
-6.560428799999999683e+03
-4.860509000000000015e+03
-3.300544100000000071e+03
-1.381325199999999995e+03
9.889545100000000275e+02
3.765792899999999918e+03
6.874815800000000309e+03
9.828948599999999715e+03
1.192020299999999952e+04
1.353568699999999990e+04
1.520019599999999991e+04
1.656588999999999942e+04
1.747380600000000049e+04
1.868227799999999843e+04
1.952884400000000096e+04
2.033462099999999919e+04
2.053543999999999869e+04
2.083757800000000134e+04
2.085246299999999974e+04
2.063182700000000114e+04
2.024764900000000125e+04
2.015640299999999843e+04
1.937225600000000122e+04
1.865174100000000180e+04
1.769004200000000128e+04
1.671753299999999945e+04
1.510136399999999958e+04
1.391257200000000012e+04
1.227789799999999923e+04
1.104251300000000083e+04
9.659960300000000643e+03
8.601438399999999092e+03
7.943513799999999719e+03
7.730456000000000131e+03
7.607817500000000109e+03
7.510310900000000402e+03
7.624819199999999910e+03
7.287172700000000077e+03
6.632634500000000116e+03
5.861835299999999734e+03
5.436600199999999859e+03
4.900547700000000077e+03
4.129929500000000189e+03
3.147829400000000078e+03
2.269917399999999816e+03
2.240350600000000213e+03
1.793482099999999946e+03
1.834254899999999907e+03
1.521248599999999897e+03
5.208361800000000130e+02
-5.710963999999999885e+01
-5.621957599999999502e+02
-1.189749800000000050e+03
-1.548391499999999951e+03
-2.044317600000000084e+03
-2.233182999999999993e+03
-2.551043200000000070e+03
-2.748070700000000215e+03
-2.694914400000000114e+03
-2.729595499999999902e+03
-2.861950499999999920e+03
-2.918268999999999778e+03
-3.052658800000000156e+03
-2.905285400000000209e+03
-3.335389500000000226e+03
-3.535896499999999833e+03
-3.817848300000000108e+03
-4.297888799999999719e+03
-4.018537400000000162e+03
-3.743860099999999875e+03
-3.712688000000000102e+03
-3.591949999999999818e+03
-3.228096300000000156e+03
-2.792947999999999865e+03
-2.663474299999999857e+03
-3.015815900000000056e+03
-3.777879399999999805e+03
-3.498400900000000092e+03
-3.919133699999999862e+03
-3.696238499999999931e+03
-3.482667899999999918e+03
-2.495750300000000152e+03
-1.505554699999999912e+03
1.908546299999999860e+02
1.215229199999999992e+03
3.431730900000000020e+03
6.465061099999999897e+03
8.702671000000000276e+03
1.102554099999999926e+04
1.321013500000000022e+04
1.566589700000000084e+04
1.749620200000000114e+04
1.861640599999999904e+04
1.921743600000000151e+04
2.015929000000000087e+04
2.095075300000000061e+04
2.085612500000000000e+04
2.071824299999999857e+04
2.009251399999999921e+04
1.982743200000000070e+04
1.944163599999999860e+04
1.907134600000000137e+04
1.826719700000000012e+04
1.687104000000000087e+04
1.503627900000000045e+04
1.339040200000000004e+04
1.206577499999999964e+04
1.041804299999999967e+04
8.311273600000000442e+03
7.034852700000000368e+03
6.128513899999999921e+03
5.344809599999999591e+03
4.378007599999999911e+03
3.660082300000000032e+03
2.529708099999999831e+03
2.532530200000000150e+03
2.826100699999999961e+03
2.589657999999999902e+03
2.775375500000000102e+03
2.003226000000000113e+03
1.607968900000000076e+03
1.214397400000000061e+03
6.126645300000000134e+02
1.514035700000000020e+02
-7.315385199999999486e+02
-1.515098099999999931e+03
-1.722755200000000059e+03
-2.309251000000000204e+03
-2.926067700000000059e+03
-2.986172999999999774e+03
-3.256856099999999969e+03
-3.810490899999999783e+03
-4.110693699999999808e+03
-4.284471499999999651e+03
-4.843799699999999575e+03
-5.010625200000000405e+03
-5.173759799999999814e+03
-5.762629500000000007e+03
-5.663863999999999578e+03
-5.581542999999999665e+03
-5.519766999999999825e+03
-5.826396399999999630e+03
-5.658646200000000135e+03
-5.415492400000000089e+03
-5.355040100000000166e+03
-5.761167300000000068e+03
-6.048093600000000151e+03
-6.401113400000000183e+03
-6.430141599999999926e+03
-6.401516899999999623e+03
-6.390036600000000362e+03
-6.131912299999999959e+03
-6.230901600000000144e+03
-6.427891200000000026e+03
-6.241276100000000042e+03
-6.415748800000000301e+03
-6.707658800000000156e+03
-7.476763700000000426e+03
-7.949623400000000402e+03
-7.776486899999999878e+03
-7.560611700000000383e+03
-7.151251000000000204e+03
-6.597321899999999914e+03
-5.542814199999999801e+03
-4.126591699999999946e+03
-1.954349500000000035e+03
1.962441499999999905e+02
2.527311099999999897e+03
5.219759299999999712e+03
7.342565300000000207e+03
9.602948300000000017e+03
1.112936499999999978e+04
1.277186599999999999e+04
1.428851599999999962e+04
1.509886499999999978e+04
1.641601599999999962e+04
1.697971700000000055e+04
1.706466800000000148e+04
1.732145799999999872e+04
1.709381799999999930e+04
1.680556899999999951e+04
1.661973700000000099e+04
1.577226300000000083e+04
1.418376100000000042e+04
1.307496299999999974e+04
1.196324300000000039e+04
1.037142300000000068e+04
8.479040800000000672e+03
6.674863999999999578e+03
4.972102700000000368e+03
3.979587100000000191e+03
3.187320000000000164e+03
2.759262299999999868e+03
2.287445499999999811e+03
1.914966699999999946e+03
1.470450499999999920e+03
7.864998600000000124e+02
7.193713400000000320e+02
5.963132299999999759e+02
4.483117099999999766e+01
-8.117096599999999853e+02
-1.124893299999999954e+03
-1.897102699999999913e+03
-2.743783199999999852e+03
-3.149751499999999851e+03
-3.775974999999999909e+03
-4.116107200000000375e+03
-4.199801699999999983e+03
-4.165368000000000393e+03
-3.911489000000000033e+03
-3.915363899999999830e+03
-4.533311300000000301e+03
-5.189959600000000137e+03
-5.473454099999999926e+03
-5.495529499999999643e+03
-5.377929199999999582e+03
-6.010332199999999830e+03
-6.796392899999999827e+03
-7.068082300000000032e+03
-7.335993800000000192e+03
-7.523091199999999844e+03
-7.758584100000000035e+03
-8.237032699999999750e+03
-8.218296899999999368e+03
-8.695941000000000713e+03
-8.946039500000000771e+03
-9.417323800000000119e+03
-9.866629699999999502e+03
-1.012208599999999933e+04
-1.031025300000000061e+04
-1.057510399999999936e+04
-1.108177100000000064e+04
-1.138536100000000079e+04
-1.140452399999999943e+04
-1.115722899999999936e+04
-1.131187299999999959e+04
-1.188467200000000048e+04
-1.201457799999999952e+04
-1.239590500000000065e+04
-1.203323999999999978e+04
-1.193722099999999955e+04
-1.116641500000000087e+04
-1.028512600000000020e+04
-8.649684300000000803e+03
-6.483181899999999587e+03
-4.119816100000000006e+03
-1.720904600000000073e+03
8.791258599999999888e+02
3.225307600000000093e+03
5.518508100000000013e+03
7.062375100000000202e+03
9.245099500000000262e+03
1.038157099999999991e+04
1.179453399999999965e+04
1.333789400000000023e+04
1.415519399999999951e+04
1.482906699999999910e+04
1.484179099999999926e+04
1.460007699999999932e+04
1.373316599999999926e+04
1.312268399999999929e+04
1.212462199999999939e+04
1.157975699999999961e+04
1.064975300000000061e+04
9.273709999999999127e+03
7.763914200000000164e+03
5.755808799999999792e+03
5.117098299999999654e+03
4.133146200000000135e+03
2.931118500000000040e+03
2.446040500000000065e+03
2.114238100000000031e+03
1.822138500000000022e+03
1.836302799999999934e+03
1.156853200000000015e+03
1.394139200000000073e+03
1.202905799999999999e+03
8.322102599999999484e+02
6.652805499999999483e+02
3.818449400000000082e+02
1.175160400000000038e+02
-3.187895199999999818e+02
-8.233689099999999428e+01
-5.530629099999999880e+02
-1.032069300000000112e+03
-1.454034400000000005e+03
-1.185299500000000080e+03
-1.821963400000000092e+03
-1.920856500000000096e+03
-2.069295599999999922e+03
-2.990798899999999776e+03
-2.998365800000000036e+03
-3.667016000000000076e+03
-3.721147199999999884e+03
-3.953787200000000212e+03
-4.210074499999999716e+03
-4.576273199999999633e+03
-5.110451900000000023e+03
-5.605800199999999677e+03
-5.633752900000000409e+03
-5.764133600000000115e+03
-5.598784800000000359e+03
-5.449209799999999632e+03
-4.927807099999999991e+03
-4.491755400000000009e+03
-4.706907599999999547e+03
-4.549596300000000156e+03
-4.815412800000000061e+03
-4.431007800000000316e+03
-4.316142499999999927e+03
-4.320377300000000105e+03
-4.806664799999999559e+03
-4.234521700000000237e+03
-4.064916299999999865e+03
-4.143828300000000127e+03
-4.200976700000000164e+03
-4.066101799999999912e+03
-3.758254800000000159e+03
-3.560837599999999838e+03
-2.808176699999999983e+03
-2.265731200000000172e+03
-1.701818099999999959e+03
-2.007452800000000082e+02
1.896278499999999894e+03
4.582520900000000438e+03
7.280171699999999873e+03
9.622355199999999968e+03
1.226603299999999945e+04
1.430315500000000065e+04
1.622082400000000052e+04
1.782731699999999910e+04
1.899911500000000160e+04
2.015399799999999959e+04
2.013677699999999822e+04
2.072582200000000012e+04
2.070345599999999831e+04
2.112821399999999994e+04
2.051362600000000020e+04
2.050373300000000017e+04
1.986349899999999980e+04
1.943679999999999927e+04
1.866163000000000102e+04
1.798258099999999831e+04
1.704417799999999988e+04
1.570309699999999975e+04
1.440595600000000013e+04
1.287276699999999983e+04
1.133025200000000041e+04
9.947729699999999866e+03
9.169662000000000262e+03
8.363012000000000626e+03
7.496863699999999881e+03
6.874505699999999706e+03
6.393676599999999780e+03
5.488937299999999595e+03
4.964710799999999836e+03
4.883187100000000100e+03
4.325169499999999971e+03
3.925016200000000026e+03
3.358029500000000098e+03
2.678746399999999994e+03
2.331871700000000146e+03
1.817032400000000052e+03
1.004886200000000031e+03
-1.074654799999999994e+02
-3.651214400000000069e+02
-9.346384000000000469e+02
-1.224562699999999950e+03
-1.570842499999999973e+03
-2.382140600000000177e+03
-2.583250000000000000e+03
-2.284856999999999971e+03
-2.372710700000000088e+03
-2.936618399999999838e+03
-3.620461099999999988e+03
-4.228053700000000390e+03
-4.606156299999999646e+03
-4.928378099999999904e+03
-5.068536900000000060e+03
-5.204873800000000301e+03
-5.643253899999999703e+03
-5.812760400000000118e+03
-6.101704800000000432e+03
-6.062386000000000422e+03
-5.815810900000000402e+03
-6.036049899999999980e+03
-6.017672499999999673e+03
-6.454612299999999777e+03
-6.087718300000000454e+03
-6.430456600000000435e+03
-6.295615200000000186e+03
-6.667520999999999731e+03
-6.751179000000000087e+03
-7.449392799999999625e+03
-7.453070099999999911e+03
-7.808841000000000349e+03
-7.866357299999999668e+03
-7.922190200000000004e+03
-8.204607200000000375e+03
-8.192885000000000218e+03
-7.746423300000000381e+03
-6.790587400000000343e+03
-5.698475699999999961e+03
-3.659372600000000148e+03
-1.604733300000000099e+03
1.205028499999999894e+03
3.965590799999999945e+03
6.177489499999999680e+03
7.903082900000000336e+03
1.008984799999999996e+04
1.172663700000000063e+04
1.296491799999999967e+04
1.383186499999999978e+04
1.434404299999999967e+04
1.481359499999999935e+04
1.505629900000000089e+04
1.500089700000000084e+04
1.488084399999999914e+04
1.465648699999999917e+04
1.451317400000000089e+04
1.469492499999999927e+04
1.416728299999999945e+04
1.367152399999999943e+04
1.264097400000000016e+04
1.168169800000000032e+04
1.047802700000000004e+04
8.812631100000000515e+03
7.363926900000000387e+03
6.038724900000000162e+03
4.392262300000000323e+03
3.342806599999999889e+03
2.900828799999999774e+03
2.640480700000000070e+03
3.004292600000000220e+03
2.979522500000000036e+03
3.056476900000000114e+03
3.046866599999999835e+03
2.917030699999999797e+03
2.952086400000000140e+03
1.900476200000000063e+03
1.622670699999999897e+03
1.097431499999999915e+03
5.248691300000000410e+02
3.467706400000000144e+02
-7.883731899999999371e+01
-5.565522499999999582e+02
-3.407500699999999938e+02
-6.160041400000000067e+02
-6.881778600000000097e+02
-1.134256900000000087e+03
-1.173550899999999956e+03
-1.841096199999999953e+03
-2.423321100000000115e+03
-2.381676500000000033e+03
-2.982912100000000009e+03
-3.328105900000000020e+03
-4.254597799999999552e+03
-4.749278900000000249e+03
-4.942923700000000281e+03
-4.771778400000000147e+03
-5.292862600000000384e+03
-5.405051900000000387e+03
-5.309809400000000096e+03
-5.334471599999999853e+03
-5.347484599999999773e+03
-5.446326900000000023e+03
-5.701682999999999993e+03
-5.545951000000000022e+03
-5.536282900000000154e+03
-5.733992299999999886e+03
-5.826830100000000130e+03
-6.277655800000000454e+03
-6.359446600000000217e+03
-6.697654000000000451e+03
-6.903557799999999588e+03
-7.319917000000000371e+03
-7.373422300000000178e+03
-7.463692299999999705e+03
-7.587020099999999729e+03
-7.766032900000000154e+03
-7.256444499999999607e+03
-6.456550500000000284e+03
-5.478561899999999696e+03
-4.689598699999999553e+03
-3.018725500000000011e+03
-7.888018200000000206e+02
1.564492500000000064e+03
3.918284500000000207e+03
6.290926400000000285e+03
7.947992799999999988e+03
1.021184100000000035e+04
1.172360599999999977e+04
1.278401699999999983e+04
1.413278000000000065e+04
1.422330800000000090e+04
1.478594100000000071e+04
1.490100499999999920e+04
1.467377900000000045e+04
1.410411499999999978e+04
1.341916300000000047e+04
1.277948600000000079e+04
1.142993699999999990e+04
1.010109799999999996e+04
8.799444100000000617e+03
7.357734300000000076e+03
6.194411299999999756e+03
5.191598500000000058e+03
4.201584700000000339e+03
3.832756499999999960e+03
3.266017499999999927e+03
2.807148999999999887e+03
2.245496999999999844e+03
1.345898100000000113e+03
5.390232899999999745e+02
3.260597999999999956e+02
-3.419243500000000040e+02
-9.935745200000000068e+02
-1.079732700000000023e+03
-1.941609799999999950e+03
-2.603428800000000138e+03
-3.267886300000000119e+03
-3.556925600000000031e+03
-3.700257099999999809e+03
-4.292625299999999697e+03
-4.731819499999999607e+03
-4.941730800000000272e+03
-5.474866100000000188e+03
-5.820977200000000266e+03
-6.219707099999999627e+03
-6.233564400000000205e+03
-6.556953300000000127e+03
-6.871478699999999662e+03
-6.992560000000000400e+03
-7.663484800000000178e+03
-7.751597600000000057e+03
-7.995003399999999601e+03
-8.549495600000000195e+03
-9.053055399999999281e+03
-9.968035200000000259e+03
-1.055367900000000009e+04
-1.078362900000000081e+04
-1.075628900000000067e+04
-1.071612700000000041e+04
-1.078024300000000039e+04
-1.074668300000000090e+04
-1.064467000000000007e+04
-1.035292100000000028e+04
-1.015614300000000003e+04
-1.033325000000000000e+04
-1.010093300000000090e+04
-9.816502300000000105e+03
-9.873414099999999962e+03
-9.888542799999999261e+03
-9.739870199999999386e+03
-9.623127800000000207e+03
-9.345735500000000684e+03
-8.851571599999999307e+03
-8.482228199999999561e+03
-7.991136700000000019e+03
-6.701075600000000122e+03
-5.068612399999999980e+03
-3.105939499999999953e+03
-8.463133299999999508e+02
2.396528699999999844e+03
5.885325399999999718e+03
9.420571599999999307e+03
1.267675200000000041e+04
1.596410800000000017e+04
1.828232600000000093e+04
2.058948600000000079e+04
2.188025899999999820e+04
2.312537099999999919e+04
2.308372799999999916e+04
2.334267299999999886e+04
2.379645000000000073e+04
2.371002100000000064e+04
2.304546500000000015e+04
2.269852000000000044e+04
2.219133000000000175e+04
2.167996900000000096e+04
2.057203299999999945e+04
1.982095100000000093e+04
1.879160800000000017e+04
1.715161600000000180e+04
1.517097600000000057e+04
1.340073300000000017e+04
1.128178000000000065e+04
9.614025900000000547e+03
8.293259000000000015e+03
7.764111499999999978e+03
7.264360300000000279e+03
7.279342499999999745e+03
6.740655899999999747e+03
6.682132999999999811e+03
6.498883700000000317e+03
5.873227200000000266e+03
5.223282400000000052e+03
4.852208999999999833e+03
4.232263600000000224e+03
3.885940799999999854e+03
3.423372699999999895e+03
2.794454200000000128e+03
1.924267900000000054e+03
1.310266599999999926e+03
9.101470199999999977e+02
-9.694530299999999556e+01
-8.029271700000000465e+02
-1.566509800000000041e+03
-2.122049599999999828e+03
-2.084732899999999972e+03
-2.904329099999999926e+03
-3.474490800000000036e+03
-3.882157000000000153e+03
-4.342842400000000453e+03
-4.698907199999999648e+03
-5.545337499999999636e+03
-5.921662900000000263e+03
-6.357300799999999981e+03
-6.543056800000000294e+03
-6.408101700000000164e+03
-6.666007599999999911e+03
-7.014067900000000009e+03
-7.258015199999999822e+03
-7.290963499999999840e+03
-7.516603199999999561e+03
-7.897241699999999582e+03
-7.775317000000000007e+03
-7.789645700000000033e+03
-7.590064900000000307e+03
-7.688243300000000090e+03
-7.884433799999999792e+03
-8.372898400000000038e+03
-8.552523199999999633e+03
-8.345568999999999505e+03
-8.176010000000000218e+03
-7.879755500000000211e+03
-7.729944999999999709e+03
-7.586869700000000194e+03
