9.820099999999999341e+01
9.852495000000000402e+01
9.864633399999999597e+01
9.755322200000000521e+01
9.765775600000000622e+01
9.763055400000000361e+01
9.761148099999999772e+01
9.741679700000000253e+01
9.795836199999999394e+01
9.871589400000000580e+01
9.876349000000000444e+01
9.955913599999999519e+01
1.004455600000000004e+02
1.011620099999999951e+02
1.023575500000000034e+02
1.037117099999999965e+02
1.045974099999999964e+02
1.055579500000000053e+02
1.065336099999999959e+02
1.072865900000000039e+02
1.082321699999999964e+02
1.084341100000000040e+02
1.087876499999999993e+02
1.089042199999999951e+02
1.087552900000000022e+02
1.087192799999999977e+02
1.084782199999999932e+02
1.081740199999999987e+02
1.077698699999999974e+02
1.075550499999999943e+02
1.081540499999999980e+02
1.079103599999999972e+02
1.075995199999999983e+02
1.061286800000000028e+02
1.046293900000000008e+02
1.037606700000000046e+02
1.025717999999999961e+02
1.012961600000000004e+02
1.001995299999999958e+02
9.847464100000000542e+01
9.642625400000000013e+01
9.382269999999999754e+01
9.108016100000000392e+01
8.861430599999999913e+01
8.717427299999999946e+01
8.657360699999999554e+01
8.741466300000000444e+01
8.796832600000000468e+01
8.810678299999999297e+01
8.830276700000000289e+01
8.847974899999999820e+01
8.993766499999999553e+01
9.066177600000000325e+01
9.122073399999999310e+01
9.200180799999999692e+01
9.219400199999999757e+01
9.239335699999999463e+01
9.282915599999999756e+01
9.294819699999999330e+01
9.255251800000000628e+01
9.142496099999999615e+01
9.135466099999999301e+01
9.064878199999999708e+01
8.959886199999999690e+01
8.884189700000000300e+01
8.775716099999999642e+01
8.639327299999999354e+01
8.569220099999999718e+01
8.475025899999999979e+01
8.436366399999999999e+01
8.411824699999999666e+01
8.328582400000000519e+01
8.332934199999999691e+01
8.320589099999999405e+01
8.353157199999999705e+01
8.400258900000000040e+01
8.398522400000000232e+01
8.365310300000000154e+01
8.367725500000000238e+01
8.363288699999999665e+01
8.346769999999999357e+01
8.266048399999999674e+01
8.256369300000000067e+01
8.226978300000000388e+01
8.270653500000000236e+01
8.273592299999999966e+01
8.256781800000000260e+01
8.242680799999999408e+01
8.193366600000000233e+01
8.142806500000000369e+01
8.102675999999999590e+01
8.083467699999999923e+01
8.092895000000000039e+01
8.096086200000000588e+01
8.029521300000000394e+01
8.033707900000000279e+01
8.015864200000000039e+01
7.930404900000000623e+01
7.830913999999999930e+01
7.788635100000000477e+01
7.803559500000000071e+01
7.819822299999999871e+01
7.747601600000000133e+01
7.736800499999999658e+01
7.708300599999999747e+01
7.727669000000000210e+01
7.697961100000000556e+01
7.736401700000000403e+01
7.642503899999999817e+01
7.551034500000000094e+01
7.552518100000000345e+01
7.537097500000000139e+01
7.508839000000000397e+01
7.466793400000000247e+01
7.434533100000000161e+01
7.373259500000000344e+01
7.339862999999999715e+01
7.313395699999999522e+01
7.262981700000000274e+01
7.228328899999999635e+01
7.188250999999999635e+01
7.081092499999999745e+01
7.039066900000000260e+01
7.011820099999999911e+01
6.993582899999999825e+01
6.996433100000000138e+01
6.909078100000000688e+01
6.899167300000000580e+01
6.849296800000000474e+01
6.843631700000000251e+01
6.849757700000000682e+01
6.861792699999999456e+01
6.856126299999999674e+01
6.814820500000000436e+01
6.813825799999999333e+01
6.748729600000000062e+01
6.711722199999999816e+01
6.709676199999999824e+01
6.672978299999999763e+01
6.739492099999999652e+01
6.722994900000000484e+01
6.792681100000000072e+01
6.834587500000000659e+01
6.909345000000000425e+01
7.042591500000000337e+01
7.281161400000000583e+01
7.452123699999999928e+01
7.696159000000000106e+01
7.961098499999999945e+01
8.199578700000000708e+01
8.408802400000000432e+01
8.586529699999999821e+01
8.706579800000000091e+01
8.863008499999999401e+01
8.935124799999999823e+01
9.045799499999999682e+01
9.059762100000000373e+01
9.056679200000000662e+01
9.017994400000000610e+01
9.055111499999999580e+01
9.063869200000000603e+01
9.015331799999999873e+01
9.014792699999999570e+01
8.987589499999999987e+01
9.025029000000000678e+01
9.020339500000000044e+01
9.036895900000000381e+01
9.080725099999999372e+01
9.152892099999999687e+01
9.152298399999999390e+01
9.180050099999999702e+01
9.237276699999999607e+01
9.385982900000000484e+01
9.487051800000000412e+01
9.581141800000000330e+01
9.647451800000000333e+01
9.683571299999999837e+01
9.766638199999999870e+01
9.831831499999999835e+01
9.882076299999999947e+01
9.916926300000000083e+01
9.866666499999999473e+01
9.786465499999999906e+01
9.757267899999999372e+01
9.728781700000000399e+01
9.679409599999999614e+01
9.633846200000000692e+01
9.599511800000000505e+01
9.516985400000000084e+01
9.479743799999999965e+01
9.391015000000000157e+01
9.299810200000000293e+01
9.141619000000000028e+01
8.986469900000000166e+01
8.762928100000000597e+01
8.499257099999999809e+01
8.247932500000000289e+01
8.022173200000000293e+01
7.847932299999999373e+01
7.839828300000000638e+01
7.949249399999999355e+01
8.065502499999999486e+01
8.159096499999999708e+01
8.200142800000000420e+01
8.296470200000000261e+01
8.401167100000000687e+01
8.482230599999999754e+01
8.572305199999999559e+01
8.639753199999999822e+01
8.701145800000000463e+01
8.755649699999999314e+01
8.781624100000000510e+01
8.767476399999999614e+01
8.757261099999999487e+01
8.733400199999999813e+01
8.628278699999999901e+01
8.597347100000000353e+01
8.521281600000000367e+01
8.429473900000000697e+01
8.344076599999999644e+01
8.330700299999999459e+01
8.304362799999999822e+01
8.270022000000000162e+01
8.182460799999999779e+01
8.104427400000000148e+01
8.037360400000000027e+01
8.049040700000000470e+01
8.047269699999999659e+01
8.032040999999999542e+01
8.041821000000000197e+01
8.041171799999999337e+01
8.048200400000000343e+01
8.086742200000000480e+01
8.153041600000000244e+01
8.213584600000000080e+01
8.231362599999999929e+01
8.249784400000000062e+01
8.226146300000000622e+01
8.228495499999999652e+01
8.200216899999999498e+01
8.168529800000000307e+01
8.117044400000000337e+01
8.065841399999999339e+01
8.023025400000000218e+01
8.027110100000000159e+01
7.986257299999999759e+01
7.943781099999999640e+01
7.896604000000000667e+01
7.859418800000000260e+01
7.832905499999999677e+01
7.771754599999999868e+01
7.728651999999999589e+01
7.730665199999999970e+01
7.737102899999999295e+01
7.742493600000000242e+01
7.683518700000000479e+01
7.637378900000000215e+01
7.640705400000000225e+01
7.627125900000000058e+01
7.629869100000000515e+01
7.589764399999999966e+01
7.576421999999999457e+01
7.574232800000000054e+01
7.512605600000000550e+01
7.471201000000000647e+01
7.438092799999999727e+01
7.429824499999999432e+01
7.369869199999999410e+01
7.349250399999999672e+01
7.338278599999999585e+01
7.266495000000000459e+01
7.225435400000000641e+01
7.153705300000000022e+01
7.090332600000000696e+01
7.095396300000000167e+01
7.059027700000000038e+01
7.095942599999999345e+01
7.051643300000000636e+01
7.005964199999999664e+01
6.978840900000000147e+01
6.982578700000000538e+01
7.023875300000000266e+01
7.045206500000000460e+01
6.996445099999999684e+01
6.983713099999999940e+01
6.946462699999999302e+01
6.902869499999999903e+01
6.856845500000000015e+01
6.845714800000000366e+01
6.841198699999999633e+01
6.855273499999999842e+01
6.779369099999999548e+01
6.768496000000000379e+01
6.713885000000000502e+01
6.787274800000000141e+01
6.804734600000000455e+01
6.868866599999999778e+01
7.034482500000000016e+01
7.190696300000000463e+01
7.410119699999999909e+01
7.680652200000000107e+01
7.902898000000000422e+01
8.147184500000000185e+01
8.330236200000000224e+01
8.497090000000000032e+01
8.640320499999999981e+01
8.753779900000000680e+01
8.891494699999999796e+01
8.998483500000000390e+01
9.043907199999999591e+01
9.096630399999999383e+01
9.112661699999999598e+01
9.160036100000000658e+01
9.158435500000000218e+01
9.212409399999999948e+01
9.203694600000000037e+01
9.233611799999999903e+01
9.216628400000000454e+01
9.184824600000000316e+01
9.203136000000000649e+01
9.149591100000000665e+01
9.215975699999999904e+01
9.276055399999999906e+01
9.336375900000000172e+01
9.426107100000000116e+01
9.427276200000000017e+01
9.545142099999999630e+01
9.599280899999999406e+01
9.656925099999999418e+01
9.768547800000000336e+01
9.899888799999999378e+01
9.916288099999999872e+01
9.952422799999999370e+01
9.947313499999999920e+01
9.983393100000000686e+01
9.991961499999999319e+01
1.001053100000000029e+02
9.997084900000000118e+01
9.961290400000000034e+01
9.918200699999999870e+01
9.812329499999999882e+01
9.768853799999999410e+01
9.772659799999999564e+01
9.718632300000000157e+01
9.701626600000000167e+01
9.581676099999999963e+01
9.469769499999999596e+01
9.357542499999999563e+01
9.115117600000000664e+01
8.868720500000000584e+01
8.574970600000000331e+01
8.314800400000000025e+01
8.177756300000000067e+01
8.180954199999999332e+01
8.200343900000000019e+01
8.329434600000000444e+01
8.419410700000000247e+01
8.491883799999999383e+01
8.535142000000000451e+01
8.594512400000000696e+01
8.686203399999999419e+01
8.768242700000000411e+01
8.869870099999999979e+01
8.839378399999999658e+01
8.905868300000000204e+01
8.898984900000000664e+01
8.886376300000000583e+01
8.845542899999999520e+01
8.826358899999999608e+01
8.798941299999999899e+01
8.770280200000000548e+01
8.736075599999999497e+01
8.669333299999999554e+01
8.574274200000000690e+01
8.469307799999999986e+01
8.350915999999999428e+01
8.303551099999999963e+01
8.245704299999999876e+01
8.155379499999999382e+01
8.153613900000000569e+01
8.067447300000000610e+01
8.039097900000000152e+01
8.028607499999999675e+01
8.048872400000000482e+01
8.058368199999999604e+01
7.992292799999999886e+01
7.988296800000000530e+01
7.969053200000000459e+01
7.950082299999999691e+01
7.961413100000000043e+01
7.970087900000000047e+01
7.974869999999999948e+01
7.974677900000000363e+01
7.929826199999999403e+01
7.879211100000000556e+01
7.797926099999999394e+01
7.820652699999999413e+01
7.758391899999999453e+01
7.767282000000000153e+01
7.760698800000000119e+01
7.742269400000000701e+01
7.728806000000000154e+01
7.670338700000000642e+01
7.644854100000000585e+01
7.588973599999999919e+01
7.596658299999999997e+01
7.548144100000000378e+01
7.552297900000000652e+01
7.524251700000000653e+01
7.542470199999999636e+01
7.538024299999999300e+01
7.497353099999999415e+01
7.447814800000000446e+01
7.463253400000000681e+01
7.469403099999999540e+01
7.392484699999999975e+01
7.386443900000000440e+01
7.358160700000000531e+01
7.333368799999999510e+01
7.299555499999999597e+01
7.329598300000000677e+01
7.358363500000000101e+01
7.301095100000000571e+01
7.260399900000000173e+01
7.274351799999999457e+01
7.280213600000000440e+01
7.256422700000000248e+01
7.229778600000000210e+01
7.199728000000000350e+01
7.213381499999999846e+01
7.147724800000000300e+01
7.158070999999999628e+01
7.073890699999999754e+01
7.101165799999999706e+01
7.127302000000000248e+01
7.067610399999999515e+01
7.093130100000000482e+01
7.125772600000000523e+01
7.084872699999999668e+01
7.064396100000000445e+01
7.045329999999999870e+01
7.068107100000000287e+01
7.065029400000000237e+01
7.005527299999999968e+01
6.980762799999999402e+01
6.950884899999999789e+01
7.028099400000000685e+01
6.992202899999999488e+01
7.057071399999999528e+01
7.071924099999999669e+01
7.194220900000000540e+01
7.354320699999999533e+01
7.572948999999999842e+01
7.812179000000000428e+01
8.081293200000000354e+01
8.259119099999999492e+01
8.488155500000000586e+01
8.688169000000000608e+01
8.864573199999999531e+01
8.996172400000000380e+01
9.129108600000000706e+01
9.227357499999999391e+01
9.326489300000000071e+01
9.396552300000000457e+01
9.354479299999999853e+01
9.359390999999999394e+01
9.395002599999999404e+01
9.345253599999999494e+01
9.353990899999999442e+01
9.313475699999999335e+01
9.361359099999999955e+01
9.331702500000000100e+01
9.289130000000000109e+01
9.399125100000000543e+01
9.441594800000000021e+01
9.524203300000000638e+01
9.586560900000000629e+01
9.653036299999999414e+01
9.736360000000000525e+01
9.830453199999999470e+01
9.916685499999999820e+01
1.000736299999999943e+02
1.008326299999999947e+02
1.013474999999999966e+02
1.022414600000000036e+02
1.027627200000000016e+02
1.034415300000000002e+02
1.038830200000000019e+02
1.038241600000000062e+02
1.037170500000000004e+02
1.037417700000000025e+02
1.039370700000000056e+02
1.032655100000000061e+02
1.025866999999999933e+02
1.021058000000000021e+02
1.012819400000000059e+02
1.008047600000000017e+02
9.980009300000000394e+01
9.919010299999999347e+01
9.789737700000000586e+01
9.687507399999999791e+01
9.532123300000000654e+01
9.379143100000000288e+01
9.224013700000000426e+01
9.008297699999999963e+01
8.741635100000000591e+01
8.500883899999999471e+01
8.282992299999999375e+01
8.202410700000000077e+01
8.260142500000000609e+01
8.418037499999999795e+01
8.511024600000000362e+01
8.561666700000000674e+01
8.570293399999999906e+01
8.578353199999999390e+01
8.709363600000000361e+01
8.833313499999999863e+01
8.912708100000000400e+01
8.984138000000000090e+01
9.006968999999999426e+01
9.014689099999999655e+01
9.005819900000000189e+01
9.007357199999999864e+01
8.986993599999999560e+01
8.906556500000000653e+01
8.866154899999999373e+01
8.766349800000000414e+01
8.705973799999999585e+01
8.639718499999999324e+01
8.576936800000000005e+01
8.448956300000000397e+01
8.405375999999999692e+01
8.325024899999999661e+01
8.316855499999999779e+01
8.304650800000000288e+01
8.223045700000000124e+01
8.212087499999999807e+01
8.192006299999999896e+01
8.148059700000000305e+01
8.149664699999999584e+01
8.145515799999999729e+01
8.124810999999999694e+01
8.132771499999999776e+01
8.188470599999999422e+01
8.219514999999999816e+01
8.263437199999999905e+01
8.265619399999999928e+01
8.269992399999999577e+01
8.238255399999999895e+01
8.217518300000000409e+01
8.203781700000000399e+01
8.160666700000000162e+01
8.097586400000000140e+01
8.116116599999999437e+01
8.062866699999999298e+01
8.069297699999999907e+01
8.022614099999999837e+01
7.983437000000000694e+01
7.986555599999999799e+01
7.957570300000000429e+01
7.941740799999999467e+01
7.930707599999999502e+01
7.892768900000000087e+01
7.898947200000000635e+01
7.893474500000000660e+01
7.865993400000000690e+01
7.850515599999999949e+01
7.773331100000000049e+01
7.723545799999999417e+01
7.663205600000000572e+01
7.644495799999999974e+01
7.627939800000000048e+01
7.600346100000000149e+01
7.590194900000000189e+01
7.578744299999999612e+01
7.569490100000000155e+01
7.509145999999999788e+01
7.487712199999999996e+01
7.448299000000000092e+01
7.434653000000000134e+01
7.389666300000000376e+01
7.360846100000000547e+01
7.282833700000000476e+01
7.282428600000000074e+01
7.196185599999999738e+01
7.160609100000000637e+01
7.152536200000000122e+01
7.078900000000000148e+01
7.095666799999999341e+01
7.121327100000000598e+01
7.117878100000000074e+01
7.135045800000000327e+01
7.120801000000000158e+01
7.067594300000000374e+01
7.022975599999999474e+01
6.972673500000000502e+01
6.943415299999999490e+01
6.952005099999999516e+01
6.876848900000000242e+01
6.856601200000000063e+01
6.869672799999999313e+01
6.873431800000000180e+01
6.911503700000000094e+01
7.010482700000000023e+01
7.055353300000000161e+01
7.198167800000000227e+01
7.355663599999999747e+01
7.600476799999999855e+01
7.810374500000000353e+01
8.060019200000000694e+01
8.352782600000000457e+01
8.550754899999999736e+01
8.691709099999999921e+01
8.862257999999999925e+01
9.014130699999999763e+01
9.111617099999999425e+01
9.237652799999999331e+01
9.329649299999999812e+01
9.344853799999999922e+01
9.384229899999999702e+01
9.435529200000000571e+01
9.435527299999999684e+01
9.459977999999999554e+01
9.427153500000000008e+01
9.435239500000000135e+01
9.400039200000000505e+01
9.382982400000000212e+01
9.430326700000000528e+01
9.417815799999999626e+01
9.530934000000000594e+01
9.572494100000000117e+01
9.617459900000000061e+01
9.689137900000000059e+01
9.802258399999999483e+01
9.880173800000000028e+01
9.958300400000000252e+01
9.992014600000000257e+01
1.009535599999999960e+02
1.023625700000000052e+02
1.033136300000000034e+02
1.034702599999999961e+02
1.040439400000000063e+02
1.039475099999999941e+02
1.043757200000000012e+02
1.040765200000000021e+02
1.044297399999999953e+02
1.039338599999999957e+02
1.036149999999999949e+02
1.033417299999999983e+02
1.030457700000000045e+02
1.026576100000000054e+02
1.018319999999999936e+02
1.010254599999999954e+02
1.004793300000000045e+02
9.942429400000000328e+01
9.838707800000000248e+01
9.716478800000000149e+01
9.518320599999999843e+01
9.322303100000000597e+01
9.101717700000000377e+01
8.847118500000000552e+01
8.601115599999999972e+01
8.478500400000000070e+01
8.432525599999999599e+01
8.529703200000000152e+01
8.576695200000000341e+01
8.648652800000000695e+01
8.723237000000000307e+01
8.785609599999999375e+01
8.888427699999999732e+01
8.965632499999999538e+01
9.039773800000000392e+01
9.098744399999999644e+01
9.168660800000000677e+01
9.228206500000000290e+01
9.204582600000000525e+01
9.191320100000000082e+01
9.181016200000000538e+01
9.143044000000000437e+01
9.138182399999999461e+01
9.002312600000000486e+01
8.962205799999999556e+01
8.933819900000000302e+01
8.841782200000000103e+01
8.686319699999999955e+01
8.566860400000000197e+01
8.555038399999999399e+01
8.546354499999999632e+01
8.477101299999999640e+01
8.398850500000000352e+01
8.310834499999999991e+01
8.343533700000000408e+01
8.351221900000000176e+01
8.352482799999999941e+01
8.328561600000000453e+01
8.381741599999999437e+01
8.337825700000000495e+01
8.325298700000000451e+01
8.307764600000000144e+01
8.318905399999999872e+01
8.318112700000000359e+01
8.265203999999999951e+01
8.255047199999999918e+01
8.229029599999999789e+01
8.214077500000000498e+01
8.160943600000000231e+01
8.159817499999999768e+01
8.092210699999999690e+01
8.070781999999999812e+01
7.984606200000000342e+01
7.973061699999999519e+01
7.950040500000000065e+01
7.868295899999999676e+01
7.795671600000000012e+01
7.773426600000000519e+01
7.730442800000000148e+01
7.742841099999999699e+01
7.690293599999999685e+01
7.646229099999999335e+01
7.584033900000000017e+01
7.550944699999999443e+01
7.488523700000000360e+01
7.474564399999999864e+01
7.435031100000000492e+01
7.401287999999999556e+01
7.372518499999999619e+01
7.339248600000000522e+01
7.316520699999999522e+01
7.300062900000000354e+01
7.292139600000000144e+01
7.271287700000000598e+01
7.270894099999999582e+01
7.225450200000000223e+01
7.163733499999999310e+01
7.113027700000000664e+01
7.142175500000000454e+01
7.124733799999999917e+01
7.085989299999999957e+01
7.004799599999999771e+01
6.967200300000000368e+01
6.965506700000000251e+01
6.966926300000000083e+01
6.903336199999999678e+01
6.877451999999999543e+01
6.870594400000000235e+01
6.881862200000000485e+01
6.821415799999999763e+01
6.774896099999999421e+01
6.773331699999999955e+01
6.735631100000000515e+01
6.714836900000000242e+01
6.676266400000000090e+01
6.672802599999999984e+01
6.654883200000000443e+01
6.691917599999999311e+01
6.716197800000000484e+01
6.766096000000000288e+01
6.819200899999999876e+01
6.877329500000000451e+01
6.983146399999999687e+01
7.202625700000000109e+01
7.414285700000000645e+01
7.609779600000000244e+01
7.843724199999999769e+01
8.101469099999999912e+01
8.310395800000000577e+01
8.498426800000000014e+01
8.675174199999999303e+01
8.880239299999999503e+01
9.050427200000000028e+01
9.132692600000000027e+01
9.215022700000000100e+01
9.303249599999999475e+01
9.328657099999999502e+01
9.329626399999999364e+01
9.347014000000000067e+01
9.379007599999999911e+01
9.419987299999999664e+01
9.394805900000000065e+01
9.421899799999999914e+01
9.433795399999999631e+01
9.456291899999999373e+01
9.462862800000000618e+01
9.523245099999999752e+01
9.608565799999999513e+01
9.683462299999999345e+01
9.702492800000000273e+01
9.841562700000000063e+01
9.876508900000000324e+01
9.986032299999999395e+01
1.008541400000000010e+02
1.019496199999999959e+02
1.026837600000000066e+02
1.038840200000000067e+02
1.048184399999999954e+02
1.053836900000000014e+02
1.056931199999999933e+02
1.052406399999999991e+02
1.057050600000000031e+02
1.057588400000000064e+02
1.060067999999999984e+02
1.059585199999999929e+02
1.051156699999999944e+02
1.050740399999999966e+02
1.042125800000000027e+02
1.038815900000000028e+02
1.033502799999999979e+02
1.024533399999999972e+02
1.018286999999999978e+02
1.008805499999999995e+02
1.003345199999999977e+02
9.834407199999999705e+01
9.657448499999999569e+01
9.455954199999999332e+01
9.169095699999999738e+01
8.906439899999999454e+01
8.768218600000000151e+01
8.722038799999999981e+01
8.708839600000000303e+01
8.775216199999999844e+01
8.835637699999999484e+01
8.921441799999999489e+01
9.010970700000000022e+01
9.061533099999999763e+01
9.174942199999999559e+01
9.207572500000000559e+01
9.212815600000000416e+01
9.231277199999999539e+01
9.252241399999999771e+01
9.322402400000000000e+01
9.327709900000000687e+01
9.290329699999999491e+01
9.291717400000000282e+01
9.215068200000000331e+01
9.155851199999999324e+01
9.058969999999999345e+01
8.925152099999999677e+01
8.848359499999999400e+01
8.748411199999999610e+01
8.691036900000000287e+01
8.629418800000000545e+01
8.540512400000000071e+01
8.470708100000000229e+01
8.436016700000000412e+01
8.356042399999999759e+01
8.333794199999999819e+01
8.289633200000000102e+01
8.255244399999999416e+01
8.329850799999999822e+01
8.326370099999999752e+01
8.318160899999999458e+01
8.343307400000000484e+01
8.310572500000000673e+01
8.325544600000000628e+01
8.291820400000000291e+01
8.326315099999999347e+01
8.254884300000000508e+01
8.237192699999999945e+01
8.255445699999999931e+01
8.178246099999999785e+01
8.143590399999999363e+01
8.060250299999999868e+01
8.057769799999999805e+01
7.950346100000000149e+01
7.896640499999999463e+01
7.864743900000000565e+01
7.823365300000000389e+01
7.796594100000000083e+01
7.728079900000000180e+01
7.709307800000000555e+01
7.681666099999999631e+01
7.673640100000000075e+01
7.673480000000000700e+01
7.611249899999999968e+01
7.566883500000000140e+01
7.584180100000000380e+01
7.584720699999999738e+01
7.565057099999999934e+01
7.594590399999999875e+01
7.581130199999999775e+01
7.530971800000000371e+01
7.510246800000000178e+01
7.475640099999999677e+01
7.451452799999999854e+01
7.470064899999999852e+01
7.445524899999999491e+01
7.397293600000000424e+01
7.425988300000000208e+01
7.386329200000000128e+01
7.316945300000000429e+01
7.274666799999999967e+01
7.230901699999999721e+01
7.169716999999999985e+01
7.145886299999999380e+01
7.087867300000000625e+01
7.100618900000000622e+01
7.094840200000000152e+01
7.137352699999999572e+01
7.149666799999999967e+01
7.113723099999999988e+01
7.104447000000000401e+01
7.110057100000000219e+01
7.053715699999999345e+01
7.019809600000000671e+01
7.035514100000000326e+01
7.063060799999999517e+01
7.017301100000000247e+01
7.027236100000000363e+01
6.917204900000000123e+01
6.881966599999999801e+01
6.905917499999999620e+01
6.977766099999999483e+01
7.083268200000000547e+01
7.203456300000000567e+01
7.424156000000000688e+01
7.667633999999999617e+01
7.945345399999999358e+01
8.219522499999999354e+01
8.432994499999999505e+01
8.695875599999999395e+01
8.949056899999999359e+01
9.154592499999999688e+01
9.312696200000000601e+01
9.391337599999999952e+01
9.497912599999999372e+01
9.607854100000000130e+01
9.602460800000000063e+01
9.616488400000000070e+01
9.634289699999999357e+01
9.640714400000000239e+01
9.623735800000000040e+01
9.622151700000000574e+01
9.624438100000000418e+01
9.632593599999999867e+01
9.654710599999999943e+01
9.606835399999999936e+01
9.625736600000000465e+01
9.706605700000000070e+01
9.736222200000000271e+01
9.832304800000000000e+01
9.939166799999999569e+01
1.000578200000000066e+02
1.010063200000000023e+02
1.019515399999999943e+02
1.028721400000000017e+02
1.036795400000000029e+02
1.046587999999999994e+02
1.056632900000000035e+02
1.066756699999999967e+02
1.076466800000000035e+02
1.081379199999999940e+02
1.085692999999999984e+02
1.081777799999999985e+02
1.079044399999999939e+02
1.074793599999999998e+02
1.067685100000000062e+02
1.062773399999999953e+02
1.051740099999999956e+02
1.048491300000000024e+02
1.045862699999999990e+02
1.038387900000000030e+02
1.028608399999999961e+02
1.019779199999999975e+02
1.014609099999999984e+02
1.004926600000000008e+02
9.962927999999999429e+01
9.816329399999999339e+01
9.650647999999999627e+01
9.407550600000000429e+01
9.138321999999999434e+01
8.878721000000000174e+01
8.665872500000000400e+01
8.603899099999999578e+01
8.642903099999999483e+01
8.686791499999999644e+01
8.716604200000000446e+01
8.723623299999999858e+01
8.770093599999999867e+01
8.821809399999999357e+01
8.907630899999999485e+01
9.009902300000000253e+01
9.074412100000000692e+01
9.136163399999999513e+01
9.144940300000000377e+01
9.168370500000000334e+01
9.137488700000000108e+01
9.163850399999999752e+01
9.102248799999999562e+01
9.036553399999999669e+01
8.960007799999999634e+01
8.874181000000000097e+01
8.836455499999999574e+01
8.741205999999999676e+01
8.675913900000000467e+01
8.636512199999999950e+01
8.570418200000000297e+01
8.502140699999999640e+01
8.425273300000000631e+01
8.337724000000000046e+01
8.278236699999999360e+01
8.214741200000000276e+01
8.184626199999999585e+01
8.161123600000000522e+01
8.160176199999999369e+01
8.187512700000000621e+01
8.209392099999999459e+01
8.229726599999999337e+01
8.247845599999999422e+01
8.278165099999999654e+01
8.315239300000000355e+01
8.305562999999999363e+01
8.305559399999999926e+01
8.271128899999999362e+01
8.262636200000000031e+01
8.231226499999999646e+01
8.208973899999999446e+01
8.201401400000000308e+01
8.194209999999999638e+01
8.148415300000000627e+01
8.136722100000000069e+01
8.103521200000000135e+01
8.076971399999999335e+01
8.056785700000000361e+01
8.005755000000000621e+01
7.940680600000000311e+01
7.933283000000000129e+01
7.935302099999999825e+01
7.911714800000000025e+01
7.885675600000000429e+01
7.825336099999999817e+01
7.757022499999999354e+01
7.690740800000000377e+01
7.638010800000000700e+01
7.584927199999999914e+01
7.556468700000000638e+01
7.522780199999999695e+01
7.512836900000000639e+01
7.455866699999999980e+01
7.483731099999999969e+01
7.426561599999999430e+01
7.404437099999999816e+01
7.364997499999999775e+01
7.342013000000000034e+01
7.317641600000000324e+01
7.299935600000000591e+01
7.238555200000000411e+01
7.139063500000000317e+01
7.090759199999999396e+01
7.054149900000000173e+01
7.005119700000000194e+01
6.957948500000000536e+01
6.902000800000000424e+01
6.876249099999999714e+01
6.906435100000000205e+01
6.957882700000000398e+01
6.953159999999999741e+01
6.988945999999999970e+01
6.965186799999999323e+01
6.939176000000000499e+01
6.936721699999999657e+01
6.937582100000000196e+01
6.958995299999999418e+01
6.938557500000000289e+01
6.974565300000000434e+01
6.983344499999999755e+01
7.019013699999999290e+01
7.000150499999999454e+01
7.047904200000000685e+01
7.179972399999999766e+01
7.352650500000000022e+01
7.600463799999999992e+01
7.851926299999999515e+01
8.075593200000000138e+01
8.297757900000000575e+01
8.534158100000000502e+01
8.768602599999999825e+01
8.988861099999999738e+01
9.188914200000000676e+01
9.338047899999999402e+01
9.429549799999999493e+01
9.577488800000000424e+01
9.669347799999999893e+01
9.707749900000000309e+01
9.738927599999999529e+01
9.730562500000000625e+01
9.717619999999999436e+01
9.682484900000000039e+01
9.649524300000000210e+01
9.676085700000000145e+01
9.655345599999999706e+01
9.660818399999999428e+01
9.677411499999999478e+01
9.690435200000000293e+01
9.660798800000000597e+01
9.677375399999999672e+01
9.794852500000000362e+01
9.850875800000000027e+01
9.933751800000000287e+01
1.003339799999999968e+02
1.011633099999999956e+02
1.022810999999999950e+02
1.031567000000000007e+02
1.044636899999999997e+02
1.053829599999999971e+02
1.057326000000000050e+02
1.059157799999999980e+02
1.064583599999999990e+02
1.067677699999999987e+02
1.068446799999999968e+02
1.073602900000000062e+02
1.070336700000000008e+02
1.064826599999999956e+02
1.061268100000000061e+02
1.055133600000000058e+02
1.049997400000000027e+02
1.038903799999999933e+02
1.028976799999999940e+02
1.023560800000000057e+02
1.016238400000000013e+02
1.006071299999999979e+02
9.899827299999999752e+01
9.767565399999999443e+01
9.609935299999999359e+01
9.382236199999999826e+01
9.119887500000000102e+01
8.875339200000000517e+01
8.643340200000000095e+01
8.553757400000000644e+01
8.537478000000000122e+01
8.577702899999999886e+01
8.699575699999999756e+01
8.749998899999999935e+01
8.818275599999999770e+01
8.896952600000000189e+01
8.933256000000000085e+01
9.048236799999999391e+01
9.199617800000000045e+01
9.303550500000000056e+01
9.323313899999999421e+01
9.325145899999999699e+01
9.275143300000000579e+01
9.303546400000000460e+01
9.238701899999999512e+01
9.195514699999999664e+01
9.170756599999999992e+01
9.136514400000000080e+01
9.067475299999999550e+01
9.002666399999999669e+01
8.986774900000000343e+01
8.923568000000000211e+01
8.896205799999999897e+01
8.833601099999999917e+01
8.768237700000000245e+01
8.683766599999999869e+01
8.626570499999999697e+01
8.593444999999999823e+01
8.536653800000000558e+01
8.505562299999999709e+01
8.463179800000000341e+01
8.434257599999999400e+01
8.411645900000000609e+01
8.425908400000000142e+01
8.476680299999999590e+01
8.482488399999999729e+01
8.542073800000000006e+01
8.509431600000000628e+01
8.535781400000000474e+01
8.533678899999999601e+01
8.484571800000000508e+01
8.444025399999999593e+01
8.450567399999999907e+01
8.434466999999999359e+01
8.368059200000000430e+01
8.320148899999999514e+01
8.295097400000000221e+01
8.246580199999999650e+01
8.227915900000000704e+01
8.181955800000000067e+01
8.171377800000000491e+01
8.118898500000000240e+01
8.125748900000000674e+01
8.072890400000000000e+01
8.049733799999999917e+01
7.967918400000000645e+01
7.940468699999999558e+01
7.972131299999999499e+01
7.944614900000000546e+01
7.893319300000000283e+01
7.874111899999999764e+01
7.903923000000000343e+01
7.886423200000000122e+01
7.916417800000000682e+01
7.921454599999999857e+01
7.959514500000000226e+01
7.953061200000000497e+01
7.956813699999999301e+01
7.933545100000000616e+01
7.925732299999999952e+01
7.916207799999999395e+01
7.819572200000000350e+01
7.819934700000000305e+01
7.728360499999999433e+01
7.678724699999999359e+01
7.627530299999999386e+01
7.596462300000000312e+01
7.576038800000000606e+01
7.579449300000000278e+01
7.588186199999999815e+01
7.633754700000000071e+01
7.612060300000000268e+01
7.575751099999999383e+01
7.510939100000000224e+01
7.439162899999999468e+01
7.345603699999999492e+01
7.278145800000000065e+01
7.185810800000000143e+01
7.127109099999999842e+01
7.064893200000000206e+01
7.040733600000000081e+01
7.011706200000000422e+01
7.012703000000000486e+01
6.962009700000000123e+01
6.968845399999999302e+01
7.012704300000000046e+01
7.100518900000000144e+01
7.209057099999999707e+01
7.370253599999999494e+01
7.550404000000000337e+01
7.761081000000000074e+01
7.928715200000000607e+01
8.170861999999999625e+01
8.309284300000000201e+01
8.501111099999999965e+01
8.694571999999999434e+01
8.900079800000000319e+01
8.995613799999999571e+01
9.108076699999999448e+01
9.217104899999999645e+01
9.235940600000000700e+01
9.292686799999999891e+01
9.239258499999999685e+01
9.224148800000000392e+01
9.221596999999999866e+01
9.191144300000000555e+01
9.151081999999999539e+01
9.165787500000000421e+01
9.159503399999999829e+01
9.155432999999999311e+01
9.158865600000000029e+01
9.122411400000000015e+01
9.181396399999999858e+01
9.178406499999999824e+01
9.252906500000000278e+01
9.309559699999999793e+01
9.349405199999999638e+01
9.431966599999999801e+01
9.513372699999999327e+01
9.558944700000000694e+01
9.648608000000000118e+01
9.707809000000000310e+01
9.751314600000000610e+01
9.755056000000000438e+01
9.811534500000000492e+01
9.840863500000000386e+01
9.852488400000000013e+01
9.864181200000000160e+01
9.859836300000000620e+01
9.867123499999999581e+01
9.831588299999999947e+01
9.776966600000000085e+01
9.725145399999999540e+01
9.675815599999999961e+01
9.565782199999999591e+01
9.430692899999999668e+01
9.266521400000000597e+01
9.110172199999999521e+01
8.882716100000000381e+01
8.640879700000000696e+01
8.355933299999999520e+01
8.176515200000000050e+01
8.128728399999999965e+01
8.217872500000000002e+01
8.359481800000000362e+01
8.443594299999999464e+01
8.526242000000000587e+01
8.516920799999999758e+01
8.651738299999999526e+01
8.641526500000000510e+01
8.729846700000000226e+01
8.802812699999999779e+01
8.908899999999999864e+01
8.939256600000000219e+01
8.979464799999999514e+01
8.911237900000000423e+01
8.861755499999999586e+01
8.816000800000000481e+01
8.747934100000000512e+01
8.686683299999999974e+01
8.671491899999999475e+01
8.565907799999999384e+01
8.436251500000000192e+01
8.365633900000000267e+01
8.283173899999999890e+01
8.213849600000000351e+01
8.160183800000000076e+01
8.081808499999999640e+01
7.988511599999999646e+01
7.956282600000000116e+01
7.938899600000000589e+01
7.949277299999999968e+01
7.916464999999999463e+01
7.921218000000000359e+01
7.981005100000000141e+01
7.966028900000000590e+01
7.998370900000000461e+01
8.046255100000000482e+01
8.126727700000000709e+01
8.109006100000000572e+01
8.090437900000000582e+01
8.084705999999999904e+01
8.090217800000000636e+01
8.044075300000000084e+01
8.013907899999999529e+01
7.972412199999999416e+01
7.961367199999999400e+01
7.873279200000000344e+01
7.762818300000000704e+01
7.673853599999999631e+01
7.626949600000000373e+01
7.618107299999999782e+01
7.571438899999999705e+01
7.542233500000000390e+01
7.412950299999999970e+01
7.422379999999999711e+01
7.393367200000000139e+01
7.346839599999999848e+01
7.314316999999999780e+01
7.236255599999999788e+01
7.214547799999999711e+01
7.213898799999999767e+01
7.210897599999999841e+01
7.183861699999999928e+01
7.169462799999999447e+01
7.192946700000000249e+01
7.205994699999999398e+01
7.217467000000000610e+01
7.222288000000000352e+01
7.214804700000000537e+01
7.204648899999999401e+01
7.170568500000000256e+01
7.176655599999999424e+01
7.224945499999999754e+01
7.218389899999999670e+01
7.150187599999999577e+01
7.153808300000000031e+01
7.067511100000000113e+01
7.060666700000000162e+01
7.109787799999999436e+01
7.069804700000000253e+01
7.052520800000000634e+01
7.010967700000000491e+01
7.033978899999999612e+01
7.026685299999999756e+01
7.024131199999999353e+01
6.995046600000000581e+01
6.992725699999999733e+01
6.921528100000000450e+01
6.817774699999999655e+01
6.821938099999999849e+01
6.765774299999999641e+01
6.724694599999999411e+01
6.674296999999999969e+01
6.653104899999999589e+01
6.616954599999999687e+01
6.599216900000000408e+01
6.672276100000000554e+01
6.746874599999999589e+01
6.907815700000000447e+01
7.017757500000000448e+01
7.156365999999999872e+01
7.394324799999999698e+01
7.587787899999999297e+01
7.817411699999999541e+01
8.090078800000000570e+01
8.269833300000000520e+01
8.479185200000000577e+01
8.679570599999999558e+01
8.873986600000000635e+01
9.021135999999999910e+01
9.165004500000000576e+01
9.181447099999999750e+01
9.159393400000000440e+01
9.178945799999999622e+01
9.235146400000000710e+01
9.207128799999999558e+01
9.196047400000000493e+01
9.192862900000000081e+01
9.177483200000000352e+01
9.144244299999999726e+01
9.165544800000000691e+01
9.179370000000000118e+01
9.207176599999999667e+01
9.269769900000000007e+01
9.271926799999999957e+01
9.325625900000000001e+01
9.376940899999999601e+01
9.490969900000000337e+01
9.568397699999999872e+01
9.562402799999999559e+01
9.640597800000000461e+01
9.716971599999999398e+01
9.770581500000000119e+01
9.839637700000000109e+01
9.888896300000000394e+01
9.913936699999999291e+01
9.934505599999999959e+01
9.962818199999999536e+01
9.975950699999999927e+01
9.959666199999999492e+01
9.953818900000000269e+01
9.905075499999999522e+01
9.835872600000000432e+01
9.743115500000000395e+01
9.673215399999999420e+01
9.676404999999999745e+01
9.648552700000000470e+01
9.517185000000000628e+01
9.363683399999999324e+01
9.191736799999999619e+01
9.038043399999999394e+01
8.857780499999999790e+01
8.603680900000000520e+01
8.354625500000000216e+01
8.108609300000000530e+01
8.016588199999999631e+01
8.043229100000000642e+01
8.158730300000000568e+01
8.262301200000000279e+01
8.346188700000000438e+01
8.390248599999999612e+01
8.429747100000000160e+01
8.545326000000000022e+01
8.670727399999999818e+01
8.737991999999999848e+01
8.761638399999999649e+01
8.813739400000000046e+01
8.811668699999999887e+01
8.820291100000000029e+01
8.791443999999999903e+01
8.755435500000000104e+01
8.731488500000000386e+01
8.728692200000000412e+01
8.658252199999999732e+01
8.539706700000000694e+01
8.458998800000000529e+01
8.401691399999999987e+01
8.274601900000000398e+01
8.177371800000000235e+01
8.123164800000000696e+01
8.102377799999999297e+01
8.094679399999999703e+01
8.093183399999999494e+01
8.018170200000000136e+01
8.021741199999999594e+01
8.010027499999999634e+01
8.004569700000000410e+01
7.999441299999999444e+01
7.998038099999999417e+01
7.988606900000000621e+01
8.032842399999999827e+01
8.009869899999999632e+01
8.011710700000000429e+01
8.026324800000000437e+01
8.002358700000000624e+01
8.028634599999999466e+01
7.970888399999999763e+01
7.906450499999999693e+01
7.883153099999999824e+01
7.919889000000000578e+01
7.873075599999999952e+01
7.807327700000000448e+01
7.759498499999999410e+01
7.725665600000000666e+01
7.729953399999999419e+01
7.681233699999999942e+01
7.644911399999999446e+01
7.566104799999999386e+01
7.469687000000000410e+01
7.425717099999999959e+01
7.393042099999999550e+01
7.373162000000000660e+01
7.327452300000000207e+01
7.290654299999999921e+01
7.254803300000000377e+01
7.212339199999999551e+01
7.249433700000000158e+01
7.181431800000000010e+01
7.214165699999999504e+01
7.227206800000000442e+01
7.214546099999999740e+01
7.236489100000000008e+01
7.215909999999999513e+01
7.127807199999999455e+01
7.149307699999999954e+01
7.160683699999999874e+01
7.115837299999999743e+01
7.178138599999999769e+01
7.158828499999999906e+01
7.145216499999999371e+01
7.089458299999999724e+01
7.014751099999999440e+01
6.968271199999999510e+01
6.898396499999999776e+01
6.958279699999999934e+01
6.954668599999999401e+01
6.922239399999999421e+01
6.927081300000000397e+01
6.940872899999999390e+01
6.915390399999999715e+01
6.908528200000000652e+01
6.935819600000000662e+01
6.912217400000000112e+01
6.907784399999999891e+01
6.939614400000000671e+01
6.914549200000000440e+01
6.857652500000000373e+01
6.840165899999999510e+01
6.814635199999999315e+01
6.792059100000000171e+01
6.830407800000000407e+01
6.906906499999999482e+01
7.023816800000000171e+01
7.141622300000000223e+01
7.338792800000000227e+01
7.529275499999999965e+01
7.817585699999999349e+01
8.050818200000000502e+01
8.289911700000000394e+01
8.538182700000000125e+01
8.733830799999999783e+01
8.891479499999999803e+01
9.065059200000000317e+01
9.244177999999999429e+01
9.353980500000000120e+01
9.386420200000000591e+01
9.425209099999999296e+01
9.449313999999999680e+01
9.446119000000000199e+01
9.407612500000000466e+01
9.395434400000000608e+01
9.369402300000000139e+01
9.331235499999999661e+01
9.334549800000000630e+01
9.337882999999999356e+01
9.342754399999999748e+01
9.333619699999999852e+01
9.353012099999999407e+01
9.369271200000000022e+01
9.452948499999999399e+01
9.517972799999999722e+01
9.656767399999999668e+01
9.751902800000000582e+01
9.813543799999999351e+01
9.907887399999999900e+01
9.956748600000000238e+01
1.005389399999999966e+02
1.009919500000000028e+02
1.017275999999999954e+02
1.021538999999999930e+02
1.026563000000000017e+02
1.033120600000000024e+02
1.026641199999999969e+02
1.027115600000000057e+02
1.024983000000000004e+02
1.020364399999999989e+02
1.019339099999999974e+02
1.019731400000000008e+02
1.014405299999999954e+02
1.010026900000000012e+02
1.002767300000000006e+02
9.914535499999999502e+01
9.831177099999999314e+01
9.663800799999999924e+01
9.534521200000000363e+01
9.386359099999999955e+01
9.160949800000000209e+01
8.917293499999999540e+01
8.644596500000000106e+01
8.455273499999999842e+01
8.413033500000000231e+01
8.389100899999999683e+01
8.520870499999999481e+01
8.596469000000000449e+01
8.664076900000000592e+01
8.646905099999999322e+01
8.750728499999999599e+01
8.810676300000000083e+01
8.813086199999999337e+01
8.864718200000000081e+01
8.982433500000000492e+01
9.001631799999999828e+01
9.072152599999999723e+01
9.093998399999999549e+01
9.060503799999999330e+01
9.043822099999999864e+01
8.987875499999999818e+01
8.959803599999999335e+01
8.905804700000000196e+01
8.799030899999999633e+01
8.694972699999999577e+01
8.625313400000000286e+01
8.550869699999999796e+01
8.455381599999999764e+01
8.346868800000000022e+01
8.354476300000000322e+01
8.340955300000000250e+01
8.244021800000000155e+01
8.239711499999999944e+01
8.241380300000000148e+01
8.234878999999999394e+01
8.188171300000000485e+01
8.155351500000000442e+01
8.136589999999999634e+01
8.131291899999999373e+01
8.133467400000000680e+01
8.119481700000000046e+01
8.078484400000000676e+01
8.015146400000000426e+01
7.998770899999999529e+01
8.006639300000000503e+01
7.954737000000000080e+01
7.964559500000000014e+01
7.905721699999999430e+01
7.920607499999999845e+01
7.855693300000000079e+01
7.819899200000000405e+01
7.789703599999999994e+01
7.689048599999999567e+01
7.701201600000000269e+01
7.729266099999999540e+01
7.689157600000000059e+01
7.737562900000000354e+01
7.694026300000000163e+01
7.675666300000000319e+01
7.654345399999999700e+01
7.656776800000000094e+01
7.632819200000000137e+01
7.610048700000000110e+01
7.598421600000000353e+01
7.605058300000000315e+01
7.540485099999999363e+01
7.545394899999999438e+01
7.480949200000000587e+01
7.410717599999999550e+01
7.400318300000000704e+01
7.426490900000000295e+01
7.435448200000000440e+01
7.415268700000000024e+01
7.403586400000000367e+01
7.389780199999999866e+01
7.354113399999999956e+01
7.303234399999999482e+01
7.241960600000000170e+01
7.243275099999999611e+01
7.240090499999999452e+01
7.186560400000000470e+01
7.136730400000000429e+01
7.110113400000000183e+01
7.062106300000000658e+01
7.043769500000000505e+01
7.030066300000000012e+01
7.074019099999999582e+01
7.049735499999999888e+01
7.004632499999999595e+01
6.978892999999999347e+01
6.949197300000000155e+01
6.909965699999999345e+01
6.946164100000000019e+01
6.920670599999999695e+01
6.904179200000000094e+01
6.861452199999999380e+01
6.872741299999999853e+01
6.873434699999999964e+01
6.899123500000000320e+01
6.945506000000000313e+01
7.051179399999999475e+01
7.152038500000000454e+01
7.323413399999999740e+01
7.650683300000000031e+01
7.885114799999999491e+01
8.071874400000000094e+01
8.279582700000000273e+01
8.441536999999999580e+01
8.665021199999999624e+01
8.815709900000000232e+01
8.945560100000000148e+01
9.088479900000000100e+01
9.190117700000000411e+01
9.341108499999999992e+01
9.386736299999999744e+01
9.362370900000000518e+01
9.376244400000000212e+01
9.380448400000000220e+01
9.399024199999999496e+01
9.431697400000000187e+01
9.420813599999999610e+01
9.391027200000000619e+01
9.384811200000000042e+01
9.393219000000000563e+01
9.413753599999999722e+01
9.465184299999999951e+01
9.519727500000000475e+01
9.588124000000000535e+01
9.676760400000000573e+01
9.806004599999999982e+01
9.892088200000000597e+01
9.984885699999999531e+01
1.006299999999999955e+02
1.017679100000000005e+02
1.027442400000000049e+02
1.037060500000000047e+02
1.044957899999999995e+02
1.050055899999999980e+02
1.049699099999999987e+02
1.054174799999999976e+02
1.051706099999999964e+02
1.047595799999999997e+02
1.049206099999999964e+02
1.040556700000000063e+02
1.033438900000000018e+02
1.030924399999999963e+02
1.026759700000000066e+02
1.018271100000000047e+02
1.008587399999999974e+02
1.000833099999999973e+02
9.960058600000000695e+01
9.870228500000000338e+01
9.791484499999999969e+01
9.654987599999999759e+01
9.401299500000000364e+01
9.174793499999999824e+01
8.980521699999999896e+01
8.732292200000000548e+01
8.576457800000000020e+01
8.518086499999999717e+01
8.585714099999999860e+01
8.666476299999999355e+01
8.713914699999999414e+01
8.808424700000000485e+01
8.773647200000000623e+01
8.883902799999999900e+01
8.896942199999999445e+01
8.969383200000000045e+01
9.010423299999999358e+01
9.049989300000000014e+01
9.037425500000000511e+01
9.084158299999999997e+01
9.067572099999999580e+01
9.044711800000000324e+01
8.978335099999999613e+01
8.940567099999999812e+01
8.914758299999999736e+01
8.893919699999999295e+01
8.840954700000000344e+01
8.743778199999999856e+01
8.616113400000000411e+01
8.526900500000000704e+01
8.434863599999999906e+01
8.398594099999999685e+01
8.329793700000000456e+01
8.257949200000000189e+01
8.169431699999999807e+01
8.140440099999999291e+01
8.089932399999999291e+01
8.103523599999999760e+01
8.090014700000000403e+01
8.104014599999999291e+01
8.097808499999999299e+01
8.111531700000000455e+01
8.075997800000000382e+01
8.118603400000000647e+01
8.094743499999999869e+01
8.154590299999999559e+01
8.155417599999999823e+01
8.220312400000000252e+01
8.159339099999999689e+01
8.110305200000000525e+01
8.046606599999999787e+01
8.038768899999999462e+01
7.962538100000000441e+01
7.941874300000000630e+01
7.897857799999999884e+01
7.825262299999999982e+01
7.783306799999999726e+01
7.759043200000000695e+01
7.724123299999999404e+01
7.723350800000000049e+01
7.669140000000000157e+01
7.665068599999999321e+01
7.610697999999999297e+01
7.597570500000000493e+01
7.604844099999999685e+01
7.595880800000000477e+01
7.549063999999999908e+01
7.527210999999999785e+01
7.533582699999999477e+01
7.464323000000000263e+01
7.444216400000000533e+01
7.436976400000000353e+01
7.411011100000000340e+01
7.394985300000000450e+01
7.382771099999999365e+01
7.345339300000000549e+01
7.275220199999999693e+01
7.262196699999999794e+01
7.247762600000000077e+01
7.195389799999999525e+01
7.159653500000000292e+01
7.129418599999999628e+01
7.033992600000000550e+01
6.987677100000000507e+01
6.983996600000000399e+01
6.996463199999999460e+01
7.006652900000000272e+01
7.029238800000000253e+01
7.002769000000000688e+01
7.005291400000000124e+01
6.961808000000000618e+01
6.996386699999999337e+01
6.948765400000000625e+01
6.980084499999999537e+01
6.964114600000000621e+01
6.899211699999999325e+01
6.820759300000000280e+01
6.745589599999999564e+01
6.754607799999999429e+01
6.738371200000000272e+01
6.813050200000000700e+01
6.873264500000000510e+01
6.909133900000000494e+01
7.078924800000000062e+01
7.243722900000000209e+01
7.372735199999999622e+01
7.600880100000000539e+01
7.889126100000000008e+01
8.114016999999999769e+01
8.353521899999999789e+01
8.533893700000000138e+01
8.786978899999999726e+01
8.890662100000000123e+01
9.015318700000000263e+01
9.148557999999999879e+01
9.180664699999999812e+01
9.273612300000000630e+01
9.302901199999999449e+01
9.335276799999999753e+01
9.328763600000000622e+01
9.356972799999999779e+01
9.372142700000000559e+01
9.372545999999999822e+01
9.421506599999999310e+01
9.482333699999999510e+01
9.537532199999999705e+01
9.553268400000000327e+01
9.613268700000000422e+01
9.706408799999999815e+01
9.742525500000000704e+01
9.806222699999999293e+01
9.883600199999999347e+01
9.951784399999999664e+01
1.008131599999999963e+02
1.018683999999999941e+02
1.023455100000000044e+02
1.029124300000000005e+02
1.033736200000000025e+02
1.039737200000000001e+02
1.045679300000000040e+02
1.053673200000000065e+02
1.056374399999999980e+02
1.056433300000000060e+02
1.056721600000000052e+02
1.052272999999999996e+02
1.048258000000000010e+02
1.049654100000000057e+02
1.048173699999999968e+02
1.045070400000000035e+02
1.032975200000000058e+02
1.030445799999999963e+02
1.020417699999999996e+02
1.010959500000000020e+02
1.002544199999999961e+02
9.892929999999999779e+01
9.807884099999999705e+01
9.660410600000000159e+01
9.409830999999999790e+01
9.151457499999999357e+01
8.884434199999999748e+01
8.657251200000000324e+01
8.503382700000000227e+01
8.502730499999999836e+01
8.609410699999999395e+01
8.706222499999999798e+01
8.794874400000000492e+01
8.898907199999999307e+01
8.926997599999999977e+01
9.008867899999999906e+01
9.072157300000000646e+01
9.148261499999999558e+01
9.209594400000000292e+01
9.241496600000000683e+01
9.229596200000000294e+01
9.235049999999999670e+01
9.199503300000000650e+01
9.135364500000000021e+01
9.094768000000000541e+01
9.041469800000000134e+01
8.954423900000000458e+01
8.889581099999999481e+01
8.800747200000000703e+01
8.764925900000000070e+01
8.678295400000000370e+01
8.612158800000000269e+01
8.483165099999999370e+01
8.466244399999999359e+01
8.408803399999999328e+01
8.348825999999999681e+01
8.309815600000000302e+01
8.265249000000000024e+01
8.254357799999999656e+01
8.226515499999999292e+01
8.223520000000000607e+01
8.242411400000000299e+01
8.269728100000000381e+01
8.257932999999999879e+01
8.276050399999999740e+01
8.239639300000000333e+01
8.296928900000000340e+01
8.304073699999999292e+01
8.248808900000000222e+01
8.241092399999999429e+01
8.230869900000000428e+01
8.204996300000000531e+01
8.177095599999999820e+01
8.126314399999999694e+01
8.172069199999999967e+01
8.145955499999999461e+01
8.075757699999999772e+01
7.997927099999999712e+01
7.976102199999999698e+01
7.957080100000000300e+01
7.863170700000000579e+01
7.837348500000000229e+01
7.770012699999999484e+01
7.740442099999999925e+01
7.679758900000000210e+01
7.691253000000000384e+01
7.668335500000000593e+01
7.648748299999999745e+01
7.629127599999999632e+01
7.646588199999999347e+01
7.621110000000000184e+01
7.634860600000000375e+01
7.625351200000000063e+01
7.600088599999999417e+01
7.596987300000000687e+01
7.543810200000000066e+01
7.479497299999999882e+01
7.448670400000000313e+01
7.480299999999999727e+01
7.469079999999999586e+01
7.437184200000000089e+01
7.411100600000000327e+01
7.397089200000000631e+01
7.382661099999999976e+01
7.280712300000000425e+01
7.239754399999999634e+01
7.185696099999999831e+01
7.161766199999999571e+01
7.197350299999999379e+01
7.142466600000000199e+01
7.193107999999999436e+01
7.189701499999999612e+01
7.154442199999999730e+01
7.130607899999999688e+01
7.147326599999999530e+01
7.081723900000000071e+01
7.125101899999999944e+01
7.039165500000000009e+01
7.011095400000000666e+01
7.013735900000000356e+01
7.033524900000000457e+01
7.076821999999999946e+01
7.059683800000000531e+01
7.134554300000000637e+01
7.228609000000000151e+01
7.398668600000000595e+01
7.617117000000000360e+01
7.876325900000000502e+01
8.114360999999999535e+01
8.393273499999999387e+01
8.618186699999999689e+01
8.923861800000000244e+01
9.161601400000000694e+01
9.371087799999999390e+01
9.526532899999999415e+01
9.652607600000000332e+01
9.711555599999999799e+01
9.761526899999999785e+01
9.765186500000000080e+01
9.766742299999999943e+01
9.775357800000000452e+01
9.774025899999999467e+01
9.691786399999999446e+01
9.650886599999999760e+01
9.662224000000000501e+01
9.624911899999999321e+01
9.694768700000000194e+01
9.765368499999999585e+01
9.733304900000000259e+01
9.789265299999999570e+01
9.840927399999999636e+01
9.916710199999999986e+01
1.006443299999999965e+02
1.017717899999999958e+02
1.026235099999999960e+02
1.039169799999999952e+02
1.046451899999999995e+02
1.056675800000000010e+02
1.067938099999999935e+02
1.070711299999999966e+02
1.077416800000000023e+02
1.077246700000000033e+02
1.084204600000000056e+02
1.091990299999999934e+02
1.084056000000000068e+02
1.082161200000000036e+02
1.086317899999999952e+02
1.080738000000000056e+02
1.081442799999999949e+02
1.079362699999999933e+02
1.073638399999999962e+02
1.064729700000000037e+02
1.051294999999999931e+02
1.049744799999999998e+02
1.041895399999999938e+02
1.035216900000000066e+02
1.024598699999999951e+02
1.011000599999999991e+02
9.949703999999999837e+01
9.778752199999999561e+01
9.513816300000000581e+01
9.289890499999999918e+01
9.052127199999999618e+01
8.813371100000000524e+01
8.773182699999999556e+01
8.817251600000000167e+01
8.863338099999999997e+01
8.881988300000000436e+01
8.971234099999999501e+01
9.019512299999999527e+01
9.126125299999999640e+01
9.226739100000000349e+01
9.295095200000000091e+01
9.427632099999999582e+01
9.424957799999999963e+01
9.443602799999999320e+01
9.474646900000000471e+01
9.422254900000000077e+01
9.394699799999999357e+01
9.393310999999999922e+01
9.366052600000000439e+01
9.311829799999999580e+01
9.235536999999999352e+01
9.108722299999999450e+01
9.031854199999999366e+01
8.958569900000000530e+01
8.879029300000000546e+01
8.794262100000000260e+01
8.736862700000000359e+01
8.625801699999999528e+01
8.590404499999999643e+01
8.537130600000000413e+01
8.522356299999999862e+01
8.450878899999999305e+01
8.462498499999999524e+01
8.538931700000000546e+01
8.573011200000000542e+01
8.550827700000000675e+01
8.576264500000000623e+01
8.512967600000000346e+01
8.470974400000000060e+01
8.502901500000000112e+01
8.513259899999999902e+01
8.535256499999999846e+01
8.496922000000000708e+01
8.455817399999999395e+01
8.444372500000000059e+01
8.402844600000000241e+01
8.331680099999999811e+01
8.290436699999999348e+01
8.266298999999999353e+01
8.239284999999999570e+01
8.260930999999999358e+01
8.181580300000000250e+01
8.206622000000000128e+01
8.189254900000000248e+01
8.133403800000000672e+01
8.110802499999999782e+01
8.107192000000000576e+01
8.079606599999999617e+01
8.084601200000000176e+01
8.051512999999999920e+01
7.986136299999999721e+01
7.911437800000000209e+01
7.819384599999999352e+01
7.791411200000000292e+01
7.799135400000000118e+01
7.750905199999999695e+01
7.752195399999999381e+01
7.696751600000000337e+01
7.669387899999999547e+01
7.629320500000000038e+01
7.602112599999999532e+01
7.546237299999999948e+01
7.506036400000000697e+01
7.435221099999999694e+01
7.416275000000000261e+01
7.364588200000000029e+01
7.403795100000000673e+01
7.397498400000000629e+01
7.386565899999999374e+01
7.356393599999999822e+01
7.370154499999999587e+01
7.310930600000000368e+01
7.301818600000000004e+01
7.262915499999999724e+01
7.257608500000000618e+01
7.245402900000000557e+01
7.215845799999999599e+01
7.226547200000000259e+01
7.199756399999999701e+01
7.202826299999999549e+01
7.183579699999999946e+01
7.118037900000000207e+01
7.081963000000000363e+01
7.056206600000000151e+01
7.087540199999999402e+01
7.029515399999999659e+01
7.003871300000000133e+01
7.083324799999999755e+01
7.126821300000000292e+01
7.288229099999999505e+01
7.478311800000000176e+01
7.686551300000000708e+01
7.973507399999999734e+01
8.235883699999999408e+01
8.483764999999999645e+01
8.699535899999999344e+01
8.897466400000000419e+01
9.060325000000000273e+01
9.162336600000000431e+01
9.273821700000000590e+01
9.338312899999999672e+01
9.410487500000000693e+01
9.518754199999999344e+01
9.547193400000000452e+01
9.589470000000000027e+01
9.562293800000000488e+01
9.582473400000000652e+01
9.613774399999999787e+01
9.635111299999999801e+01
9.640109900000000209e+01
9.625472100000000353e+01
9.624697500000000616e+01
9.674465100000000461e+01
9.761634399999999800e+01
9.819961700000000349e+01
9.869200499999999465e+01
1.001073499999999967e+02
1.006710700000000003e+02
1.010930599999999941e+02
1.022501699999999971e+02
1.031997499999999945e+02
1.042294799999999952e+02
1.053085499999999968e+02
1.064765900000000016e+02
1.070979099999999988e+02
1.077546700000000044e+02
1.079483400000000017e+02
1.080956699999999984e+02
1.073972899999999981e+02
1.071832299999999947e+02
1.069512399999999985e+02
1.068368799999999936e+02
1.066220600000000047e+02
1.061599499999999949e+02
1.050724500000000035e+02
1.040564799999999934e+02
1.035317699999999945e+02
1.032100999999999971e+02
1.021290599999999955e+02
1.018295999999999992e+02
1.007850300000000061e+02
9.935906799999999350e+01
9.700444600000000150e+01
9.448628600000000688e+01
9.211902399999999602e+01
8.931073000000000661e+01
8.791096799999999689e+01
8.653925300000000220e+01
8.692325499999999749e+01
8.782799300000000642e+01
8.847494700000000023e+01
8.909531599999999685e+01
8.931939400000000262e+01
8.974684100000000342e+01
9.106400100000000464e+01
9.172285399999999811e+01
9.230237599999999532e+01
9.259278100000000222e+01
9.224247800000000552e+01
9.231583899999999687e+01
9.183366599999999380e+01
9.135326000000000590e+01
9.107339799999999741e+01
9.018701099999999826e+01
8.950991100000000245e+01
8.914156300000000499e+01
8.829416700000000162e+01
8.693486799999999448e+01
8.631544999999999845e+01
8.555076099999999428e+01
8.417935699999999599e+01
8.334879499999999553e+01
8.270052800000000559e+01
8.285011799999999482e+01
8.238117200000000651e+01
8.222242699999999616e+01
8.210521699999999612e+01
8.262354600000000460e+01
8.204020699999999522e+01
8.189180700000000002e+01
8.221150900000000661e+01
8.263977099999999609e+01
8.264452900000000568e+01
8.235636399999999924e+01
8.274133999999999389e+01
8.313976700000000619e+01
8.336360399999999515e+01
8.366513799999999890e+01
8.315147799999999734e+01
8.309834600000000648e+01
8.236205499999999802e+01
8.220353099999999813e+01
8.203595599999999877e+01
8.162791500000000156e+01
8.160280899999999349e+01
8.153594400000000064e+01
8.113554700000000253e+01
8.060581000000000529e+01
8.069634299999999882e+01
8.000808600000000581e+01
7.997558200000000284e+01
7.955548799999999687e+01
7.938125300000000095e+01
7.878928700000000163e+01
7.814024999999999466e+01
7.756905899999999576e+01
7.726937999999999818e+01
7.727709900000000687e+01
7.680524599999999680e+01
7.671002599999999916e+01
7.625618599999999958e+01
7.641723399999999344e+01
7.701967000000000496e+01
7.675075400000000059e+01
7.667363899999999433e+01
7.609345799999999826e+01
7.611176399999999376e+01
7.566624500000000353e+01
7.546248099999999681e+01
7.501655999999999835e+01
7.462716600000000255e+01
7.458108699999999658e+01
7.430491200000000163e+01
7.392895599999999945e+01
7.302363200000000631e+01
7.247370600000000707e+01
7.251172300000000348e+01
7.192146300000000281e+01
7.143247100000000671e+01
7.086078600000000449e+01
7.072132299999999816e+01
7.095809900000000425e+01
7.026739399999999591e+01
7.038079999999999359e+01
7.046845999999999322e+01
6.983283000000000129e+01
6.950527700000000664e+01
6.892646999999999480e+01
6.809454700000000571e+01
6.801793000000000688e+01
6.789992300000000114e+01
6.792827499999999930e+01
6.827767699999999707e+01
6.875478300000000331e+01
6.960544899999999302e+01
7.046345800000000281e+01
7.232760199999999884e+01
7.394337199999999655e+01
7.620438599999999951e+01
7.806127999999999645e+01
8.042082999999999515e+01
8.217507500000000675e+01
8.413784900000000277e+01
8.597803600000000301e+01
8.795934900000000312e+01
8.951524399999999559e+01
9.082988000000000284e+01
9.251907099999999673e+01
9.323051800000000355e+01
9.363048999999999467e+01
9.387023800000000051e+01
9.427560300000000382e+01
9.404185699999999315e+01
9.355147499999999638e+01
9.362744399999999700e+01
9.381520899999999585e+01
9.399999599999999589e+01
9.439288799999999924e+01
9.504715500000000361e+01
9.527634899999999618e+01
9.558950600000000009e+01
9.596738700000000222e+01
9.620617599999999925e+01
9.701474000000000331e+01
9.747669399999999484e+01
9.909471399999999619e+01
9.960886299999999949e+01
1.003709800000000030e+02
1.012132500000000022e+02
1.016506499999999988e+02
1.023898300000000035e+02
1.030284800000000018e+02
1.027640200000000021e+02
1.029298900000000003e+02
1.027624699999999933e+02
1.028589599999999962e+02
1.022324899999999985e+02
1.021542900000000031e+02
1.013731300000000033e+02
1.012194400000000059e+02
1.004466599999999943e+02
9.921439900000000023e+01
9.805717300000000591e+01
9.674682699999999613e+01
9.456743400000000577e+01
9.219772100000000137e+01
8.919605099999999709e+01
8.616587599999999725e+01
8.427283699999999556e+01
8.270584200000000408e+01
8.199895100000000525e+01
8.291450299999999629e+01
8.426176800000000355e+01
8.532951199999999403e+01
8.568706400000000656e+01
8.575881699999999341e+01
8.657608700000000113e+01
8.695625699999999370e+01
8.723127599999999404e+01
8.749463199999999574e+01
8.765353000000000350e+01
8.806766799999999762e+01
8.788200399999999490e+01
8.748741499999999860e+01
8.729287600000000680e+01
8.722780699999999854e+01
8.622477299999999900e+01
8.532795299999999372e+01
8.437840300000000582e+01
8.234019200000000183e+01
8.166812299999999425e+01
8.079994499999999391e+01
8.007258500000000367e+01
7.931528299999999376e+01
7.856338599999999417e+01
7.750229099999999960e+01
7.687499699999999336e+01
7.678354299999999455e+01
7.673434799999999711e+01
7.703084300000000439e+01
7.696955199999999309e+01
7.756953799999999433e+01
7.753924700000000314e+01
7.778836099999999476e+01
7.821031899999999837e+01
7.800769499999999823e+01
7.824626700000000312e+01
7.855108900000000460e+01
7.838335299999999961e+01
7.825943399999999883e+01
7.803014600000000200e+01
7.808017300000000205e+01
7.842392300000000205e+01
7.810290999999999428e+01
7.808036699999999541e+01
7.761532599999999604e+01
7.761889999999999645e+01
7.739342800000000011e+01
7.703558400000000006e+01
7.612016699999999503e+01
7.550464100000000656e+01
7.574541499999999417e+01
7.559107000000000198e+01
7.532258600000000115e+01
7.485125299999999982e+01
7.491075700000000381e+01
7.513857400000000553e+01
7.444018900000000372e+01
7.473326199999999631e+01
7.501823299999999506e+01
7.459492199999999684e+01
7.486297999999999320e+01
7.463537399999999877e+01
7.460244500000000301e+01
7.478578000000000259e+01
7.460532299999999850e+01
7.446758699999999465e+01
7.487422800000000223e+01
7.502450000000000330e+01
7.466592400000000396e+01
7.531816999999999496e+01
7.507034799999999564e+01
7.495369100000000628e+01
7.418603000000000236e+01
7.415419699999999636e+01
7.367324000000000694e+01
7.318421899999999880e+01
7.281824799999999698e+01
7.254957400000000689e+01
7.219569900000000473e+01
7.194290200000000368e+01
7.190314499999999498e+01
7.184038300000000277e+01
7.141085099999999386e+01
7.046039100000000133e+01
7.017463600000000667e+01
7.024851900000000171e+01
6.979545099999999991e+01
6.947889899999999841e+01
6.883021399999999801e+01
6.854822900000000629e+01
6.780747599999999409e+01
6.765456500000000517e+01
6.748577400000000637e+01
6.785703900000000033e+01
6.828510599999999897e+01
6.909032200000000046e+01
6.981111699999999587e+01
7.138164399999999432e+01
7.350414200000000164e+01
7.600486300000000028e+01
7.869500600000000645e+01
8.140178299999999467e+01
8.409072399999999448e+01
8.587771700000000408e+01
8.794366899999999987e+01
8.980387899999999490e+01
9.102171699999999532e+01
9.254615800000000547e+01
9.316198699999999633e+01
9.410925400000000707e+01
9.492502500000000509e+01
9.489095500000000527e+01
9.514647300000000030e+01
9.523663999999999419e+01
9.485535500000000297e+01
9.462868199999999774e+01
9.441468799999999817e+01
9.396555999999999642e+01
9.397636500000000126e+01
9.430054300000000467e+01
9.455057999999999652e+01
9.510707200000000228e+01
9.544520099999999729e+01
9.660457499999999698e+01
9.655014699999999550e+01
9.761708099999999888e+01
9.883248600000000295e+01
9.952854600000000573e+01
1.005400599999999969e+02
1.006675500000000056e+02
1.013948800000000006e+02
1.022702900000000028e+02
1.027168800000000033e+02
1.036863599999999934e+02
1.041177799999999962e+02
1.045920399999999972e+02
1.045862300000000005e+02
1.043123800000000045e+02
1.035959299999999956e+02
1.030971899999999977e+02
1.030563700000000011e+02
1.025801500000000033e+02
1.020509500000000003e+02
1.012381699999999967e+02
1.006030499999999961e+02
9.935115399999999397e+01
9.811772999999999456e+01
9.655926399999999887e+01
9.507902099999999734e+01
9.253901700000000119e+01
9.026781300000000385e+01
8.771410699999999849e+01
8.531686700000000201e+01
8.324955500000000086e+01
8.314379399999999976e+01
8.387682999999999822e+01
8.444197499999999934e+01
8.537139000000000522e+01
8.596396500000000174e+01
8.706059100000000228e+01
8.728371400000000335e+01
8.767302499999999554e+01
8.797666200000000458e+01
8.843239099999999553e+01
8.878306600000000515e+01
8.864499499999999443e+01
8.860949700000000462e+01
8.868051400000000228e+01
8.851216399999999851e+01
8.829506299999999896e+01
8.806142599999999732e+01
8.739752000000000010e+01
8.655730699999999445e+01
8.595431299999999908e+01
8.488693999999999562e+01
8.435999400000000037e+01
8.316184099999999546e+01
8.248997099999999705e+01
8.227294899999999700e+01
8.168456299999999715e+01
8.139086600000000260e+01
8.125498500000000490e+01
8.081372100000000103e+01
8.048847999999999558e+01
8.035307899999999393e+01
8.012753800000000126e+01
7.968392500000000211e+01
7.993530099999999550e+01
7.970815299999999581e+01
7.998146099999999592e+01
8.043606300000000431e+01
8.003236599999999612e+01
8.011120599999999570e+01
8.003224899999999309e+01
7.964187599999999634e+01
7.918919999999999959e+01
7.929397699999999816e+01
7.938794900000000609e+01
7.852829900000000407e+01
7.845725199999999688e+01
7.867953699999999628e+01
7.867801599999999951e+01
7.788189599999999757e+01
7.785034799999999677e+01
7.816587099999999566e+01
7.822010199999999713e+01
7.835016799999999648e+01
7.802430400000000077e+01
7.779075299999999515e+01
7.743265100000000700e+01
7.699419000000000324e+01
7.644885700000000384e+01
7.628874700000000075e+01
7.607958800000000110e+01
7.555589899999999659e+01
7.495420000000000016e+01
7.564318900000000667e+01
7.552297199999999577e+01
7.530432299999999657e+01
7.568193800000000238e+01
7.542395999999999390e+01
7.499482500000000584e+01
7.463799600000000112e+01
7.445856600000000469e+01
7.429402500000000487e+01
7.455564200000000596e+01
7.424728000000000350e+01
7.463722300000000587e+01
7.395220500000000641e+01
7.311448199999999531e+01
7.289652700000000607e+01
7.284800500000000056e+01
7.191201800000000333e+01
7.206735500000000627e+01
7.243430399999999736e+01
7.269593799999999817e+01
7.272968899999999337e+01
7.230824200000000701e+01
7.158058400000000177e+01
7.177768399999999360e+01
7.192196400000000267e+01
7.157168500000000222e+01
7.150624799999999937e+01
7.085938899999999308e+01
7.041909099999999455e+01
7.050010500000000491e+01
7.017314299999999605e+01
6.965335000000000321e+01
6.961500599999999395e+01
7.078601100000000201e+01
7.151913700000000063e+01
7.256811799999999835e+01
7.438502800000000548e+01
7.671771200000000590e+01
7.870654700000000048e+01
8.101103799999999922e+01
8.331099000000000387e+01
8.573205600000000004e+01
8.803876800000000458e+01
8.968242399999999748e+01
9.110403200000000368e+01
9.197960399999999481e+01
9.339378399999999658e+01
9.387258099999999672e+01
9.470148199999999861e+01
9.525327900000000625e+01
9.536316999999999666e+01
9.482940200000000175e+01
9.478367000000000075e+01
9.431197699999999884e+01
9.383208899999999630e+01
9.420766999999999314e+01
9.421386599999999589e+01
9.464356700000000444e+01
9.488239500000000248e+01
9.530228499999999769e+01
9.596168000000000120e+01
9.641563200000000222e+01
9.721790500000000179e+01
9.752604399999999885e+01
9.836112799999999368e+01
9.874701299999999549e+01
9.986630399999999952e+01
1.006265199999999993e+02
1.017186599999999999e+02
1.023463899999999995e+02
1.026623600000000067e+02
1.025609599999999944e+02
1.033171300000000059e+02
1.035780100000000061e+02
1.034584899999999976e+02
1.028605000000000018e+02
1.027795899999999989e+02
1.024558099999999996e+02
1.023045000000000044e+02
1.016519200000000041e+02
1.007502400000000051e+02
1.000757700000000057e+02
9.950683399999999779e+01
9.894120700000000568e+01
9.758076400000000206e+01
9.652050400000000252e+01
9.528059000000000367e+01
9.373267400000000293e+01
9.158038299999999765e+01
8.859448899999999583e+01
8.625660899999999742e+01
8.396926399999999546e+01
8.264994799999999486e+01
8.260302099999999825e+01
8.307657299999999623e+01
8.442761500000000296e+01
8.569067099999999471e+01
8.601308799999999621e+01
8.709494499999999562e+01
8.745214500000000157e+01
8.802522299999999689e+01
8.876682999999999879e+01
8.949470399999999870e+01
9.016473200000000077e+01
9.084498800000000074e+01
9.066867200000000082e+01
9.016603000000000634e+01
9.012692599999999743e+01
8.986898700000000417e+01
8.943066799999999716e+01
8.876781300000000385e+01
8.815118699999999308e+01
8.727771500000000060e+01
8.582925899999999331e+01
8.561375599999999508e+01
8.498336199999999963e+01
8.486302299999999832e+01
8.406354399999999316e+01
8.366482299999999839e+01
8.260532200000000103e+01
8.199413300000000504e+01
8.172409399999999380e+01
8.184573699999999974e+01
8.165509299999999371e+01
8.149549299999999619e+01
8.118134499999999321e+01
8.187770000000000437e+01
8.248554799999999432e+01
8.252288000000000068e+01
8.241886900000000082e+01
8.262778299999999376e+01
8.253153700000000015e+01
8.223677700000000357e+01
8.248537100000000066e+01
8.168996300000000588e+01
8.162037599999999316e+01
8.092270000000000607e+01
8.050418799999999919e+01
8.023077700000000334e+01
7.947828199999999299e+01
7.944552000000000191e+01
7.886041199999999662e+01
7.856183099999999797e+01
7.810760000000000502e+01
7.774943299999999624e+01
7.789381799999999600e+01
7.702543599999999913e+01
7.608792200000000605e+01
7.569035900000000083e+01
7.562463400000000036e+01
7.523611400000000060e+01
7.493863299999999583e+01
7.448999100000000340e+01
7.400577900000000398e+01
7.395158200000000193e+01
7.386525199999999813e+01
7.393794499999999914e+01
7.383052200000000198e+01
7.387636999999999432e+01
7.349909599999999443e+01
7.321114300000000696e+01
7.329819799999999930e+01
7.300975900000000252e+01
7.300790999999999542e+01
7.344872100000000614e+01
7.284732200000000546e+01
7.251705900000000327e+01
7.209122600000000602e+01
7.121956799999999532e+01
7.091058800000000417e+01
7.043000399999999672e+01
7.081116600000000005e+01
7.058511199999999519e+01
7.012069599999999525e+01
7.041340700000000652e+01
7.046583099999999433e+01
7.073039300000000651e+01
7.024030299999999727e+01
6.952763600000000110e+01
6.983615799999999751e+01
6.940641399999999805e+01
6.912368800000000135e+01
6.855856300000000658e+01
6.854668399999999906e+01
6.769526700000000119e+01
6.766858399999999563e+01
6.783803199999999833e+01
6.836851599999999962e+01
6.862352300000000582e+01
6.978665900000000022e+01
7.171794500000000028e+01
7.395429500000000189e+01
7.651092099999999618e+01
7.879424600000000112e+01
8.144581800000000271e+01
8.343499400000000321e+01
8.530697499999999422e+01
8.723383499999999913e+01
8.936513399999999763e+01
9.068408999999999764e+01
9.168033699999999442e+01
9.306382700000000341e+01
9.404677200000000425e+01
9.443110900000000640e+01
9.516770800000000463e+01
9.492445600000000638e+01
9.439458700000000135e+01
9.412463900000000194e+01
9.394068699999999694e+01
9.339280399999999815e+01
9.399185599999999852e+01
9.392001700000000142e+01
9.388622700000000521e+01
9.376669099999999446e+01
9.419774599999999509e+01
9.456872199999999395e+01
9.524371999999999616e+01
9.544708300000000634e+01
9.612120000000000175e+01
9.745239300000000071e+01
9.883660000000000423e+01
9.978146099999999308e+01
1.008927300000000002e+02
1.020550400000000053e+02
1.026658900000000045e+02
1.034115100000000069e+02
1.038045400000000029e+02
1.035648199999999974e+02
1.032368000000000023e+02
1.031511699999999934e+02
1.026963700000000017e+02
1.026416300000000064e+02
1.021374799999999965e+02
1.020708499999999930e+02
1.016024000000000029e+02
1.009247399999999999e+02
9.979595899999999631e+01
9.920357300000000578e+01
9.849889400000000705e+01
9.794929799999999886e+01
9.764975099999999486e+01
9.602687699999999893e+01
9.391860699999999440e+01
9.212096900000000232e+01
8.975369899999999745e+01
8.741821000000000197e+01
8.575464499999999646e+01
8.507590999999999326e+01
8.545584100000000660e+01
8.607591399999999737e+01
8.701056800000000635e+01
8.724832899999999825e+01
8.744695600000000013e+01
8.813404199999999378e+01
8.892688800000000526e+01
8.966228200000000470e+01
9.045858400000000188e+01
9.135516699999999446e+01
9.223865800000000092e+01
9.200975599999999588e+01
9.237760099999999852e+01
9.218312400000000650e+01
9.142981299999999578e+01
9.130343799999999987e+01
9.126134600000000319e+01
9.072213800000000106e+01
9.020215199999999811e+01
8.923554599999999937e+01
8.930930499999999483e+01
8.868839800000000650e+01
8.740779299999999807e+01
8.604423300000000552e+01
8.547939700000000585e+01
8.455780000000000030e+01
8.386989400000000217e+01
8.367748199999999770e+01
8.351475299999999891e+01
8.313174499999999512e+01
8.331950500000000659e+01
8.376638400000000217e+01
8.387534399999999835e+01
8.405539699999999925e+01
8.394013099999999383e+01
8.453514900000000409e+01
8.463961199999999963e+01
8.462790499999999838e+01
8.449138700000000313e+01
8.494424499999999512e+01
8.443291999999999575e+01
8.415623899999999935e+01
8.331563800000000697e+01
8.235634400000000710e+01
8.185880899999999372e+01
8.136990900000000693e+01
8.100813999999999737e+01
8.081746499999999855e+01
8.029496199999999817e+01
7.969920399999999461e+01
7.890247599999999295e+01
7.830372599999999750e+01
7.817709299999999928e+01
7.746673300000000495e+01
7.777770099999999331e+01
7.745551399999999376e+01
7.648032299999999850e+01
7.607742000000000360e+01
7.583727299999999616e+01
7.585268899999999803e+01
7.525371599999999717e+01
7.476113200000000347e+01
7.490340000000000487e+01
7.475540300000000116e+01
7.398004799999999648e+01
7.393259999999999366e+01
7.373090500000000702e+01
7.345576699999999448e+01
7.304230800000000556e+01
7.286349500000000035e+01
7.269227800000000173e+01
7.245389400000000535e+01
7.181454399999999794e+01
7.151584099999999466e+01
7.133803000000000338e+01
7.131584399999999846e+01
7.133956700000000239e+01
7.141493300000000488e+01
7.169272499999999582e+01
7.159383099999999445e+01
7.172757400000000416e+01
7.150726799999999628e+01
7.122762600000000077e+01
7.075753400000000681e+01
7.075727299999999786e+01
7.033645599999999831e+01
7.035789400000000171e+01
7.002385499999999752e+01
6.990090800000000115e+01
6.973572500000000218e+01
6.870336399999999344e+01
6.838273200000000429e+01
6.828674599999999373e+01
6.849124799999999880e+01
6.944200899999999876e+01
7.104603099999999927e+01
7.279892900000000111e+01
7.454782000000000153e+01
7.634312400000000309e+01
7.869314799999999366e+01
8.152551699999999357e+01
8.398893999999999949e+01
8.693103600000000597e+01
8.859187599999999918e+01
9.068607799999999486e+01
9.221709799999999291e+01
9.330074000000000467e+01
9.452768199999999865e+01
9.576819600000000321e+01
9.640954000000000690e+01
9.570850000000000080e+01
9.580613700000000676e+01
9.539201599999999814e+01
9.560132600000000025e+01
9.534932000000000585e+01
9.483554100000000631e+01
9.493621500000000424e+01
9.524478899999999726e+01
9.506046399999999608e+01
9.500390600000000063e+01
9.570490700000000572e+01
9.637581400000000542e+01
9.658255699999999422e+01
9.757474999999999454e+01
9.834566700000000594e+01
9.927139999999999986e+01
9.948450400000000116e+01
9.985144099999999412e+01
1.003843099999999993e+02
1.007271899999999931e+02
1.016245899999999978e+02
1.022495799999999946e+02
1.024070600000000013e+02
1.023948599999999942e+02
1.024718799999999987e+02
1.024186799999999948e+02
1.022695599999999985e+02
1.016067100000000067e+02
1.012923600000000022e+02
1.009775400000000047e+02
1.012093200000000053e+02
1.010986999999999938e+02
1.004441400000000044e+02
9.990950499999999579e+01
9.881374200000000485e+01
9.774079000000000406e+01
9.569277900000000159e+01
9.396931700000000376e+01
9.233373000000000275e+01
9.058928600000000131e+01
8.874392299999999523e+01
8.628853800000000263e+01
8.379147199999999884e+01
8.218891899999999850e+01
8.177608200000000238e+01
8.222821299999999667e+01
8.269607899999999745e+01
8.357756999999999437e+01
8.395101400000000069e+01
8.475732100000000457e+01
8.500400899999999638e+01
8.605702399999999841e+01
8.696359800000000462e+01
8.743587999999999738e+01
8.796603000000000350e+01
8.837365300000000445e+01
8.890475499999999442e+01
8.905659400000000403e+01
8.855609599999999659e+01
8.846788700000000460e+01
8.874138700000000313e+01
8.757817300000000671e+01
8.679616900000000612e+01
8.586589600000000644e+01
8.514323199999999758e+01
8.418066000000000315e+01
8.300697599999999454e+01
8.248979199999999423e+01
8.226777800000000695e+01
8.207513600000000054e+01
8.139806299999999339e+01
8.071321000000000367e+01
8.062407500000000482e+01
8.052244600000000219e+01
8.034568699999999808e+01
8.061672299999999325e+01
8.089703000000000088e+01
8.099178000000000566e+01
8.142626599999999826e+01
8.168639699999999948e+01
8.117329999999999757e+01
8.012050000000000693e+01
8.021133899999999528e+01
8.036330399999999941e+01
8.031090500000000532e+01
8.027021399999999574e+01
8.028656100000000606e+01
8.044477899999999693e+01
8.031610799999999983e+01
8.017115599999999631e+01
7.998366500000000201e+01
7.887578999999999496e+01
7.834226599999999507e+01
7.782893900000000542e+01
7.768299600000000282e+01
7.766726099999999633e+01
7.743043400000000531e+01
7.713523000000000707e+01
7.671399599999999452e+01
7.676214099999999974e+01
7.628623199999999827e+01
7.637040000000000362e+01
7.628873600000000010e+01
7.593921500000000435e+01
7.563026600000000599e+01
7.507863199999999892e+01
7.505903600000000608e+01
7.493174500000000648e+01
7.413330700000000206e+01
7.402121200000000556e+01
7.373396400000000028e+01
7.298549500000000023e+01
7.357590299999999672e+01
7.348846399999999335e+01
7.323706500000000119e+01
7.271198200000000611e+01
7.242350600000000327e+01
7.236491599999999380e+01
7.218869899999999973e+01
7.182095900000000199e+01
7.126627200000000073e+01
7.102613200000000404e+01
7.091630100000000425e+01
7.107307500000000289e+01
7.125942600000000482e+01
7.132130800000000193e+01
7.157061600000000112e+01
7.102624900000000707e+01
7.108008300000000190e+01
7.066796600000000694e+01
7.066910099999999773e+01
7.068575900000000445e+01
7.119056600000000401e+01
7.155987100000000112e+01
7.100572699999999315e+01
7.094947999999999411e+01
7.104838499999999613e+01
7.080580999999999392e+01
7.141795000000000471e+01
7.253102199999999300e+01
7.423247100000000387e+01
7.581744500000000642e+01
7.828377100000000155e+01
8.141862700000000075e+01
8.423628700000000435e+01
8.678037600000000396e+01
8.884675500000000170e+01
9.118841100000000210e+01
9.319314300000000628e+01
9.496663800000000322e+01
9.563804000000000372e+01
9.650294399999999939e+01
9.686654799999999454e+01
9.720500499999999988e+01
9.767480999999999369e+01
9.776361199999999485e+01
9.791368199999999433e+01
9.735659300000000371e+01
9.738234500000000082e+01
9.764624299999999835e+01
9.744362800000000391e+01
9.739288299999999765e+01
9.767596199999999840e+01
9.730386400000000435e+01
9.738886899999999969e+01
9.771201100000000395e+01
9.923674900000000321e+01
1.000880899999999940e+02
1.008847999999999985e+02
1.018231600000000014e+02
1.029719099999999941e+02
1.038852600000000024e+02
1.044045399999999972e+02
1.059701100000000054e+02
1.063632400000000047e+02
1.067615600000000029e+02
1.068688300000000027e+02
1.066956200000000052e+02
1.072736500000000035e+02
1.072764700000000033e+02
1.072771900000000045e+02
1.071236799999999931e+02
1.065702900000000000e+02
1.063085700000000031e+02
1.055673199999999952e+02
1.053181199999999933e+02
1.043345400000000041e+02
1.035065500000000043e+02
1.029475900000000053e+02
1.017233999999999980e+02
1.004093299999999971e+02
9.879210100000000239e+01
9.829235799999999301e+01
9.738696400000000608e+01
9.508666999999999803e+01
9.284452400000000694e+01
8.985214899999999716e+01
8.769666700000000503e+01
8.496547700000000702e+01
8.380721099999999524e+01
8.356358099999999922e+01
8.470515399999999318e+01
8.579791699999999821e+01
8.650347899999999868e+01
8.689668799999999749e+01
8.707512099999999577e+01
8.789097900000000152e+01
8.854014499999999543e+01
8.942742499999999950e+01
8.998210699999999918e+01
9.020966699999999605e+01
9.101436200000000554e+01
9.079328499999999735e+01
9.123122700000000407e+01
9.110895999999999617e+01
9.070917199999999525e+01
9.059042100000000630e+01
8.958052499999999441e+01
8.923258900000000438e+01
8.891702700000000448e+01
8.769106800000000135e+01
8.696325699999999870e+01
8.645620200000000466e+01
8.625719100000000594e+01
8.522680900000000292e+01
8.473090000000000543e+01
8.492098699999999667e+01
8.471041499999999758e+01
8.459102599999999939e+01
8.431761799999999596e+01
8.412418499999999710e+01
8.384088099999999599e+01
8.398562400000000139e+01
8.416232800000000225e+01
8.410485599999999806e+01
8.491020899999999472e+01
8.468868999999999403e+01
8.485819499999999493e+01
8.498710900000000379e+01
8.462953500000000417e+01
8.480531100000000322e+01
8.524155500000000529e+01
8.574531199999999842e+01
8.514121000000000095e+01
8.511902899999999761e+01
8.504476800000000480e+01
8.463098200000000304e+01
8.459365800000000490e+01
8.366860900000000356e+01
8.327126800000000628e+01
8.250102699999999345e+01
8.231218900000000360e+01
8.186872400000000027e+01
8.165801600000000349e+01
8.105752699999999322e+01
8.099288300000000618e+01
8.109606100000000595e+01
8.117498600000000408e+01
8.096495199999999670e+01
8.081168200000000468e+01
8.051900600000000452e+01
8.063712099999999339e+01
8.050769300000000328e+01
