9.702899399999999730e+01
9.685571099999999944e+01
9.651091999999999871e+01
9.624719899999999484e+01
9.542146499999999776e+01
9.524323699999999349e+01
9.539640799999999388e+01
9.569964400000000637e+01
9.606739000000000317e+01
9.656393799999999317e+01
9.704351499999999930e+01
9.741174800000000289e+01
9.839797400000000493e+01
9.966701500000000635e+01
1.006590499999999935e+02
1.017129199999999969e+02
1.026778099999999938e+02
1.037581500000000005e+02
1.042904199999999975e+02
1.056676099999999963e+02
1.064561800000000034e+02
1.068139299999999992e+02
1.071879799999999960e+02
1.074301200000000023e+02
1.072825500000000005e+02
1.072839699999999965e+02
1.071630300000000062e+02
1.067601499999999959e+02
1.069718400000000003e+02
1.064588999999999999e+02
1.061145800000000037e+02
1.060150299999999959e+02
1.057005599999999959e+02
1.051526199999999989e+02
1.046878200000000021e+02
1.041423499999999933e+02
1.032792100000000062e+02
1.022476199999999977e+02
1.014796500000000066e+02
9.931493000000000393e+01
9.734454800000000319e+01
9.453524899999999320e+01
9.204689399999999466e+01
8.986669000000000551e+01
8.866061999999999443e+01
8.826611200000000679e+01
8.825611999999999568e+01
8.912080600000000175e+01
8.955876999999999555e+01
8.982264000000000692e+01
8.961914699999999812e+01
9.054432400000000314e+01
9.183263999999999783e+01
9.250799800000000062e+01
9.278304400000000385e+01
9.342662500000000136e+01
9.348024100000000658e+01
9.343205500000000541e+01
9.323029999999999973e+01
9.286037799999999720e+01
9.221622800000000097e+01
9.173048699999999656e+01
9.094767799999999625e+01
8.956443000000000154e+01
8.831080599999999947e+01
8.749904399999999782e+01
8.656164599999999609e+01
8.589806600000000003e+01
8.536359500000000367e+01
8.517398900000000594e+01
8.437183299999999520e+01
8.390141099999999597e+01
8.430493099999999629e+01
8.372030300000000125e+01
8.408028799999999592e+01
8.427227499999999338e+01
8.422250599999999565e+01
8.401511600000000612e+01
8.400046399999999380e+01
8.349003399999999431e+01
8.313016700000000014e+01
8.341628500000000201e+01
8.359615800000000263e+01
8.404508800000000690e+01
8.373139399999999455e+01
8.330496599999999319e+01
8.316630299999999920e+01
8.271943899999999417e+01
8.182078400000000329e+01
8.079150400000000332e+01
8.087932000000000698e+01
8.079608600000000251e+01
8.104246299999999792e+01
8.101798499999999592e+01
8.014827499999999816e+01
8.010145500000000141e+01
7.984784000000000503e+01
7.962364599999999371e+01
7.907505600000000356e+01
7.853090199999999754e+01
7.802479300000000251e+01
7.832650599999999486e+01
7.799474999999999625e+01
7.777939000000000647e+01
7.799716700000000458e+01
7.817199700000000462e+01
7.780631499999999789e+01
7.834127300000000105e+01
7.840297099999999375e+01
7.770702900000000568e+01
7.713885000000000502e+01
7.695748700000000042e+01
7.655595099999999320e+01
7.696883200000000613e+01
7.689625399999999900e+01
7.651805899999999383e+01
7.665238899999999944e+01
7.614607599999999366e+01
7.606366199999999367e+01
7.510305999999999926e+01
7.487641999999999598e+01
7.472540200000000254e+01
7.507528800000000047e+01
7.428686700000000087e+01
7.464014199999999732e+01
7.451701500000000067e+01
7.453129599999999755e+01
7.430559599999999421e+01
7.428428599999999449e+01
7.404695999999999856e+01
7.377168600000000254e+01
7.394314199999999460e+01
7.335762699999999370e+01
7.279725799999999936e+01
7.185638099999999895e+01
7.141326599999999303e+01
7.108266299999999660e+01
7.068011300000000574e+01
7.073253900000000272e+01
7.095230200000000309e+01
7.118893099999999663e+01
7.137962799999999675e+01
7.162671400000000688e+01
7.219755999999999574e+01
7.389518300000000295e+01
7.612077299999999980e+01
7.807708900000000085e+01
8.004458200000000545e+01
8.235375799999999913e+01
8.442456799999999362e+01
8.648322699999999941e+01
8.849827500000000668e+01
8.972327799999999343e+01
9.091056199999999876e+01
9.186073100000000125e+01
9.271470700000000420e+01
9.325229699999999866e+01
9.372145600000000343e+01
9.379285500000000297e+01
9.330031999999999925e+01
9.325261600000000328e+01
9.390095399999999870e+01
9.356172399999999811e+01
9.351479000000000497e+01
9.330146299999999826e+01
9.336561000000000377e+01
9.339438900000000388e+01
9.306021099999999535e+01
9.364994599999999991e+01
9.376921000000000106e+01
9.425451400000000035e+01
9.478758200000000045e+01
9.518935100000000205e+01
9.484076000000000306e+01
9.570507499999999368e+01
9.643143299999999840e+01
9.679451799999999650e+01
9.687980000000000302e+01
9.788470200000000432e+01
9.805616700000000208e+01
9.841969899999999427e+01
9.835204699999999889e+01
9.798922299999999552e+01
9.816789799999999389e+01
9.822338499999999328e+01
9.798711799999999528e+01
9.764388700000000654e+01
9.726062799999999697e+01
9.709925499999999943e+01
9.646057600000000321e+01
9.587757299999999816e+01
9.437019399999999791e+01
9.325054000000000087e+01
9.158289499999999350e+01
8.907428400000000579e+01
8.593656400000000417e+01
8.335876199999999869e+01
8.093364699999999345e+01
8.039836699999999325e+01
8.057241899999999646e+01
8.166942000000000235e+01
8.268120799999999804e+01
8.353348699999999383e+01
8.425579000000000462e+01
8.469262200000000007e+01
8.507610400000000084e+01
8.589394199999999557e+01
8.664211199999999735e+01
8.701350899999999911e+01
8.734002499999999714e+01
8.811001199999999756e+01
8.828782599999999547e+01
8.760921000000000447e+01
8.730320799999999792e+01
8.681853599999999460e+01
8.602971800000000258e+01
8.531145899999999926e+01
8.487390499999999349e+01
8.424254200000000026e+01
8.388229099999999505e+01
8.292270700000000261e+01
8.250287199999999643e+01
8.177348700000000292e+01
8.116374899999999570e+01
8.100465400000000216e+01
8.084154499999999643e+01
8.073499599999999532e+01
8.049035399999999640e+01
8.077507199999999443e+01
7.992598300000000222e+01
8.003832300000000544e+01
7.989266999999999541e+01
8.008132899999999665e+01
8.017581500000000005e+01
8.033895499999999856e+01
8.021500699999999995e+01
7.993819899999999734e+01
7.948237699999999961e+01
7.959596500000000674e+01
7.938026000000000693e+01
7.917396200000000306e+01
7.827346199999999499e+01
7.819957599999999331e+01
7.750144699999999887e+01
7.738997700000000179e+01
7.755962399999999946e+01
7.699939399999999523e+01
7.660590500000000702e+01
7.635765499999999406e+01
7.573660599999999476e+01
7.518494200000000660e+01
7.491601099999999747e+01
7.478940400000000466e+01
7.458897899999999481e+01
7.422124700000000530e+01
7.379326199999999858e+01
7.342973200000000134e+01
7.319852400000000614e+01
7.279634799999999473e+01
7.299602400000000557e+01
7.277906400000000531e+01
7.223492500000000405e+01
7.260232200000000091e+01
7.249013700000000426e+01
7.247593299999999772e+01
7.244244600000000389e+01
7.230282800000000520e+01
7.220996599999999432e+01
7.204918000000000688e+01
7.203028700000000129e+01
7.117844999999999800e+01
7.078818599999999606e+01
7.017892899999999656e+01
6.974163699999999722e+01
6.956660999999999717e+01
6.931238700000000108e+01
6.894419800000000009e+01
6.893405599999999822e+01
6.889076799999999423e+01
6.841182799999999986e+01
6.898548300000000211e+01
6.899851700000000676e+01
6.940344600000000241e+01
6.908736700000000042e+01
6.898333200000000431e+01
6.847700899999999535e+01
6.773873100000000136e+01
6.790774999999999295e+01
6.806182900000000302e+01
6.739971300000000554e+01
6.710651599999999917e+01
6.663937599999999861e+01
6.702424700000000257e+01
6.701605800000000102e+01
6.787300500000000625e+01
6.835239900000000546e+01
6.920037100000000407e+01
7.016156599999999344e+01
7.231728200000000584e+01
7.414812600000000486e+01
7.656527599999999723e+01
7.916580100000000186e+01
8.151010700000000497e+01
8.382532500000000653e+01
8.567914799999999786e+01
8.756139199999999789e+01
8.902807799999999361e+01
9.053356700000000501e+01
9.172607499999999447e+01
9.211475799999999481e+01
9.264842000000000155e+01
9.303046199999999999e+01
9.374284799999999507e+01
9.348211399999999571e+01
9.320255000000000223e+01
9.293721100000000490e+01
9.274692600000000198e+01
9.263027800000000411e+01
9.247767699999999991e+01
9.226075199999999654e+01
9.212157299999999793e+01
9.235372999999999877e+01
9.339068000000000325e+01
9.412413999999999703e+01
9.473730999999999369e+01
9.528257600000000593e+01
9.633213299999999890e+01
9.772012100000000601e+01
9.829260100000000477e+01
9.890164900000000614e+01
9.996320000000000050e+01
1.006491000000000042e+02
1.013763399999999990e+02
1.013641300000000030e+02
1.015625000000000000e+02
1.021409799999999990e+02
1.022309699999999992e+02
1.025103699999999947e+02
1.019804400000000015e+02
1.014936200000000071e+02
1.008772500000000036e+02
1.008870100000000036e+02
1.003030399999999958e+02
9.987526599999999632e+01
9.892269799999999691e+01
9.764736600000000522e+01
9.615972800000000120e+01
9.481473499999999888e+01
9.356904199999999605e+01
9.107381499999999619e+01
8.814931900000000553e+01
8.548410199999999293e+01
8.379205699999999979e+01
8.358827599999999336e+01
8.409200900000000445e+01
8.557459799999999461e+01
8.685043000000000291e+01
8.740052799999999422e+01
8.853291000000000111e+01
8.928703500000000304e+01
8.976202299999999923e+01
8.977653899999999965e+01
9.021382800000000657e+01
9.011374499999999443e+01
9.041677599999999870e+01
9.106013400000000502e+01
9.146315500000000043e+01
9.131440200000000118e+01
9.123010600000000636e+01
9.089192400000000305e+01
9.076981899999999825e+01
9.023781599999999514e+01
8.952710100000000182e+01
8.849014599999999575e+01
8.737016900000000419e+01
8.683337600000000123e+01
8.654491000000000156e+01
8.582914100000000701e+01
8.484929700000000707e+01
8.446324599999999805e+01
8.367957499999999982e+01
8.335657500000000653e+01
8.316338899999999512e+01
8.323778299999999319e+01
8.320151300000000560e+01
8.287578700000000254e+01
8.297145999999999333e+01
8.313177199999999800e+01
8.278727800000000059e+01
8.299729999999999563e+01
8.285261199999999349e+01
8.279747299999999655e+01
8.298235900000000242e+01
8.279119199999999523e+01
8.208168899999999724e+01
8.172787200000000496e+01
8.152957000000000676e+01
8.122871200000000158e+01
8.082967999999999620e+01
8.024384999999999479e+01
7.950334999999999752e+01
8.013065000000000282e+01
8.033476199999999778e+01
8.045503800000000183e+01
8.000551699999999755e+01
7.947249100000000510e+01
7.889358300000000668e+01
7.837426200000000165e+01
7.821015099999999620e+01
7.738571899999999459e+01
7.711118700000000104e+01
7.712777900000000386e+01
7.723489399999999705e+01
7.716054300000000410e+01
7.717665499999999668e+01
7.684413999999999589e+01
7.642294200000000615e+01
7.584494599999999309e+01
7.564346899999999607e+01
7.554507200000000466e+01
7.536119499999999505e+01
7.517402599999999779e+01
7.462059999999999604e+01
7.465693199999999763e+01
7.447852799999999718e+01
7.390465299999999615e+01
7.376737199999999461e+01
7.330440500000000270e+01
7.294215800000000627e+01
7.270124900000000423e+01
7.215936899999999810e+01
7.206782900000000325e+01
7.143698799999999949e+01
7.092853800000000319e+01
7.075163999999999476e+01
7.061063099999999793e+01
7.090953600000000279e+01
7.098411000000000115e+01
7.031046299999999860e+01
7.014011899999999855e+01
7.025821399999999528e+01
7.003183199999999431e+01
6.961103300000000615e+01
6.834074300000000335e+01
6.817653199999999458e+01
6.768914399999999887e+01
6.783772399999999436e+01
6.786285900000000026e+01
6.802779900000000168e+01
6.849497599999999409e+01
6.998577500000000384e+01
7.156976099999999974e+01
7.320559500000000241e+01
7.480883099999999786e+01
7.670255400000000634e+01
7.892436899999999866e+01
8.118967200000000162e+01
8.353136000000000649e+01
8.507607500000000300e+01
8.732891100000000506e+01
8.873848399999999970e+01
8.966116900000000101e+01
9.073441200000000606e+01
9.103216700000000117e+01
9.116353200000000356e+01
9.148345299999999725e+01
9.123915999999999826e+01
9.087313100000000077e+01
9.093903899999999396e+01
9.105423100000000147e+01
9.094669500000000539e+01
9.113512299999999300e+01
9.113886100000000567e+01
9.166133399999999654e+01
9.186867499999999609e+01
9.273804699999999457e+01
9.352805299999999988e+01
9.400501800000000685e+01
9.468133199999999761e+01
9.546871699999999805e+01
9.635308700000000215e+01
9.725180400000000702e+01
9.809460500000000138e+01
9.892600400000000604e+01
1.004019200000000041e+02
1.006906500000000051e+02
1.008930399999999992e+02
1.012751599999999996e+02
1.011755399999999980e+02
1.010988399999999956e+02
1.008520199999999960e+02
1.005727700000000056e+02
1.007048800000000028e+02
1.006839899999999943e+02
1.003990299999999962e+02
9.961046299999999576e+01
9.920442500000000052e+01
9.853722399999999482e+01
9.773928499999999531e+01
9.674715700000000140e+01
9.634114800000000400e+01
9.448724099999999737e+01
9.302004300000000114e+01
9.128741999999999734e+01
8.944714299999999696e+01
8.743255600000000527e+01
8.507940299999999922e+01
8.360140199999999311e+01
8.260749099999999601e+01
8.337061900000000492e+01
8.383530500000000529e+01
8.505360500000000457e+01
8.575629100000000449e+01
8.641860499999999945e+01
8.736217899999999759e+01
8.846053100000000313e+01
8.908598999999999535e+01
8.964270299999999736e+01
9.001369200000000603e+01
9.012354100000000301e+01
8.987896999999999537e+01
9.009066400000000385e+01
8.980565400000000409e+01
8.956019899999999723e+01
8.871235900000000640e+01
8.799545200000000023e+01
8.676639799999999525e+01
8.614944199999999341e+01
8.555188699999999358e+01
8.466740900000000636e+01
8.362955200000000389e+01
8.296695400000000120e+01
8.212050899999999842e+01
8.228258399999999995e+01
8.186437700000000461e+01
8.121378199999999481e+01
8.125302100000000394e+01
8.138616500000000542e+01
8.073047900000000254e+01
8.053151800000000549e+01
8.110881399999999530e+01
8.086860799999999472e+01
8.066696399999999301e+01
8.115755900000000622e+01
8.091024400000000583e+01
8.136423200000000122e+01
8.139339300000000321e+01
8.104676499999999351e+01
8.168055699999999320e+01
8.174824900000000127e+01
8.176192100000000096e+01
8.156400700000000370e+01
8.124278800000000444e+01
8.135222199999999759e+01
8.086167700000000025e+01
8.046671800000000019e+01
7.974469100000000310e+01
7.905483700000000624e+01
7.825457600000000014e+01
7.818626600000000337e+01
7.816162300000000585e+01
7.774643100000000118e+01
7.663242300000000284e+01
7.654579999999999984e+01
7.636007899999999893e+01
7.576139200000000073e+01
7.599226799999999571e+01
7.591800800000000038e+01
7.576236799999999505e+01
7.542860500000000457e+01
7.509632899999999722e+01
7.500098900000000413e+01
7.471584400000000414e+01
7.461282699999999579e+01
7.404617899999999509e+01
7.428080500000000086e+01
7.435490799999999467e+01
7.462219100000000083e+01
7.424021899999999619e+01
7.383080099999999391e+01
7.346318399999999826e+01
7.325407500000000027e+01
7.274067100000000607e+01
7.256542600000000220e+01
7.154236699999999871e+01
7.140301300000000140e+01
7.112278799999999990e+01
7.134807700000000352e+01
7.155752900000000238e+01
7.196865400000000079e+01
7.203081000000000245e+01
7.139828099999999722e+01
7.164248800000000017e+01
7.127018599999999537e+01
7.076934099999999717e+01
7.046973300000000506e+01
6.963530500000000245e+01
6.921453499999999792e+01
6.934673499999999535e+01
6.864443599999999890e+01
6.833023799999999426e+01
6.847021999999999764e+01
6.848127100000000667e+01
6.876807399999999859e+01
6.943273999999999546e+01
7.052799199999999757e+01
7.245252200000000187e+01
7.471011099999999772e+01
7.692138099999999667e+01
7.934483199999999670e+01
8.111553200000000174e+01
8.334256000000000597e+01
8.528563800000000583e+01
8.765147899999999481e+01
8.934538899999999728e+01
9.023543999999999699e+01
9.110726499999999817e+01
9.177452499999999702e+01
9.188587699999999359e+01
9.244769499999999596e+01
9.249528599999999301e+01
9.259089600000000075e+01
9.261639200000000471e+01
9.249833900000000142e+01
9.231268199999999524e+01
9.234506600000000276e+01
9.250359100000000012e+01
9.231330699999999467e+01
9.218750599999999906e+01
9.307043099999999924e+01
9.372486299999999915e+01
9.428754899999999850e+01
9.500568800000000635e+01
9.587329499999999882e+01
9.663550700000000404e+01
9.804542800000000113e+01
9.850687800000000038e+01
9.968549199999999644e+01
1.004819600000000008e+02
1.013042700000000025e+02
1.015802699999999987e+02
1.018805700000000058e+02
1.023511299999999977e+02
1.027816600000000022e+02
1.031207500000000010e+02
1.027946900000000028e+02
1.026613600000000019e+02
1.028263599999999940e+02
1.028232200000000063e+02
1.022350799999999964e+02
1.013148000000000053e+02
1.006792499999999961e+02
9.982220399999999927e+01
9.910123199999999599e+01
9.887906300000000215e+01
9.743122800000000439e+01
9.626876599999999939e+01
9.458487599999999418e+01
9.279754300000000455e+01
9.039173399999999958e+01
8.821220399999999984e+01
8.589601399999999387e+01
8.433184900000000539e+01
8.420738599999999963e+01
8.513767400000000407e+01
8.540927999999999543e+01
8.615673200000000520e+01
8.687419900000000439e+01
8.718693299999999624e+01
8.753917900000000429e+01
8.822715900000000033e+01
8.944507799999999520e+01
9.007047400000000437e+01
9.092282899999999302e+01
9.118018899999999860e+01
9.140264000000000522e+01
9.165369499999999903e+01
9.134364300000000014e+01
9.149824200000000474e+01
9.124503300000000650e+01
9.073768200000000661e+01
9.016012899999999775e+01
8.958632000000000062e+01
8.837306900000000098e+01
8.790001399999999876e+01
8.678566299999999956e+01
8.575060600000000477e+01
8.507555000000000689e+01
8.434500400000000297e+01
8.389582400000000462e+01
8.325269000000000119e+01
8.365548800000000540e+01
8.397804600000000619e+01
8.374989700000000425e+01
8.384395200000000159e+01
8.353755200000000514e+01
8.351578200000000152e+01
8.360320199999999602e+01
8.358088999999999658e+01
8.342785399999999640e+01
8.307216499999999826e+01
8.320540300000000400e+01
8.288236700000000212e+01
8.233613200000000631e+01
8.204439999999999600e+01
8.158714500000000669e+01
8.170043800000000545e+01
8.171117900000000134e+01
8.113351199999999608e+01
8.016877800000000320e+01
7.996057700000000068e+01
7.946350900000000195e+01
7.904970799999999542e+01
7.834414400000000001e+01
7.794607700000000250e+01
7.745562900000000184e+01
7.737512999999999863e+01
7.687398100000000056e+01
7.666189400000000376e+01
7.664634499999999662e+01
7.659547799999999995e+01
7.636750299999999925e+01
7.608807799999999588e+01
7.573990299999999820e+01
7.556798399999999560e+01
7.525236200000000508e+01
7.522807199999999739e+01
7.480403200000000652e+01
7.450133200000000500e+01
7.415326100000000054e+01
7.422386299999999437e+01
7.394906799999999691e+01
7.371964699999999482e+01
7.328157600000000116e+01
7.263885500000000661e+01
7.134238799999999969e+01
7.145784700000000100e+01
7.141334999999999411e+01
7.072833599999999876e+01
7.009319899999999848e+01
6.977928099999999745e+01
6.938667900000000088e+01
6.917628499999999292e+01
6.913426099999999508e+01
6.894858999999999583e+01
6.865618499999999358e+01
6.859223599999999976e+01
6.855955299999999397e+01
6.846389200000000130e+01
6.853279299999999807e+01
6.828096700000000396e+01
6.788314900000000307e+01
6.714261000000000479e+01
6.706620800000000315e+01
6.687461799999999812e+01
6.676115599999999972e+01
6.640140800000000354e+01
6.736112599999999873e+01
6.770656599999999514e+01
6.897770099999999616e+01
7.081160099999999602e+01
7.280493099999999629e+01
7.526989700000000028e+01
7.794317300000000159e+01
8.048906599999999401e+01
8.260553199999999663e+01
8.469244000000000483e+01
8.677558299999999747e+01
8.810404300000000433e+01
8.959398699999999849e+01
9.035204099999999983e+01
9.090850700000000018e+01
9.140514600000000200e+01
9.158725599999999645e+01
9.166660500000000411e+01
9.120042800000000227e+01
9.120493299999999692e+01
9.116768399999999417e+01
9.100513599999999315e+01
9.126382200000000466e+01
9.152920000000000300e+01
9.162884800000000496e+01
9.203083999999999776e+01
9.249402499999999350e+01
9.308912999999999727e+01
9.362197199999999953e+01
9.448906100000000663e+01
9.510462900000000275e+01
9.610121900000000039e+01
9.713757800000000486e+01
9.793429299999999671e+01
9.838997600000000432e+01
9.878333800000000053e+01
9.895513900000000262e+01
9.968977800000000400e+01
1.003046199999999999e+02
1.006509400000000056e+02
1.002451400000000064e+02
1.001333499999999930e+02
9.952065199999999834e+01
9.916955400000000509e+01
9.900324799999999925e+01
9.851840500000000134e+01
9.818480999999999881e+01
9.771927599999999359e+01
9.756258699999999351e+01
9.744355799999999590e+01
9.707614300000000185e+01
9.625245099999999354e+01
9.484926500000000260e+01
9.386639200000000471e+01
9.245615800000000206e+01
9.098481499999999755e+01
8.856319399999999575e+01
8.590641499999999553e+01
8.304454200000000696e+01
8.160284599999999955e+01
8.088983699999999999e+01
8.112864999999999327e+01
8.202705600000000175e+01
8.286663199999999563e+01
8.332587300000000141e+01
8.453987300000000005e+01
8.529017899999999486e+01
8.607707499999999357e+01
8.632354899999999986e+01
8.684192799999999579e+01
8.751075500000000318e+01
8.732397400000000687e+01
8.775508299999999906e+01
8.769849999999999568e+01
8.758517200000000003e+01
8.734145700000000545e+01
8.656578600000000279e+01
8.625807100000000105e+01
8.593860300000000052e+01
8.531156300000000670e+01
8.440492799999999818e+01
8.409615599999999347e+01
8.380816099999999835e+01
8.351523799999999653e+01
8.296354499999999632e+01
8.231956700000000637e+01
8.214040400000000375e+01
8.182125600000000532e+01
8.118968499999999722e+01
8.107937200000000644e+01
8.080763500000000477e+01
8.155655899999999292e+01
8.158560500000000104e+01
8.164014500000000396e+01
8.171921100000000138e+01
8.184046100000000479e+01
8.227964400000000467e+01
8.266786799999999857e+01
8.219357499999999561e+01
8.188392199999999832e+01
8.133872800000000325e+01
8.069248500000000490e+01
8.005070700000000272e+01
7.988061299999999676e+01
7.928576099999999371e+01
7.892205699999999524e+01
7.855772100000000080e+01
7.801827000000000112e+01
7.740229399999999771e+01
7.723030199999999468e+01
7.680166499999999985e+01
7.667010100000000250e+01
7.658629100000000278e+01
7.623391700000000526e+01
7.611653400000000147e+01
7.596322600000000591e+01
7.511747400000000141e+01
7.491516699999999673e+01
7.474015400000000398e+01
7.434946600000000672e+01
7.396896700000000635e+01
7.428798500000000615e+01
7.444923199999999497e+01
7.441748599999999669e+01
7.437497600000000375e+01
7.380814399999999864e+01
7.345763499999999624e+01
7.304118300000000374e+01
7.295467100000000471e+01
7.240376999999999441e+01
7.245416199999999662e+01
7.219812799999999697e+01
7.195494399999999757e+01
7.075691399999999476e+01
7.038345200000000546e+01
6.989753899999999476e+01
6.991667499999999791e+01
6.971560200000000407e+01
7.011308599999999558e+01
7.040709699999999316e+01
7.054240299999999309e+01
7.059368000000000620e+01
7.033496800000000349e+01
7.039214599999999677e+01
7.066218499999999381e+01
7.042892399999999498e+01
7.021496999999999389e+01
7.002768100000000118e+01
6.976257099999999411e+01
6.986327099999999746e+01
7.018717399999999884e+01
7.006664600000000576e+01
7.028581900000000360e+01
7.042995799999999917e+01
7.111402300000000309e+01
7.244570400000000632e+01
7.394107099999999377e+01
7.573001499999999453e+01
7.836558399999999835e+01
8.125564500000000123e+01
8.438895899999999983e+01
8.685594199999999887e+01
8.915902699999999470e+01
9.087876400000000388e+01
9.320940699999999879e+01
9.508811000000000035e+01
9.574947699999999884e+01
9.672322800000000598e+01
9.718618399999999724e+01
9.794160499999999558e+01
9.801677800000000218e+01
9.833253399999999544e+01
9.811500100000000657e+01
9.757182799999999645e+01
9.722341099999999869e+01
9.719379399999999691e+01
9.742798000000000513e+01
9.751441300000000467e+01
9.772871399999999653e+01
9.780404099999999801e+01
9.799150600000000111e+01
9.821663499999999658e+01
9.916534099999999796e+01
9.969876600000000622e+01
1.005999000000000052e+02
1.014036100000000005e+02
1.019935799999999944e+02
1.036893699999999967e+02
1.041500199999999978e+02
1.046988599999999963e+02
1.052671500000000009e+02
1.062714200000000062e+02
1.067314200000000000e+02
1.070648800000000023e+02
1.071887899999999973e+02
1.070634000000000015e+02
1.068189299999999946e+02
1.061007500000000050e+02
1.058666900000000055e+02
1.055823100000000068e+02
1.050482499999999959e+02
1.046188400000000058e+02
1.039402299999999997e+02
1.035258299999999991e+02
1.022752700000000061e+02
1.016873899999999935e+02
1.003586700000000036e+02
9.921242200000000366e+01
9.815227299999999389e+01
9.652429800000000171e+01
9.425082799999999850e+01
9.169539399999999318e+01
8.893800899999999388e+01
8.599042699999999684e+01
8.454663700000000404e+01
8.331747199999999509e+01
8.325074600000000657e+01
8.418311099999999669e+01
8.494136600000000215e+01
8.524267700000000048e+01
8.584592399999999657e+01
8.660982199999999409e+01
8.717748500000000433e+01
8.831756000000000029e+01
8.933587500000000148e+01
8.970568500000000256e+01
8.954659900000000050e+01
8.984243899999999883e+01
9.036976300000000606e+01
9.044183499999999754e+01
9.005664299999999400e+01
8.978769599999999684e+01
8.883505900000000111e+01
8.797785199999999861e+01
8.724105199999999627e+01
8.617442400000000191e+01
8.544223900000000071e+01
8.484367699999999957e+01
8.359473599999999749e+01
8.367638800000000288e+01
8.321015400000000284e+01
8.283361600000000635e+01
8.202936400000000106e+01
8.167402900000000443e+01
8.156455400000000111e+01
8.133922200000000657e+01
8.128640900000000613e+01
8.097299800000000403e+01
8.145427899999999966e+01
8.150182399999999916e+01
8.175920100000000446e+01
8.133474900000000218e+01
8.177416499999999644e+01
8.162749200000000371e+01
8.179174399999999423e+01
8.175372900000000698e+01
8.140036499999999364e+01
8.155985599999999636e+01
8.156311200000000383e+01
8.118392400000000464e+01
8.081982499999999447e+01
8.054264299999999821e+01
8.022223999999999933e+01
8.012196400000000551e+01
8.043591899999999839e+01
8.002096500000000390e+01
7.995801299999999401e+01
7.967363600000000190e+01
7.948451500000000181e+01
7.940996900000000380e+01
7.956352900000000261e+01
7.927767400000000464e+01
7.941703499999999849e+01
7.939178099999999461e+01
7.881010399999999549e+01
7.871252599999999688e+01
7.848283600000000604e+01
7.821831199999999740e+01
7.804706899999999337e+01
7.746754099999999710e+01
7.716904700000000616e+01
7.676267099999999743e+01
7.689995100000000150e+01
7.664116199999999424e+01
7.610476500000000044e+01
7.595946899999999857e+01
7.574427599999999927e+01
7.566810200000000464e+01
7.562790999999999997e+01
7.528399899999999434e+01
7.458138700000000654e+01
7.374608000000000629e+01
7.320834800000000087e+01
7.338343600000000322e+01
7.304719299999999294e+01
7.263987500000000352e+01
7.319432700000000125e+01
7.298903199999999458e+01
7.412502600000000541e+01
7.391302899999999454e+01
7.342546699999999760e+01
7.326440999999999804e+01
7.315932800000000213e+01
7.282705300000000648e+01
7.325927599999999984e+01
7.294635900000000106e+01
7.291139599999999632e+01
7.270750200000000518e+01
7.292554900000000373e+01
7.261130400000000407e+01
7.341274500000000103e+01
7.462343799999999305e+01
7.607369099999999662e+01
7.819250999999999863e+01
8.057616600000000062e+01
8.278300400000000536e+01
8.517896100000000104e+01
8.732467300000000421e+01
8.962524899999999661e+01
9.194993700000000558e+01
9.365829399999999794e+01
9.461177800000000104e+01
9.535260599999999442e+01
9.603456400000000315e+01
9.678590599999999711e+01
9.700937100000000157e+01
9.687761600000000328e+01
9.681226599999999394e+01
9.705701200000000028e+01
9.722174599999999600e+01
9.711656000000000688e+01
9.694334000000000628e+01
9.663772699999999816e+01
9.628921599999999614e+01
9.682486199999999599e+01
9.716868900000000053e+01
9.749075499999999295e+01
9.820884900000000073e+01
9.892902999999999736e+01
9.953635900000000447e+01
1.005807700000000011e+02
1.012398500000000041e+02
1.023019100000000066e+02
1.034119599999999934e+02
1.041513599999999968e+02
1.053495800000000031e+02
1.061532600000000031e+02
1.064427600000000069e+02
1.069619600000000048e+02
1.066055000000000064e+02
1.067018999999999949e+02
1.067044900000000069e+02
1.069502899999999954e+02
1.070315899999999942e+02
1.066382499999999993e+02
1.054696799999999968e+02
1.052083400000000069e+02
1.047920000000000016e+02
1.046161799999999999e+02
1.039613800000000055e+02
1.031046099999999939e+02
1.020410200000000032e+02
1.012788599999999946e+02
1.005042300000000068e+02
9.905176500000000317e+01
9.700873699999999644e+01
9.500187400000000082e+01
9.201724799999999505e+01
9.006004400000000487e+01
8.758066599999999369e+01
8.695748399999999378e+01
8.727412099999999384e+01
8.808393200000000434e+01
8.961210199999999304e+01
9.050305899999999326e+01
9.071990800000000377e+01
9.153668500000000563e+01
9.231106699999999421e+01
9.315559799999999768e+01
9.427799000000000262e+01
9.483740600000000143e+01
9.530961800000000039e+01
9.513563499999999351e+01
9.517115400000000136e+01
9.532071299999999781e+01
9.492355100000000334e+01
9.463535899999999401e+01
9.408035099999999318e+01
9.334644699999999773e+01
9.292009799999999586e+01
9.200488599999999906e+01
9.075021099999999308e+01
8.966107800000000339e+01
8.911962699999999415e+01
8.848687499999999773e+01
8.750052300000000116e+01
8.673922600000000216e+01
8.625518399999999986e+01
8.597806400000000338e+01
8.583483999999999980e+01
8.596124100000000112e+01
8.588996699999999862e+01
8.575229500000000371e+01
8.574181299999999339e+01
8.572384300000000223e+01
8.609711299999999312e+01
8.641137999999999408e+01
8.620724199999999371e+01
8.620251600000000280e+01
8.615856200000000342e+01
8.596138999999999442e+01
8.589122399999999402e+01
8.594047799999999881e+01
8.566621899999999812e+01
8.505230500000000404e+01
8.519063300000000538e+01
8.473912300000000641e+01
8.386960200000000043e+01
8.361576599999999360e+01
8.331133599999999717e+01
8.332099100000000647e+01
8.256394799999999634e+01
8.187149499999999591e+01
8.100741499999999462e+01
8.005450100000000191e+01
7.982707499999999357e+01
7.979376899999999750e+01
7.948186200000000667e+01
7.935294700000000034e+01
7.865021199999999624e+01
7.782016000000000133e+01
7.690872799999999643e+01
7.701126399999999705e+01
7.714937299999999709e+01
7.678575499999999465e+01
7.623704100000000494e+01
7.609378900000000101e+01
7.518415899999999397e+01
7.494695799999999508e+01
7.466233900000000290e+01
7.447291400000000294e+01
7.383484599999999887e+01
7.325004400000000260e+01
7.358494799999999714e+01
7.336481499999999301e+01
7.300167299999999670e+01
7.245186099999999385e+01
7.233489400000000558e+01
7.233205599999999436e+01
7.245423800000000369e+01
7.262828000000000372e+01
7.291702999999999690e+01
7.275512500000000671e+01
7.275826600000000610e+01
7.233221699999999998e+01
7.179921899999999368e+01
7.152133200000000102e+01
7.102863800000000083e+01
7.042621699999999407e+01
6.974672200000000544e+01
6.895157500000000539e+01
6.839525000000000432e+01
6.819668699999999717e+01
6.799717200000000616e+01
6.762923999999999580e+01
6.780898500000000695e+01
6.799879300000000626e+01
6.873043199999999331e+01
7.013042900000000657e+01
7.173550500000000341e+01
7.346299000000000490e+01
7.504244099999999662e+01
7.672699299999999312e+01
7.919454199999999844e+01
8.151968800000000215e+01
8.365566400000000158e+01
8.534363600000000361e+01
8.670522900000000277e+01
8.802341300000000501e+01
8.937808400000000120e+01
9.073600100000000168e+01
9.161135600000000068e+01
9.291758099999999843e+01
9.219369000000000369e+01
9.192160599999999704e+01
9.216178200000000231e+01
9.249308700000000272e+01
9.273598200000000702e+01
9.281621300000000474e+01
9.325807500000000516e+01
9.384681299999999737e+01
9.392105999999999710e+01
9.427600800000000447e+01
9.524399599999999566e+01
9.524134499999999548e+01
9.521326899999999682e+01
9.580083999999999378e+01
9.634565899999999772e+01
9.707651099999999644e+01
9.700512299999999755e+01
9.795148199999999861e+01
9.829854699999999923e+01
9.872808000000000561e+01
9.935901099999999531e+01
9.897675099999999304e+01
9.924067100000000607e+01
9.984954700000000116e+01
9.917593700000000467e+01
9.954862699999999620e+01
9.956896100000000160e+01
9.949178799999999967e+01
9.912436999999999898e+01
9.869813600000000520e+01
9.783052000000000703e+01
9.700328500000000531e+01
9.663397399999999493e+01
9.522952999999999690e+01
9.318509000000000242e+01
9.158951100000000167e+01
8.871647299999999348e+01
8.580820699999999590e+01
8.330899100000000601e+01
8.101828500000000588e+01
8.034612300000000573e+01
8.063673699999999656e+01
8.167095600000000388e+01
8.225997800000000382e+01
8.351943400000000395e+01
8.372591699999999548e+01
8.495520299999999736e+01
8.516228099999999301e+01
8.590638199999999358e+01
8.655032599999999832e+01
8.701864899999999636e+01
8.787616699999999526e+01
8.815485300000000279e+01
8.839964600000000416e+01
8.843690800000000252e+01
8.794493199999999433e+01
8.809311300000000244e+01
8.714620999999999640e+01
8.568577700000000164e+01
8.490213799999999367e+01
8.405871199999999988e+01
8.248520700000000261e+01
8.194355400000000600e+01
8.141180500000000109e+01
8.096693899999999644e+01
8.011476000000000397e+01
7.939087200000000166e+01
7.968639100000000042e+01
7.887203599999999426e+01
7.867067799999999522e+01
7.844413199999999620e+01
7.854489499999999680e+01
7.877414199999999767e+01
7.901478600000000085e+01
7.891268499999999619e+01
7.949249799999999766e+01
7.977035399999999754e+01
7.934096900000000119e+01
7.890280599999999822e+01
7.846193800000000351e+01
7.849651400000000478e+01
7.822930200000000411e+01
7.795340600000000109e+01
7.686364500000000533e+01
7.694664500000000373e+01
7.670626799999999434e+01
7.643298000000000059e+01
7.626271800000000667e+01
7.596347099999999841e+01
7.578444700000000012e+01
7.591664199999999596e+01
7.575347700000000373e+01
7.539575299999999913e+01
7.541342000000000212e+01
7.535549399999999309e+01
7.484117700000000184e+01
7.471867899999999452e+01
7.404913999999999419e+01
7.358355799999999647e+01
7.358620200000000011e+01
7.299292300000000466e+01
7.233794399999999314e+01
7.154508099999999615e+01
7.197591099999999642e+01
7.128186300000000131e+01
7.078250599999999793e+01
7.037947400000000187e+01
7.020023000000000479e+01
7.020722899999999811e+01
7.073162999999999556e+01
7.063616100000000131e+01
7.044512400000000696e+01
7.075896799999999587e+01
6.959197799999999745e+01
6.933510900000000277e+01
6.860217000000000098e+01
6.884028000000000702e+01
6.839523199999999292e+01
6.802911899999999434e+01
6.795656400000000019e+01
6.748076600000000269e+01
6.733437999999999590e+01
6.689587799999999618e+01
6.732326999999999373e+01
6.661495499999999481e+01
6.669675599999999349e+01
6.659107699999999852e+01
6.594099699999999586e+01
6.620339099999999632e+01
6.609295000000000186e+01
6.618280000000000030e+01
6.609086999999999534e+01
6.595753100000000302e+01
6.622572800000000370e+01
6.679022799999999904e+01
6.736847600000000114e+01
6.728129800000000671e+01
6.828254699999999389e+01
6.962929300000000410e+01
7.112328100000000575e+01
7.345385299999999518e+01
7.576365300000000502e+01
7.832834900000000289e+01
8.098112799999999822e+01
8.313941300000000467e+01
8.501574499999999546e+01
8.678753899999999533e+01
8.821547800000000450e+01
8.943369300000000521e+01
9.073932600000000548e+01
9.142180500000000620e+01
9.220729300000000705e+01
9.266212899999999308e+01
9.361909900000000562e+01
9.330083799999999883e+01
9.332242499999999552e+01
9.285826199999999631e+01
9.295989799999999548e+01
9.263841499999999485e+01
9.296746899999999414e+01
9.280880999999999403e+01
9.304055499999999768e+01
9.364466500000000337e+01
9.381194100000000446e+01
9.517460400000000220e+01
9.617709899999999834e+01
9.633238299999999299e+01
9.720326000000000022e+01
9.837238600000000588e+01
9.896505899999999656e+01
9.989212799999999959e+01
1.015382800000000003e+02
1.026893599999999935e+02
1.031683500000000038e+02
1.033138799999999975e+02
1.037901700000000034e+02
1.038947900000000004e+02
1.040669500000000056e+02
1.038259900000000044e+02
1.032754400000000032e+02
1.028768299999999982e+02
1.023360299999999938e+02
1.014903000000000048e+02
1.013272800000000018e+02
1.006721399999999988e+02
9.958925999999999590e+01
9.859862900000000252e+01
9.802770499999999743e+01
9.642501000000000033e+01
9.446239400000000330e+01
9.195224899999999479e+01
8.914341899999999441e+01
8.644914599999999893e+01
8.423632299999999873e+01
8.295015899999999931e+01
8.298004199999999742e+01
8.371996900000000608e+01
8.465388400000000502e+01
8.578083599999999365e+01
8.646529099999999346e+01
8.701443199999999933e+01
8.741453799999999319e+01
8.799860800000000438e+01
8.879922700000000191e+01
8.877529199999999321e+01
8.875230299999999772e+01
8.927328400000000386e+01
8.980011600000000271e+01
8.943595200000000034e+01
8.904416200000000003e+01
8.865045999999999538e+01
8.855335800000000290e+01
8.816868200000000400e+01
8.731269199999999842e+01
8.646327999999999747e+01
8.548947099999999466e+01
8.392385699999999815e+01
8.368135499999999638e+01
8.283807099999999934e+01
8.157883699999999294e+01
8.147918599999999856e+01
8.122034299999999973e+01
8.020266300000000115e+01
8.005398599999999476e+01
8.024138899999999808e+01
8.032306800000000635e+01
8.064065200000000289e+01
8.053110200000000418e+01
8.004280500000000131e+01
8.045389299999999366e+01
8.074098299999999995e+01
8.085320299999999349e+01
8.078191200000000549e+01
8.058970700000000420e+01
7.981578299999999615e+01
7.946848699999999610e+01
7.934828000000000259e+01
7.912672999999999490e+01
7.888608100000000434e+01
7.879247700000000521e+01
7.818409599999999671e+01
7.828268300000000579e+01
7.813998800000000244e+01
7.805891800000000558e+01
7.749806900000000098e+01
7.724590800000000002e+01
7.712804599999999766e+01
7.752590899999999863e+01
7.737549799999999323e+01
7.741474100000000647e+01
7.723021400000000369e+01
7.685612000000000421e+01
7.706599400000000344e+01
7.694404600000000016e+01
7.629152100000000303e+01
7.639514499999999941e+01
7.623978700000000686e+01
7.571213799999999594e+01
7.563597300000000700e+01
7.506438799999999389e+01
7.478297000000000594e+01
7.486545499999999720e+01
7.448338400000000092e+01
7.387615300000000218e+01
7.374844400000000633e+01
7.353644099999999639e+01
7.404018100000000402e+01
7.386934499999999559e+01
7.318760299999999575e+01
7.290332300000000032e+01
7.247553700000000276e+01
7.181750800000000368e+01
7.128103500000000281e+01
7.115944199999999853e+01
7.130620600000000309e+01
7.122008900000000153e+01
7.152932599999999752e+01
7.122860599999999920e+01
7.163503199999999538e+01
7.143113900000000172e+01
7.122166400000000408e+01
7.057545700000000011e+01
7.033029899999999657e+01
7.007478899999999555e+01
6.968927999999999656e+01
6.953689099999999712e+01
6.967553499999999644e+01
6.940969699999999420e+01
6.895720199999999522e+01
6.940304299999999671e+01
6.997163799999999867e+01
7.091916399999999499e+01
7.257536699999999996e+01
7.468241700000000094e+01
7.678524799999999573e+01
7.928263300000000413e+01
8.176532400000000678e+01
8.351425399999999399e+01
8.545188000000000272e+01
8.670751400000000331e+01
8.802497700000000691e+01
8.947651399999999455e+01
9.102176400000000456e+01
9.181996399999999880e+01
9.176729699999999923e+01
9.264375200000000632e+01
9.302803600000000017e+01
9.279325199999999541e+01
9.314585300000000245e+01
9.332699900000000071e+01
9.337185599999999397e+01
9.410285199999999861e+01
9.351483000000000345e+01
9.350917800000000568e+01
9.415385100000000307e+01
9.424349999999999739e+01
9.453441499999999564e+01
9.484569000000000472e+01
9.576126899999999864e+01
9.657412100000000521e+01
9.704231500000000210e+01
9.813471499999999992e+01
9.877303700000000219e+01
9.980319400000000485e+01
1.003544399999999968e+02
1.005298399999999930e+02
1.009010399999999947e+02
1.014241399999999942e+02
1.020761399999999952e+02
1.017016500000000008e+02
1.018815799999999996e+02
1.014815300000000065e+02
1.019354600000000062e+02
1.015515999999999934e+02
1.012956300000000027e+02
1.007515400000000056e+02
1.001386200000000031e+02
9.905085900000000265e+01
9.835630799999999851e+01
9.769355600000000095e+01
9.682630600000000243e+01
9.562187799999999527e+01
9.454326100000000110e+01
9.335618399999999895e+01
9.191290100000000507e+01
8.941591800000000489e+01
8.740888699999999290e+01
8.458833099999999661e+01
8.293916500000000269e+01
8.169840899999999806e+01
8.221873499999999524e+01
8.340040899999999624e+01
8.370570299999999975e+01
8.404295999999999367e+01
8.467133599999999660e+01
8.592670499999999834e+01
8.658046199999999715e+01
8.714457699999999818e+01
8.770795800000000497e+01
8.789911899999999889e+01
8.767690899999999488e+01
8.773744600000000560e+01
8.750776799999999866e+01
8.758309400000000267e+01
8.726403799999999933e+01
8.665548900000000287e+01
8.633912999999999727e+01
8.606577699999999709e+01
8.503501099999999724e+01
8.360055400000000247e+01
8.275420900000000302e+01
8.276540300000000627e+01
8.225620899999999835e+01
8.159475500000000636e+01
8.142219699999999705e+01
8.157065000000000055e+01
8.143343799999999533e+01
8.091825000000000045e+01
8.042587500000000489e+01
8.022360399999999458e+01
8.046973599999999749e+01
8.096201499999999385e+01
8.129653600000000324e+01
8.105666600000000699e+01
8.104876299999999389e+01
8.130610199999999566e+01
8.144976599999999678e+01
8.180147100000000648e+01
8.181310399999999561e+01
8.176765199999999822e+01
8.140204300000000615e+01
8.107752499999999429e+01
8.077820300000000486e+01
8.045706199999999342e+01
7.987739299999999787e+01
7.901890099999999961e+01
7.868224899999999877e+01
7.802043999999999357e+01
7.788361399999999435e+01
7.770663299999999651e+01
7.770237699999999847e+01
7.763214200000000176e+01
7.721389499999999373e+01
7.757052799999999593e+01
7.720773300000000461e+01
7.694365299999999763e+01
7.662230200000000480e+01
7.612046800000000246e+01
7.581704200000000071e+01
7.595493700000000104e+01
7.568773899999999344e+01
7.626674199999999360e+01
7.622455300000000022e+01
7.570620599999999456e+01
7.559089099999999917e+01
7.566729700000000491e+01
7.532854899999999532e+01
7.513403599999999471e+01
7.470278199999999913e+01
7.437995800000000202e+01
7.488284699999999816e+01
7.520518300000000522e+01
7.439161500000000160e+01
7.392692300000000216e+01
7.312175899999999729e+01
7.300629600000000607e+01
7.261878500000000258e+01
7.245651100000000611e+01
7.255571899999999630e+01
7.243749300000000346e+01
7.194863499999999590e+01
7.219593899999999564e+01
7.188316000000000372e+01
7.150194700000000125e+01
7.137520399999999654e+01
7.124752399999999852e+01
7.088373900000000560e+01
7.057975000000000421e+01
7.035248099999999738e+01
7.048238299999999867e+01
7.037574600000000657e+01
6.996161100000000488e+01
6.996758300000000474e+01
7.007193499999999631e+01
7.091137600000000418e+01
7.116613800000000367e+01
7.276543200000000411e+01
7.419782899999999870e+01
7.658887400000000412e+01
7.890408200000000249e+01
8.100925700000000518e+01
8.322240399999999738e+01
8.531948300000000529e+01
8.737182099999999707e+01
8.905356700000000103e+01
9.081090600000000279e+01
9.171818199999999877e+01
9.307332499999999698e+01
9.403148000000000195e+01
9.448216999999999643e+01
9.445639500000000055e+01
9.471740699999999435e+01
9.441283400000000370e+01
9.446633599999999831e+01
9.378977700000000084e+01
9.356191400000000158e+01
9.325428499999999588e+01
9.384480999999999540e+01
9.366379399999999578e+01
9.346852699999999459e+01
9.434399500000000671e+01
9.436609400000000392e+01
9.458492300000000341e+01
9.554069099999999537e+01
9.614440500000000611e+01
9.738190799999999570e+01
9.844763000000000375e+01
9.910332699999999306e+01
9.980351400000000694e+01
1.004097500000000025e+02
1.013124700000000047e+02
1.024735000000000014e+02
1.023510299999999944e+02
1.026316000000000059e+02
1.025769800000000060e+02
1.028078399999999988e+02
1.025797900000000027e+02
1.024121999999999986e+02
1.020216199999999986e+02
1.011853499999999997e+02
1.007549499999999938e+02
1.005541000000000054e+02
9.995815899999999488e+01
9.920639900000000466e+01
9.833876700000000426e+01
9.729657100000000014e+01
9.682718300000000511e+01
9.549357799999999941e+01
9.421787700000000143e+01
9.234331099999999992e+01
9.008182899999999904e+01
8.807724100000000078e+01
8.596322000000000685e+01
8.429083599999999876e+01
8.419017200000000400e+01
8.430776600000000087e+01
8.504040399999999522e+01
8.605050699999999608e+01
8.620748100000000136e+01
8.696592200000000616e+01
8.766248899999999367e+01
8.791578599999999710e+01
8.880332400000000348e+01
8.939454000000000633e+01
9.027570500000000209e+01
9.084278100000000222e+01
9.097256000000000142e+01
9.113173000000000457e+01
9.095643499999999904e+01
9.085290200000000027e+01
9.076434100000000171e+01
8.970672600000000330e+01
8.967913299999999310e+01
8.838137500000000557e+01
8.750417500000000359e+01
8.630328599999999994e+01
8.535671999999999571e+01
8.414740700000000118e+01
8.379358600000000479e+01
8.326525800000000288e+01
8.315331999999999368e+01
8.272315100000000143e+01
8.217161099999999863e+01
8.203961900000000185e+01
8.201044799999999668e+01
8.216151700000000346e+01
8.172992800000000102e+01
8.169637299999999414e+01
8.180292599999999936e+01
8.177998100000000647e+01
8.177159600000000239e+01
8.125005699999999820e+01
8.133277300000000309e+01
8.093490099999999643e+01
8.146220999999999890e+01
8.134268199999999638e+01
8.112947400000000187e+01
8.049879500000000121e+01
8.058359299999999337e+01
8.040273299999999779e+01
8.008934200000000203e+01
7.999944700000000353e+01
7.913351600000000019e+01
7.866803199999999663e+01
7.794263100000000577e+01
7.741421599999999614e+01
7.739674700000000485e+01
7.721456799999999987e+01
7.707751600000000280e+01
7.703174699999999575e+01
7.605973899999999333e+01
7.593445300000000486e+01
7.582653299999999774e+01
7.514692599999999345e+01
7.469890300000000138e+01
7.422690699999999708e+01
7.373080099999999959e+01
7.423156000000000176e+01
7.363386099999999601e+01
7.370071000000000083e+01
7.372008300000000247e+01
7.362874600000000669e+01
7.381017400000000350e+01
7.340617799999999704e+01
7.376296200000000169e+01
7.344684300000000121e+01
7.332970000000000255e+01
7.340617600000000209e+01
7.308152599999999666e+01
7.213679500000000644e+01
7.209152199999999766e+01
7.167443199999999592e+01
7.145213499999999840e+01
7.138618800000000419e+01
7.165723800000000665e+01
7.111271600000000603e+01
7.131602499999999623e+01
7.122356399999999610e+01
7.117912699999999404e+01
7.101026299999999480e+01
7.050468999999999653e+01
7.044827899999999943e+01
7.077359300000000530e+01
7.048517800000000477e+01
7.015713999999999828e+01
6.989123299999999972e+01
6.954455400000000509e+01
6.985670700000000011e+01
7.046370600000000195e+01
7.109192199999999673e+01
7.241033099999999934e+01
7.392693900000000440e+01
7.541509999999999536e+01
7.769712900000000388e+01
8.032712200000000280e+01
8.235506700000000535e+01
8.452609300000000303e+01
8.659214000000000055e+01
8.865551999999999566e+01
8.965000000000000568e+01
9.074538699999999380e+01
9.240095599999999365e+01
9.326621600000000001e+01
9.409062600000000032e+01
9.412697699999999656e+01
9.472213299999999947e+01
9.492981899999999484e+01
9.547264699999999493e+01
9.525280399999999759e+01
9.531328499999999337e+01
9.505196999999999719e+01
9.516773399999999583e+01
9.520608300000000668e+01
9.533528599999999642e+01
9.543234999999999957e+01
9.618953399999999476e+01
9.658273599999999703e+01
9.700028899999999510e+01
9.778999600000000214e+01
9.888547499999999957e+01
1.004217299999999966e+02
1.008426000000000045e+02
1.018992300000000029e+02
1.029746099999999984e+02
1.037008600000000058e+02
1.043153999999999968e+02
1.047436600000000055e+02
1.045658999999999992e+02
1.046270899999999955e+02
1.046646800000000042e+02
1.044546399999999977e+02
1.043933300000000060e+02
1.042144399999999962e+02
1.037148700000000048e+02
1.032654600000000045e+02
1.031560800000000029e+02
1.023973199999999935e+02
1.018092199999999963e+02
1.010695500000000067e+02
9.968739399999999762e+01
9.865791799999999512e+01
9.747941299999999387e+01
9.611260199999999543e+01
9.468711100000000158e+01
9.243720999999999322e+01
9.003564699999999732e+01
8.776306499999999744e+01
8.573360599999999465e+01
8.454979000000000156e+01
8.443347400000000391e+01
8.584072999999999354e+01
8.714469900000000280e+01
8.755451399999999751e+01
8.844534699999999816e+01
8.854852499999999793e+01
8.991994400000000098e+01
9.057881899999999575e+01
9.119591300000000444e+01
9.149512699999999654e+01
9.181066900000000430e+01
9.177142499999999359e+01
9.195143400000000611e+01
9.180418400000000645e+01
9.145747699999999725e+01
9.052298299999999642e+01
8.988432299999999486e+01
8.899659499999999923e+01
8.850261600000000328e+01
8.819844000000000506e+01
8.785315500000000100e+01
8.663976099999999292e+01
8.559019499999999425e+01
8.484941800000000001e+01
8.396752600000000655e+01
8.317980199999999513e+01
8.199416499999999530e+01
8.159469900000000564e+01
8.152513199999999927e+01
8.188372599999999579e+01
8.185680499999999427e+01
8.175566999999999496e+01
8.213648899999999742e+01
8.246533499999999606e+01
8.223978900000000181e+01
8.209278799999999876e+01
8.236686000000000263e+01
8.242020100000000582e+01
8.242008199999999363e+01
8.213015500000000202e+01
8.211796599999999557e+01
8.243037099999999384e+01
8.209279200000000287e+01
8.161588199999999915e+01
8.091465399999999875e+01
8.068945600000000695e+01
8.047399400000000469e+01
8.017671799999999394e+01
7.962808699999999362e+01
7.947639999999999816e+01
7.901648099999999886e+01
7.902691199999999583e+01
7.810794199999999421e+01
7.758750399999999559e+01
7.796376200000000267e+01
7.695868299999999351e+01
7.700773399999999924e+01
7.631046600000000524e+01
7.585572500000000673e+01
7.551555700000000115e+01
7.551731700000000558e+01
7.514667400000000441e+01
7.528850599999999815e+01
7.523142400000000407e+01
7.481810900000000686e+01
7.511948399999999992e+01
7.539022900000000504e+01
7.494680599999999515e+01
7.468986800000000414e+01
7.462766600000000494e+01
7.445365599999999517e+01
7.402436000000000149e+01
7.353821800000000053e+01
7.368198300000000245e+01
7.304173600000000022e+01
7.226223899999999389e+01
7.197917800000000454e+01
7.248266900000000135e+01
7.281163399999999797e+01
7.279823700000000031e+01
7.264870200000000011e+01
7.270098699999999781e+01
7.311110899999999901e+01
7.306403400000000659e+01
7.222797799999999313e+01
7.233226799999999912e+01
7.234298800000000540e+01
7.177365700000000004e+01
7.112344600000000128e+01
7.105117300000000569e+01
7.126558699999999646e+01
7.127449699999999666e+01
7.119339899999999943e+01
7.147984499999999741e+01
7.237528700000000015e+01
7.393106500000000381e+01
7.534337100000000476e+01
7.762854000000000099e+01
8.009162899999999752e+01
8.295713700000000301e+01
8.539541599999999733e+01
8.765417200000000264e+01
8.977057200000000137e+01
9.223564100000000110e+01
9.430979100000000415e+01
9.535407499999999459e+01
9.668968499999999722e+01
9.771020300000000702e+01
9.843589900000000625e+01
9.840876699999999744e+01
9.874239199999999528e+01
9.846769999999999357e+01
9.859120000000000061e+01
9.832279599999999675e+01
9.800537900000000491e+01
9.825184600000000046e+01
9.812807700000000466e+01
9.817022400000000459e+01
9.842279600000000528e+01
9.893304600000000448e+01
9.940223000000000297e+01
1.002005599999999959e+02
1.011944699999999955e+02
1.022628700000000066e+02
1.033547999999999973e+02
1.044893399999999986e+02
1.053105900000000048e+02
1.057710799999999978e+02
1.062699099999999959e+02
1.064229100000000017e+02
1.074336600000000033e+02
1.076882399999999933e+02
1.081709800000000001e+02
1.088116299999999939e+02
1.093738799999999998e+02
1.097567800000000062e+02
1.096827300000000065e+02
1.094162599999999941e+02
1.098539800000000071e+02
1.094508500000000026e+02
1.088413099999999929e+02
1.081839999999999975e+02
1.072948099999999982e+02
1.067683999999999997e+02
1.058539899999999960e+02
1.052070499999999953e+02
1.042257400000000018e+02
1.035024300000000039e+02
1.023349299999999999e+02
1.002828700000000026e+02
9.874472299999999336e+01
9.620149200000000178e+01
9.401518599999999992e+01
9.147054900000000544e+01
8.995629499999999723e+01
8.941791200000000117e+01
9.015201399999999410e+01
9.054958100000000343e+01
9.072829299999999364e+01
9.129963499999999499e+01
9.136974399999999719e+01
9.192960800000000177e+01
9.277248000000000161e+01
9.355528700000000697e+01
9.403129300000000512e+01
9.413255399999999895e+01
9.439501699999999573e+01
9.406992300000000284e+01
9.397422000000000253e+01
9.416216900000000578e+01
9.425604599999999778e+01
9.366969299999999521e+01
9.257119299999999384e+01
9.093318100000000470e+01
9.024068599999999662e+01
8.937737599999999816e+01
8.825713199999999858e+01
8.784931000000000267e+01
8.725811600000000112e+01
8.670010700000000270e+01
8.572499999999999432e+01
8.507822799999999575e+01
8.505187700000000461e+01
8.481775899999999524e+01
8.450235299999999938e+01
8.419712099999999566e+01
8.429307699999999670e+01
8.438035700000000361e+01
8.440269000000000688e+01
8.415800199999999620e+01
8.454173900000000685e+01
8.465505199999999775e+01
8.485366899999999646e+01
8.495601999999999521e+01
8.513901099999999644e+01
8.544522700000000270e+01
8.517864199999999641e+01
8.504492799999999875e+01
8.456716000000000122e+01
8.378584200000000237e+01
8.337134399999999346e+01
8.280305099999999641e+01
8.246747499999999320e+01
8.202156600000000708e+01
8.158404799999999568e+01
8.157180599999999515e+01
8.146529099999999346e+01
8.115983599999999853e+01
8.121435099999999352e+01
8.028036699999999826e+01
8.024703499999999678e+01
8.064779900000000623e+01
8.032248800000000699e+01
8.046979699999999980e+01
7.989976599999999962e+01
7.963232100000000457e+01
7.926177599999999757e+01
7.912275200000000552e+01
7.862989699999999971e+01
7.865021699999999782e+01
7.816387199999999780e+01
7.758902000000000498e+01
7.733196999999999832e+01
7.727782700000000204e+01
7.737337200000000337e+01
7.739476700000000164e+01
7.714140500000000600e+01
7.711732200000000148e+01
7.640826500000000010e+01
7.593727400000000216e+01
7.560685900000000004e+01
7.552035999999999660e+01
7.489647499999999525e+01
7.462621000000000038e+01
7.407151799999999753e+01
7.351816300000000126e+01
7.357076100000000451e+01
7.339875200000000177e+01
7.352084499999999423e+01
7.305863300000000038e+01
7.275736399999999549e+01
7.170949600000000146e+01
7.171089299999999866e+01
7.167227499999999907e+01
7.141694400000000087e+01
7.104246299999999792e+01
7.027973400000000481e+01
6.997238299999999356e+01
7.027184499999999900e+01
7.041241399999999828e+01
7.147715700000000538e+01
7.186995199999999784e+01
7.317947499999999650e+01
7.529958600000000501e+01
7.719119100000000344e+01
8.020869899999999575e+01
8.281798399999999560e+01
8.538219200000000342e+01
8.767830999999999619e+01
8.968371000000000492e+01
9.222189500000000351e+01
9.369383299999999792e+01
9.491556599999999833e+01
9.590636100000000397e+01
9.634886000000000195e+01
9.688637699999999597e+01
9.706212800000000129e+01
9.735372599999999466e+01
9.666247400000000312e+01
9.698304500000000417e+01
9.644270099999999957e+01
9.635513000000000261e+01
9.617266800000000160e+01
9.618377599999999461e+01
9.599306400000000394e+01
9.633778999999999826e+01
9.652921299999999860e+01
9.710415700000000072e+01
9.767749700000000246e+01
9.896842999999999790e+01
1.004461500000000029e+02
1.011887399999999957e+02
1.018354400000000055e+02
1.027579700000000003e+02
1.036059699999999992e+02
1.045763299999999987e+02
1.053560800000000057e+02
1.056717000000000013e+02
1.056616700000000009e+02
1.054186700000000059e+02
1.053566200000000066e+02
1.048904100000000028e+02
1.049867700000000070e+02
1.043397599999999983e+02
1.040539200000000051e+02
1.035346200000000039e+02
1.023477100000000064e+02
1.013715200000000038e+02
1.007334599999999938e+02
1.000028099999999966e+02
9.933297699999999963e+01
9.758519300000000385e+01
9.715058700000000158e+01
9.622920799999999986e+01
9.505415999999999599e+01
9.354470700000000249e+01
9.140735399999999800e+01
8.884305000000000518e+01
8.580364899999999295e+01
8.412574700000000405e+01
8.336595099999999547e+01
8.336901500000000453e+01
8.446978500000000167e+01
8.519299999999999784e+01
8.556303900000000340e+01
8.566316999999999382e+01
8.573579399999999850e+01
8.634602999999999895e+01
8.693853599999999915e+01
8.766461300000000278e+01
8.763403900000000135e+01
8.883872399999999914e+01
8.893544500000000141e+01
8.864099500000000376e+01
8.891419500000000653e+01
8.878565299999999638e+01
8.809046399999999721e+01
8.721414199999999539e+01
8.641134700000000635e+01
8.553490700000000402e+01
8.452335200000000270e+01
8.335651199999999506e+01
8.245776600000000656e+01
8.243238499999999647e+01
8.198386499999999444e+01
8.197371099999999444e+01
8.123823099999999897e+01
8.115875099999999520e+01
8.149325500000000488e+01
8.183884500000000628e+01
8.219165499999999724e+01
8.247791200000000345e+01
8.270301700000000267e+01
8.270594499999999982e+01
8.314944099999999594e+01
8.337399700000000280e+01
8.315902900000000386e+01
8.368015599999999665e+01
8.456323899999999583e+01
8.463307299999999600e+01
8.416654699999999423e+01
8.422707499999999925e+01
8.448806899999999587e+01
8.429037599999999486e+01
8.422816500000000417e+01
8.326099800000000073e+01
8.286183200000000681e+01
8.230360899999999447e+01
8.186517600000000527e+01
8.129502999999999702e+01
8.101669400000000110e+01
8.010930700000000115e+01
7.952770700000000659e+01
7.865809000000000140e+01
7.818756199999999978e+01
7.849013499999999510e+01
7.844633399999999313e+01
7.820017300000000660e+01
7.814666699999999366e+01
7.767708799999999769e+01
7.741996899999999471e+01
7.735909499999999639e+01
7.630128299999999797e+01
7.625915500000000691e+01
7.604622200000000021e+01
7.597420599999999524e+01
7.596003100000000074e+01
7.624157499999999743e+01
7.626314899999999852e+01
7.641912399999999650e+01
7.630951299999999549e+01
7.576589199999999380e+01
7.556313900000000672e+01
7.514467999999999392e+01
7.395058299999999463e+01
7.332863600000000304e+01
7.241252699999999720e+01
7.315662899999999524e+01
7.230495299999999759e+01
7.185078699999999685e+01
7.161136100000000226e+01
7.173063199999999995e+01
7.124387500000000273e+01
7.108406800000000203e+01
7.150365800000000149e+01
7.134233899999999551e+01
7.077431500000000142e+01
7.079360400000000197e+01
7.051936000000000604e+01
7.006459900000000118e+01
6.928364999999999441e+01
6.915626299999999560e+01
6.870627500000000509e+01
6.840065699999999538e+01
6.833369299999999669e+01
6.879186900000000549e+01
6.967958500000000299e+01
7.038594500000000664e+01
7.141901799999999412e+01
7.312261700000000531e+01
7.469732899999999631e+01
7.659173599999999738e+01
7.902051000000000158e+01
8.078458299999999781e+01
8.322206400000000315e+01
8.521781099999999753e+01
8.635568200000000161e+01
8.816109500000000310e+01
8.938800100000000270e+01
9.026637200000000405e+01
9.164805200000000696e+01
9.252997000000000583e+01
9.299610400000000254e+01
9.350491900000000101e+01
9.338630000000000564e+01
9.329593300000000511e+01
9.313008200000000159e+01
9.294235100000000216e+01
9.254930699999999888e+01
9.270477200000000551e+01
9.264156400000000247e+01
9.254641200000000367e+01
9.287289400000000228e+01
9.362497000000000469e+01
9.381136700000000417e+01
9.448600799999999822e+01
9.518083599999999933e+01
9.541719100000000253e+01
9.589842099999999903e+01
9.688209500000000673e+01
9.751678400000000124e+01
9.828830800000000067e+01
9.866060400000000641e+01
9.905014799999999298e+01
9.929609600000000569e+01
9.914017800000000591e+01
9.893427800000000616e+01
9.934907599999999661e+01
9.957123900000000560e+01
9.878311399999999765e+01
9.791717900000000441e+01
9.729332100000000594e+01
9.669798600000000022e+01
9.628125000000000000e+01
9.513787399999999650e+01
9.369159199999999998e+01
9.226020699999999408e+01
9.013965399999999306e+01
8.808040699999999390e+01
8.531130500000000438e+01
8.263623499999999922e+01
8.074820699999999363e+01
7.923342700000000605e+01
7.851923299999999983e+01
8.012850600000000156e+01
8.095632000000000517e+01
8.208088899999999910e+01
8.350357700000000705e+01
8.386452400000000296e+01
8.452055199999999502e+01
8.543793800000000260e+01
8.626610900000000015e+01
8.722345300000000634e+01
8.725095600000000218e+01
8.777073799999999437e+01
8.835464600000000246e+01
8.808419600000000571e+01
8.795994199999999807e+01
8.805626700000000540e+01
8.717629599999999357e+01
8.649649700000000507e+01
8.601578700000000310e+01
8.553401100000000667e+01
8.491186799999999835e+01
8.385167599999999766e+01
8.302881999999999607e+01
8.209703399999999363e+01
8.139561199999999985e+01
8.089750600000000702e+01
8.062266400000000033e+01
8.006191499999999905e+01
8.033390799999999388e+01
7.965607699999999625e+01
7.959306399999999826e+01
7.942983099999999297e+01
7.955532200000000387e+01
7.934183600000000069e+01
7.969653999999999883e+01
7.961773999999999774e+01
7.944945199999999375e+01
7.953361900000000162e+01
7.979178799999999683e+01
8.017222800000000404e+01
7.966351899999999375e+01
7.959441599999999539e+01
7.945803100000000541e+01
7.945688900000000388e+01
7.915687800000000607e+01
7.854261200000000542e+01
7.786494500000000585e+01
7.740464000000000055e+01
7.716810700000000622e+01
7.680545999999999651e+01
7.647445399999999438e+01
7.627459799999999746e+01
7.621043400000000645e+01
7.594952100000000428e+01
7.560571299999999439e+01
7.517752699999999777e+01
7.467350500000000579e+01
7.498041200000000117e+01
7.496496999999999389e+01
7.532632599999999456e+01
7.485284599999999955e+01
7.480410000000000537e+01
7.428051299999999912e+01
7.391378299999999513e+01
7.390208599999999706e+01
7.341627699999999379e+01
7.306812999999999647e+01
7.345445599999999331e+01
7.335094399999999837e+01
7.288186000000000320e+01
7.252422300000000632e+01
7.234598800000000551e+01
7.218525699999999290e+01
7.203259699999999555e+01
7.170157500000000539e+01
7.140460000000000207e+01
7.112643199999999410e+01
7.037104800000000182e+01
7.014248700000000269e+01
7.017265700000000095e+01
7.053132600000000707e+01
7.069225099999999884e+01
7.107817300000000671e+01
7.123913000000000295e+01
7.096648500000000581e+01
7.105526899999999557e+01
7.081063699999999983e+01
7.088523700000000360e+01
7.078985400000000539e+01
7.039198500000000536e+01
7.010934100000000058e+01
6.988359400000000221e+01
6.996310599999999624e+01
6.989833000000000141e+01
6.990477199999999414e+01
7.029318600000000572e+01
7.118351400000000240e+01
7.230737999999999488e+01
7.356913199999999620e+01
7.532914100000000701e+01
7.764336400000000538e+01
7.989801599999999837e+01
8.231140299999999854e+01
8.426722499999999627e+01
8.659777800000000525e+01
8.815120699999999943e+01
8.992969100000000537e+01
9.148178400000000465e+01
9.257431400000000110e+01
9.367715400000000159e+01
9.414152799999999388e+01
9.418784499999999582e+01
9.387637300000000096e+01
9.392146800000000439e+01
9.401287000000000660e+01
9.358898399999999640e+01
9.340495900000000518e+01
9.363087299999999402e+01
9.320353000000000065e+01
9.267436700000000371e+01
9.320763599999999371e+01
9.331539100000000531e+01
9.363439099999999371e+01
9.371737699999999904e+01
9.464533099999999877e+01
9.584955399999999770e+01
9.687559600000000160e+01
9.761024399999999446e+01
9.842043099999999356e+01
9.951054899999999748e+01
9.953925200000000473e+01
1.003248300000000057e+02
1.014658299999999969e+02
1.021981999999999999e+02
1.020945200000000028e+02
1.022173899999999946e+02
1.019023799999999937e+02
1.017091499999999940e+02
1.010767699999999962e+02
1.008300299999999936e+02
1.002737099999999941e+02
9.976646200000000420e+01
9.908721099999999637e+01
9.788713400000000320e+01
9.709234999999999616e+01
9.639618000000000109e+01
9.521941200000000549e+01
9.413467900000000554e+01
9.309711400000000481e+01
9.131214699999999596e+01
8.915882799999999975e+01
8.646590100000000234e+01
8.369405799999999829e+01
8.158753900000000669e+01
8.048767399999999839e+01
8.036387200000000064e+01
8.155516799999999478e+01
8.251541600000000187e+01
8.321484800000000348e+01
8.427550999999999704e+01
8.477959599999999796e+01
8.536066599999999482e+01
8.612740499999999599e+01
8.707643500000000358e+01
8.767782499999999857e+01
8.791539699999999868e+01
8.836312100000000669e+01
8.839540599999999415e+01
8.796309700000000475e+01
8.802232200000000262e+01
8.832772699999999588e+01
8.784153100000000336e+01
8.761976599999999848e+01
8.632677900000000193e+01
8.591411600000000703e+01
8.511069500000000687e+01
8.424350599999999645e+01
8.350739000000000090e+01
8.272821199999999919e+01
8.210603100000000154e+01
8.153328899999999635e+01
8.145667699999999911e+01
8.128934099999999319e+01
8.059475799999999879e+01
7.955011100000000113e+01
8.004277299999999684e+01
7.979443999999999448e+01
8.002646900000000585e+01
8.050006399999999473e+01
8.076134799999999814e+01
8.063666800000000023e+01
8.106963899999999512e+01
8.090793200000000240e+01
8.093595899999999688e+01
8.099547300000000405e+01
8.066277300000000139e+01
8.045526999999999873e+01
8.028287799999999663e+01
7.993523799999999824e+01
7.873663299999999765e+01
7.848074699999999382e+01
7.796187799999999868e+01
7.757258299999999451e+01
7.735837300000000027e+01
7.758943200000000218e+01
7.767994899999999348e+01
7.766253100000000131e+01
7.766822200000000009e+01
7.701900799999999947e+01
7.678541900000000453e+01
7.635698700000000372e+01
7.655574199999999507e+01
7.644949800000000550e+01
7.624815300000000207e+01
7.589209300000000269e+01
7.578230700000000297e+01
7.522315600000000302e+01
7.494380099999999345e+01
7.513742700000000241e+01
7.511430199999999502e+01
7.518370099999999923e+01
7.477918099999999413e+01
7.451569499999999380e+01
7.439479699999999696e+01
7.482263199999999870e+01
7.446935700000000224e+01
7.424708200000000602e+01
7.297787099999999327e+01
7.269754799999999761e+01
7.214783099999999649e+01
7.169814800000000332e+01
7.110444800000000498e+01
7.040506999999999493e+01
7.012654999999999461e+01
7.021773600000000215e+01
7.139346799999999860e+01
7.168611799999999334e+01
7.192273400000000549e+01
7.178773200000000543e+01
7.123117000000000587e+01
7.090102000000000260e+01
7.071651900000000524e+01
7.034739500000000589e+01
7.015499699999999450e+01
7.034397800000000700e+01
6.968685000000000684e+01
7.022007399999999677e+01
7.010796299999999803e+01
7.005005300000000545e+01
7.034556600000000515e+01
7.116690699999999481e+01
7.239580499999999574e+01
7.405433399999999722e+01
7.653313300000000652e+01
7.830268800000000340e+01
8.051091499999999712e+01
8.308111100000000704e+01
8.509253099999999392e+01
8.718113999999999919e+01
8.941680200000000411e+01
9.112654399999999555e+01
9.268632700000000568e+01
9.328436700000000315e+01
9.419123100000000193e+01
9.486975599999999531e+01
9.530761099999999431e+01
9.555726199999999437e+01
9.586884299999999826e+01
9.606699600000000316e+01
9.546674099999999896e+01
9.552896099999999535e+01
9.561162400000000616e+01
9.555698499999999740e+01
9.529256300000000124e+01
9.501842100000000357e+01
9.501094000000000506e+01
9.569866000000000383e+01
9.621078699999999628e+01
9.731726700000000108e+01
9.790613700000000108e+01
9.833550900000000183e+01
9.972450499999999352e+01
1.007873000000000019e+02
1.019253099999999961e+02
1.024333900000000028e+02
1.031312099999999958e+02
1.036735999999999933e+02
1.038936499999999938e+02
1.038440999999999974e+02
1.039656599999999997e+02
1.041384900000000044e+02
1.041278700000000015e+02
1.039020799999999980e+02
1.035497900000000016e+02
1.030716100000000068e+02
1.023420200000000051e+02
1.023985600000000034e+02
1.017108300000000014e+02
1.005084999999999980e+02
9.958849600000000635e+01
9.852368300000000545e+01
9.758069500000000573e+01
9.660629799999999534e+01
9.517422799999999938e+01
9.329608799999999746e+01
9.133310000000000173e+01
8.864388499999999738e+01
8.567148000000000252e+01
8.308369700000000080e+01
8.168940499999999361e+01
8.159087700000000609e+01
8.242288399999999626e+01
8.281509400000000198e+01
8.373956400000000144e+01
8.383255900000000338e+01
8.466567100000000323e+01
8.570184100000000171e+01
8.669106100000000481e+01
8.702669199999999705e+01
8.710060099999999750e+01
8.734702699999999709e+01
8.741676400000000058e+01
8.734089699999999823e+01
8.690537700000000143e+01
8.679572299999999530e+01
8.685419299999999510e+01
8.668558699999999817e+01
8.584843499999999494e+01
8.527257000000000176e+01
8.477862600000000270e+01
8.400161599999999851e+01
8.399408900000000244e+01
8.246921199999999885e+01
8.233111200000000451e+01
8.119497300000000450e+01
8.076600399999999524e+01
8.036994599999999878e+01
8.016779200000000571e+01
7.985546300000000031e+01
7.985331999999999653e+01
7.981606700000000387e+01
7.954313500000000658e+01
7.949602600000000052e+01
7.983143099999999492e+01
8.019337600000000066e+01
8.029929199999999412e+01
8.001216599999999346e+01
7.954117100000000562e+01
7.945060800000000256e+01
7.974288599999999860e+01
7.964807199999999909e+01
7.944620999999999356e+01
7.882935799999999915e+01
7.842675900000000411e+01
7.798905799999999999e+01
7.854837499999999295e+01
7.818365199999999504e+01
7.740657299999999452e+01
7.676345600000000502e+01
7.662384400000000539e+01
7.649379399999999407e+01
7.599483200000000238e+01
7.532981399999999894e+01
7.557906400000000247e+01
7.557479100000000471e+01
7.550705800000000067e+01
7.529786300000000665e+01
7.491638600000000281e+01
7.442103099999999927e+01
7.463049200000000383e+01
7.457123300000000654e+01
7.492678800000000194e+01
7.469713900000000706e+01
7.407298500000000274e+01
7.424029199999999662e+01
7.426000600000000418e+01
7.389928999999999348e+01
7.347652899999999931e+01
7.272365999999999531e+01
7.240117700000000411e+01
7.228902800000000184e+01
7.220416199999999662e+01
7.133846499999999935e+01
7.151841400000000704e+01
7.071810999999999581e+01
7.040503800000000467e+01
7.023827599999999904e+01
6.994303800000000138e+01
6.959078700000000595e+01
6.977175200000000643e+01
6.951701799999999309e+01
6.937824200000000019e+01
6.909279600000000698e+01
6.887279800000000307e+01
6.900367599999999868e+01
6.864912800000000459e+01
6.914530999999999494e+01
6.912309100000000228e+01
6.914660999999999547e+01
6.868505899999999542e+01
6.869755000000000678e+01
6.851009500000000685e+01
6.855019400000000473e+01
6.914775099999999952e+01
6.965596600000000649e+01
7.021850700000000245e+01
7.119405600000000334e+01
7.284400399999999820e+01
7.484377499999999372e+01
7.754769400000000701e+01
7.995593499999999665e+01
8.262864700000000084e+01
8.553896100000000047e+01
8.807000399999999729e+01
8.928848800000000097e+01
9.062958799999999826e+01
9.202308299999999974e+01
9.308337899999999365e+01
9.368516300000000285e+01
9.415900200000000098e+01
9.413219599999999332e+01
9.463142499999999302e+01
9.418147999999999342e+01
9.414392399999999839e+01
9.417936500000000422e+01
9.430137799999999970e+01
9.436161599999999794e+01
9.462034199999999373e+01
9.445377999999999474e+01
9.545022099999999909e+01
9.595362900000000650e+01
9.595392499999999814e+01
9.669552099999999939e+01
9.691942199999999730e+01
9.763052999999999315e+01
9.838607299999999611e+01
9.925578199999999640e+01
9.997612300000000118e+01
