5.954051599999999667e+01
6.128400400000000303e+01
6.259099499999999949e+01
6.388096199999999669e+01
6.542527200000000676e+01
6.621988000000000341e+01
6.727114899999999409e+01
6.819656999999999414e+01
6.930608399999999847e+01
6.998087999999999909e+01
7.076727300000000298e+01
7.132283700000000692e+01
7.164172499999999388e+01
7.178281099999999526e+01
7.223770899999999529e+01
7.161533199999999511e+01
7.121538900000000183e+01
7.097062400000000082e+01
7.037039400000000455e+01
7.018165199999999970e+01
6.976899099999999976e+01
6.933390199999999481e+01
6.907308100000000195e+01
6.855354199999999310e+01
6.843919400000000053e+01
6.793012500000000387e+01
6.749211499999999830e+01
6.717649900000000684e+01
6.665091300000000274e+01
6.658157199999999420e+01
6.566326800000000219e+01
6.454009999999999536e+01
6.347689199999999943e+01
6.347743499999999983e+01
6.299144700000000086e+01
6.306027699999999925e+01
6.218581999999999965e+01
6.213980200000000309e+01
6.190559100000000115e+01
6.199099199999999854e+01
6.170515300000000281e+01
6.138707300000000089e+01
6.133875499999999903e+01
6.160142299999999693e+01
6.092587199999999825e+01
6.103871399999999880e+01
6.129863900000000143e+01
6.113709699999999714e+01
6.073093500000000233e+01
6.086235400000000340e+01
6.085636399999999924e+01
6.040904900000000310e+01
5.991805300000000045e+01
5.890787300000000215e+01
5.761348699999999923e+01
5.626608199999999727e+01
5.559132000000000318e+01
5.493767700000000076e+01
5.417098099999999761e+01
5.325311500000000109e+01
5.231517600000000101e+01
5.174965699999999913e+01
5.122100300000000317e+01
5.146599499999999949e+01
5.137899900000000031e+01
5.133275199999999927e+01
5.160086100000000187e+01
5.187564499999999867e+01
5.217436800000000119e+01
5.173179499999999820e+01
5.191817700000000002e+01
5.158621699999999777e+01
5.150404799999999739e+01
5.131707500000000266e+01
5.109750799999999771e+01
5.124163800000000180e+01
5.156264500000000339e+01
5.218345500000000214e+01
5.279211200000000304e+01
5.269453299999999984e+01
5.284252000000000038e+01
5.308752599999999688e+01
5.309924000000000177e+01
5.317240100000000069e+01
5.289800999999999931e+01
5.315727700000000056e+01
5.289590100000000206e+01
5.263766499999999837e+01
5.249277899999999875e+01
5.235154399999999697e+01
5.196386799999999795e+01
5.213233999999999924e+01
5.202678499999999673e+01
5.176973799999999670e+01
5.133168700000000229e+01
5.139335200000000015e+01
5.061661999999999750e+01
5.021569099999999963e+01
4.959456399999999832e+01
4.908246499999999912e+01
4.894857100000000116e+01
4.837122200000000305e+01
4.835780900000000315e+01
4.783218999999999710e+01
4.777854099999999704e+01
4.755134799999999728e+01
4.742862199999999717e+01
4.687810199999999838e+01
4.614356699999999734e+01
4.587738300000000180e+01
4.550797000000000025e+01
4.538761000000000223e+01
4.521053100000000313e+01
4.489792700000000281e+01
4.442905799999999772e+01
4.450227399999999989e+01
4.447983299999999929e+01
4.395533100000000104e+01
4.361521499999999918e+01
4.352874899999999769e+01
4.384949799999999698e+01
4.341942099999999982e+01
4.336057799999999673e+01
4.320505800000000107e+01
4.341166400000000181e+01
4.355718799999999646e+01
4.317315800000000081e+01
4.294292399999999787e+01
4.262337800000000243e+01
4.241896799999999956e+01
4.219027899999999676e+01
4.188058300000000145e+01
4.191871299999999678e+01
4.198376199999999869e+01
4.180600700000000103e+01
4.194437700000000291e+01
4.204765100000000189e+01
4.137976799999999855e+01
4.205989499999999737e+01
4.181085300000000160e+01
4.189846200000000209e+01
4.147673199999999838e+01
4.191136699999999848e+01
4.185758799999999979e+01
4.150686900000000179e+01
4.133738799999999713e+01
4.110051700000000352e+01
4.097389199999999931e+01
4.045864799999999661e+01
4.063583400000000267e+01
4.059438000000000102e+01
4.000856100000000026e+01
3.955636700000000161e+01
3.959489399999999648e+01
3.982167499999999905e+01
3.973570099999999883e+01
3.986054500000000189e+01
3.959323200000000043e+01
4.029518099999999947e+01
4.060341600000000284e+01
4.092845599999999706e+01
4.226493899999999826e+01
4.393524399999999730e+01
4.552915999999999741e+01
4.729000899999999774e+01
4.911448399999999737e+01
5.104606499999999869e+01
5.268017799999999795e+01
5.455271700000000124e+01
5.625230499999999978e+01
5.790691799999999745e+01
5.976418300000000272e+01
6.100895400000000279e+01
6.255340400000000045e+01
6.374122400000000255e+01
6.547258200000000272e+01
6.687547899999999856e+01
6.824250299999999925e+01
6.914664100000000246e+01
7.020452899999999374e+01
7.086237800000000675e+01
7.170402699999999641e+01
7.247238900000000683e+01
7.286318799999999385e+01
7.326391900000000135e+01
7.379138299999999617e+01
7.339079300000000217e+01
7.359295400000000598e+01
7.338163500000000283e+01
7.285528200000000254e+01
7.231538100000000213e+01
7.209420799999999474e+01
7.176752000000000464e+01
7.091782600000000514e+01
7.002552599999999927e+01
6.984140999999999622e+01
6.947470300000000520e+01
6.888283400000000256e+01
6.856566499999999564e+01
6.809960900000000095e+01
6.765175000000000693e+01
6.747799500000000705e+01
6.706456500000000176e+01
6.739261399999999469e+01
6.637683900000000392e+01
6.578583500000000583e+01
6.533365799999999979e+01
6.510689200000000199e+01
6.509333599999999365e+01
6.471930100000000152e+01
6.471352299999999502e+01
6.451202899999999829e+01
6.383325099999999708e+01
6.387139799999999923e+01
6.357689700000000244e+01
6.353609399999999852e+01
6.379186500000000137e+01
6.336987400000000292e+01
6.317181500000000227e+01
6.331813499999999806e+01
6.318905300000000125e+01
6.299269300000000271e+01
6.276104699999999781e+01
6.261132200000000125e+01
6.190004499999999865e+01
6.126597799999999694e+01
6.005156199999999700e+01
5.859052199999999999e+01
5.693511999999999773e+01
5.580110799999999927e+01
5.490932899999999961e+01
5.440262400000000298e+01
5.382922899999999800e+01
5.368088099999999940e+01
5.297894200000000353e+01
5.308069600000000321e+01
5.274997299999999711e+01
5.273957599999999957e+01
5.273790999999999940e+01
5.226906100000000066e+01
5.194945299999999833e+01
5.124102200000000096e+01
5.121031200000000183e+01
5.097847000000000151e+01
5.111588700000000074e+01
5.146781599999999912e+01
5.109958799999999712e+01
5.140545600000000093e+01
5.185392300000000176e+01
5.236610399999999998e+01
5.293367099999999681e+01
5.301681899999999814e+01
5.308620899999999665e+01
5.301035799999999654e+01
5.241358999999999924e+01
5.243915299999999746e+01
5.262983700000000198e+01
5.296167700000000167e+01
5.290736799999999818e+01
5.286895400000000222e+01
5.314956099999999850e+01
5.324477100000000007e+01
5.271616000000000213e+01
5.333568000000000353e+01
5.278222399999999936e+01
5.309235499999999774e+01
5.293175099999999844e+01
5.227764899999999670e+01
5.225610900000000214e+01
5.229024299999999670e+01
5.174680000000000035e+01
5.136642700000000161e+01
5.052378699999999867e+01
4.981962699999999700e+01
4.996861299999999773e+01
5.001025800000000032e+01
4.976583500000000271e+01
4.941834699999999714e+01
4.931931800000000266e+01
4.947475099999999770e+01
4.934739400000000131e+01
4.883735800000000182e+01
4.864372999999999791e+01
4.843610999999999933e+01
4.779476999999999975e+01
4.783783900000000244e+01
4.703421600000000069e+01
4.703179800000000199e+01
4.637947799999999887e+01
4.657023800000000335e+01
4.656856200000000001e+01
4.622456600000000293e+01
4.635981499999999755e+01
4.599895099999999815e+01
4.596659499999999809e+01
4.540122399999999914e+01
4.529182600000000036e+01
4.546826300000000032e+01
4.533866499999999888e+01
4.524599299999999857e+01
4.462640799999999786e+01
4.456193999999999988e+01
4.455252800000000235e+01
4.472445700000000102e+01
4.459040499999999696e+01
4.470660300000000120e+01
4.497702699999999965e+01
4.464316300000000126e+01
4.459893199999999780e+01
4.432085099999999755e+01
4.408323899999999895e+01
4.336710899999999924e+01
4.291377200000000158e+01
4.313881899999999803e+01
4.321717999999999904e+01
4.335278000000000276e+01
4.287521699999999925e+01
4.271495300000000128e+01
4.271327600000000047e+01
4.259860299999999711e+01
4.236180199999999729e+01
4.222819599999999696e+01
4.229173600000000022e+01
4.262767900000000054e+01
4.312578899999999749e+01
4.268313500000000005e+01
4.238167899999999833e+01
4.200825100000000134e+01
4.162196200000000346e+01
4.189998299999999887e+01
4.211708999999999747e+01
4.239361900000000105e+01
4.288686599999999771e+01
4.314426000000000272e+01
4.353536700000000081e+01
4.441659700000000299e+01
4.595586399999999827e+01
4.753444499999999806e+01
4.897109400000000079e+01
5.095044200000000245e+01
5.249585700000000088e+01
5.447419299999999964e+01
5.683252800000000349e+01
5.906939599999999757e+01
6.106301599999999752e+01
6.230184599999999762e+01
6.387275199999999842e+01
6.584542399999999418e+01
6.730622300000000280e+01
6.845720599999999934e+01
7.017683999999999855e+01
7.147533699999999612e+01
7.282120899999999608e+01
7.344577300000000264e+01
7.500471299999999530e+01
7.591581700000000410e+01
7.649750400000000639e+01
7.670048699999999542e+01
7.733232499999999732e+01
7.750493299999999408e+01
7.774384100000000331e+01
7.762517499999999870e+01
7.703349300000000710e+01
7.698473099999999647e+01
7.634750300000000323e+01
7.517370499999999822e+01
7.418661899999999321e+01
7.375666200000000572e+01
7.315269700000000341e+01
7.222695299999999463e+01
7.094938000000000500e+01
7.001164300000000651e+01
6.898176200000000335e+01
6.840385899999999708e+01
6.777995699999999601e+01
6.651474000000000331e+01
6.600726099999999974e+01
6.610259999999999536e+01
6.605361899999999764e+01
6.558619799999999600e+01
6.488753199999999310e+01
6.468874800000000391e+01
6.457331299999999885e+01
6.460241299999999853e+01
6.454825800000000413e+01
6.437227400000000443e+01
6.423441800000000512e+01
6.420598200000000588e+01
6.431086700000000178e+01
6.444519200000000581e+01
6.449224599999999441e+01
6.482762499999999761e+01
6.498734199999999817e+01
6.491535500000000525e+01
6.498194900000000018e+01
6.470006300000000010e+01
6.513312100000000271e+01
6.495512700000000450e+01
6.458190999999999349e+01
6.381392000000000309e+01
6.305995399999999762e+01
6.134956600000000293e+01
6.036558000000000135e+01
5.932895299999999850e+01
5.865747900000000215e+01
5.696608100000000263e+01
5.611153000000000191e+01
5.561272799999999705e+01
5.499664200000000136e+01
5.439999600000000157e+01
5.375224800000000158e+01
5.356007799999999719e+01
5.305914599999999837e+01
5.288082200000000199e+01
5.239707400000000348e+01
5.231621499999999969e+01
5.254836800000000352e+01
5.271990300000000218e+01
5.300715600000000194e+01
5.321245199999999897e+01
5.356341799999999864e+01
5.428468600000000066e+01
5.486083200000000204e+01
5.536095199999999750e+01
5.552951500000000351e+01
5.559828499999999707e+01
5.553275800000000118e+01
5.598982999999999777e+01
5.570417299999999727e+01
5.563016799999999762e+01
5.622790200000000027e+01
5.601570900000000108e+01
5.558914999999999651e+01
5.553476299999999810e+01
5.525756599999999708e+01
5.496314900000000137e+01
5.496496199999999988e+01
5.509886699999999848e+01
5.493106499999999670e+01
5.464699499999999688e+01
5.429199599999999748e+01
5.389900099999999838e+01
5.335892799999999880e+01
5.303201399999999666e+01
5.245735899999999674e+01
5.226215599999999739e+01
5.191410400000000180e+01
5.100626400000000160e+01
5.090941500000000275e+01
5.014955100000000243e+01
4.988216500000000053e+01
4.991621800000000064e+01
4.973183199999999715e+01
4.962991000000000241e+01
4.942724400000000173e+01
4.875153600000000154e+01
4.826573100000000238e+01
4.785922800000000166e+01
4.754015900000000272e+01
4.764578999999999809e+01
4.711497299999999910e+01
4.694907700000000261e+01
4.681799000000000177e+01
4.670191599999999710e+01
4.672310800000000341e+01
4.691582199999999858e+01
4.694226799999999855e+01
4.665634299999999968e+01
4.707269300000000101e+01
4.696008900000000352e+01
4.656891799999999648e+01
4.634681400000000195e+01
4.610982800000000026e+01
4.607417399999999930e+01
4.608113000000000170e+01
4.616536899999999832e+01
4.639949399999999713e+01
4.686909299999999945e+01
4.659488100000000088e+01
4.651110599999999806e+01
4.638015999999999650e+01
4.567160400000000209e+01
4.578831999999999880e+01
4.593427400000000205e+01
4.621301499999999862e+01
4.639209300000000269e+01
4.607643900000000059e+01
4.592523200000000116e+01
4.546407899999999813e+01
4.519791800000000137e+01
4.507525700000000057e+01
4.498214899999999972e+01
4.505949100000000129e+01
4.468665000000000020e+01
4.406935200000000208e+01
4.386323600000000056e+01
4.346934100000000001e+01
4.279749300000000289e+01
4.320232800000000140e+01
4.316219799999999651e+01
4.359225599999999901e+01
4.327509899999999732e+01
4.263299200000000155e+01
4.265160199999999691e+01
4.268939699999999959e+01
4.273623299999999858e+01
4.319709600000000194e+01
4.299230000000000018e+01
4.292567100000000124e+01
4.328008700000000175e+01
4.338741600000000176e+01
4.399045600000000178e+01
4.469645400000000279e+01
4.619266799999999762e+01
4.738274599999999737e+01
4.909615900000000011e+01
5.091493200000000030e+01
5.275600200000000228e+01
5.460177399999999892e+01
5.592573900000000009e+01
5.790367700000000184e+01
5.951883300000000077e+01
6.120313399999999859e+01
6.314654800000000279e+01
6.498215000000000430e+01
6.664400200000000041e+01
6.783792099999999436e+01
6.884766500000000633e+01
6.936448900000000606e+01
7.055574699999999666e+01
7.133078799999999831e+01
7.184202999999999406e+01
7.326382300000000214e+01
7.376115500000000225e+01
7.381621499999999969e+01
7.384744299999999839e+01
7.373291299999999637e+01
7.378061200000000497e+01
7.380952600000000530e+01
7.355967200000000616e+01
7.272159399999999607e+01
7.221367700000000411e+01
7.149730700000000638e+01
7.051407000000000380e+01
6.968492700000000184e+01
6.931791800000000592e+01
6.875487400000000093e+01
6.808981400000000406e+01
6.777953999999999724e+01
6.695610200000000134e+01
6.557524100000000544e+01
6.465539300000000367e+01
6.446267100000000028e+01
6.409836400000000367e+01
6.361744600000000105e+01
6.264559799999999967e+01
6.216423100000000090e+01
6.166159199999999885e+01
6.185995100000000235e+01
6.175810100000000347e+01
6.157117600000000124e+01
6.130262599999999651e+01
6.126794699999999949e+01
6.085830299999999937e+01
6.047868299999999664e+01
6.052329300000000245e+01
6.005965799999999888e+01
5.998238099999999662e+01
5.965757599999999883e+01
5.958279499999999729e+01
5.957341199999999759e+01
5.886142399999999952e+01
5.850199500000000086e+01
5.791913300000000220e+01
5.732300399999999740e+01
5.605738099999999946e+01
5.499816700000000225e+01
5.401176900000000103e+01
5.331810899999999975e+01
5.271981999999999857e+01
5.212139899999999670e+01
5.177143099999999976e+01
5.156707399999999808e+01
5.085751599999999684e+01
5.115164099999999792e+01
5.067601700000000164e+01
5.070028200000000140e+01
5.050258199999999675e+01
5.037861099999999936e+01
4.991070100000000309e+01
5.012038900000000297e+01
5.055304799999999688e+01
5.071081099999999964e+01
5.067354199999999764e+01
5.098108599999999768e+01
5.192786600000000163e+01
5.228239500000000106e+01
5.290168200000000098e+01
5.324530399999999730e+01
5.350428099999999887e+01
5.368550799999999867e+01
5.402116300000000138e+01
5.458459299999999814e+01
5.453521500000000088e+01
5.432504200000000338e+01
5.393961800000000295e+01
5.400817899999999838e+01
5.419479199999999963e+01
5.397964000000000340e+01
5.398087199999999797e+01
5.357044799999999896e+01
5.384474699999999814e+01
5.378999100000000055e+01
5.353009399999999829e+01
5.336014399999999824e+01
5.320818599999999776e+01
5.266884300000000252e+01
5.268723099999999704e+01
5.213262999999999892e+01
5.203409500000000065e+01
5.150811499999999654e+01
5.037139499999999970e+01
5.036570199999999886e+01
4.969861999999999824e+01
4.903572900000000345e+01
4.833908399999999972e+01
4.803656000000000148e+01
4.748429200000000350e+01
4.727063400000000115e+01
4.685193499999999744e+01
4.654749000000000336e+01
4.649106400000000150e+01
4.539140199999999936e+01
4.522153099999999881e+01
4.513364399999999677e+01
4.484983600000000337e+01
4.477479699999999951e+01
4.442189900000000335e+01
4.427483900000000006e+01
4.427413299999999907e+01
4.424238799999999827e+01
4.398774099999999976e+01
4.379041000000000139e+01
4.361047800000000052e+01
4.362058300000000344e+01
4.391038900000000211e+01
4.348154399999999953e+01
4.376122999999999763e+01
4.348521399999999915e+01
4.364654000000000167e+01
4.316406200000000126e+01
4.289552799999999877e+01
4.320739600000000280e+01
4.281863700000000250e+01
4.267691200000000151e+01
4.298712700000000098e+01
4.310995599999999683e+01
4.295376100000000008e+01
4.247952200000000289e+01
4.219790199999999913e+01
4.200437399999999855e+01
4.207455800000000323e+01
4.135050100000000128e+01
4.106042599999999965e+01
4.119296700000000300e+01
4.095910700000000304e+01
4.122010199999999713e+01
4.118916600000000017e+01
4.110845299999999725e+01
4.121508500000000197e+01
4.124623299999999659e+01
4.115530300000000352e+01
4.133401400000000336e+01
4.144447100000000006e+01
4.182417000000000229e+01
4.195400699999999716e+01
4.198674799999999863e+01
4.178784699999999930e+01
4.184370100000000292e+01
4.183322199999999924e+01
4.187691000000000230e+01
4.194868499999999756e+01
4.237718499999999722e+01
4.249263700000000199e+01
4.240281000000000233e+01
4.243887300000000096e+01
4.254711999999999961e+01
4.311711900000000242e+01
4.450858300000000156e+01
4.579630999999999830e+01
4.715163400000000138e+01
4.870660300000000120e+01
5.027690199999999976e+01
5.207975199999999916e+01
5.357348300000000307e+01
5.483597499999999769e+01
5.565398100000000170e+01
5.735090799999999689e+01
5.860976900000000001e+01
5.971286099999999664e+01
6.101756199999999808e+01
6.203588100000000338e+01
6.320389800000000236e+01
6.395032400000000194e+01
6.505697600000000591e+01
6.636105200000000082e+01
6.693629199999999457e+01
6.744564099999999485e+01
6.854524899999999832e+01
6.880090099999999609e+01
6.969803400000000693e+01
6.982701099999999883e+01
7.009885300000000541e+01
7.014455100000000698e+01
6.991081900000000360e+01
6.944379299999999944e+01
6.884158100000000502e+01
6.837988300000000663e+01
6.757679699999999912e+01
6.715043000000000006e+01
6.646293099999999754e+01
6.572490700000000174e+01
6.508601400000000581e+01
6.439970499999999731e+01
6.394545999999999708e+01
6.315891299999999831e+01
6.213358399999999904e+01
6.144063500000000033e+01
6.061138600000000309e+01
6.024522100000000080e+01
5.973506199999999922e+01
5.929946199999999834e+01
5.864332000000000278e+01
5.760990000000000322e+01
5.727857999999999805e+01
5.736464000000000141e+01
5.710474599999999867e+01
5.702426700000000181e+01
5.642950900000000303e+01
5.603910599999999675e+01
5.545994499999999761e+01
5.551372899999999788e+01
5.493490599999999802e+01
5.474662200000000212e+01
5.411891700000000327e+01
5.360235999999999734e+01
5.310747500000000088e+01
5.299432800000000299e+01
5.232563300000000339e+01
5.155895100000000042e+01
5.078263799999999861e+01
5.034957599999999900e+01
5.031812399999999741e+01
5.027089999999999748e+01
4.962036400000000214e+01
4.934001399999999649e+01
4.891366200000000219e+01
4.907915500000000009e+01
4.906034300000000314e+01
4.872931899999999672e+01
4.877184900000000312e+01
4.837321099999999774e+01
4.797738100000000117e+01
4.784936400000000134e+01
4.800344799999999879e+01
4.822586299999999682e+01
4.856637800000000027e+01
4.929866100000000273e+01
4.921794799999999981e+01
4.950779800000000108e+01
4.923653999999999797e+01
4.976186599999999771e+01
5.024492800000000159e+01
4.976522500000000093e+01
5.023166899999999657e+01
5.058988699999999739e+01
5.048873600000000295e+01
5.058859499999999798e+01
5.074248599999999954e+01
5.110097900000000237e+01
5.100412699999999688e+01
5.077336999999999989e+01
5.045419600000000315e+01
5.020249199999999945e+01
5.032057799999999759e+01
5.053656099999999896e+01
4.998824900000000326e+01
4.956196200000000118e+01
4.934503500000000287e+01
4.937237300000000317e+01
4.933787000000000234e+01
4.888619800000000026e+01
4.845823000000000036e+01
4.875427299999999775e+01
4.844847299999999990e+01
4.784908699999999726e+01
4.753956000000000159e+01
4.725223499999999888e+01
4.638522900000000249e+01
4.567474899999999849e+01
4.570963900000000280e+01
4.496912799999999777e+01
4.491933399999999921e+01
4.480189899999999881e+01
4.437140899999999988e+01
4.465675099999999986e+01
4.432457699999999789e+01
4.370982200000000262e+01
4.351953799999999717e+01
4.348515799999999842e+01
4.313255300000000148e+01
4.327724099999999652e+01
4.333439099999999655e+01
4.320537099999999953e+01
4.278762300000000351e+01
4.268610799999999728e+01
4.246190599999999904e+01
4.258464000000000027e+01
4.267007100000000008e+01
4.248286499999999677e+01
4.258873400000000231e+01
4.271196400000000182e+01
4.254809300000000150e+01
4.264263799999999804e+01
4.326829899999999895e+01
4.266572299999999984e+01
4.276442600000000027e+01
4.258780099999999891e+01
4.279631700000000194e+01
4.275635299999999717e+01
4.244060499999999791e+01
4.255816699999999742e+01
4.232630600000000243e+01
4.249858499999999850e+01
4.254859900000000295e+01
4.250611700000000326e+01
4.211674500000000165e+01
4.195112600000000214e+01
4.257006499999999960e+01
4.308005500000000154e+01
4.311500900000000058e+01
4.303729299999999824e+01
4.291309100000000143e+01
4.253884399999999744e+01
4.202791100000000313e+01
4.180924600000000169e+01
4.163941299999999757e+01
4.218717199999999679e+01
4.184678600000000159e+01
4.208819900000000302e+01
4.237099200000000110e+01
4.202835499999999769e+01
4.257382900000000348e+01
4.195953300000000041e+01
4.204720400000000069e+01
4.233944799999999731e+01
4.238450000000000273e+01
4.308708200000000232e+01
4.441373300000000057e+01
4.559426500000000004e+01
4.663567900000000321e+01
4.828780499999999876e+01
4.987109300000000189e+01
5.131283200000000022e+01
5.347874800000000306e+01
5.537563000000000102e+01
5.720779900000000140e+01
5.897341099999999869e+01
6.011882299999999901e+01
6.159236500000000092e+01
6.287127300000000218e+01
6.396967500000000229e+01
6.569421199999999317e+01
6.674459899999999379e+01
6.759361699999999473e+01
6.839219400000000348e+01
6.942539200000000221e+01
6.990118999999999971e+01
7.062861100000000647e+01
7.060765899999999817e+01
7.131124800000000619e+01
7.128740700000000174e+01
7.133345400000000325e+01
7.162024700000000621e+01
7.144820300000000657e+01
7.084429400000000498e+01
7.030271899999999619e+01
7.056126899999999580e+01
7.040071299999999610e+01
6.920178500000000099e+01
6.820473900000000356e+01
6.794837599999999611e+01
6.746628499999999917e+01
6.668700099999999509e+01
6.616094499999999812e+01
6.560854700000000150e+01
6.537863699999999767e+01
6.460156600000000537e+01
6.316160399999999697e+01
6.310191100000000120e+01
6.255994199999999950e+01
6.189640299999999939e+01
6.080477700000000141e+01
6.042518900000000315e+01
6.054231899999999911e+01
6.006036799999999687e+01
5.926131800000000283e+01
5.883392299999999864e+01
5.894099599999999839e+01
5.849636900000000139e+01
5.855847500000000139e+01
5.831262900000000116e+01
5.781044800000000095e+01
5.772047299999999836e+01
5.772026300000000276e+01
5.736134700000000208e+01
5.717573600000000056e+01
5.685913200000000245e+01
5.617537300000000045e+01
5.545678399999999897e+01
5.453195099999999940e+01
5.381843599999999839e+01
5.301499499999999898e+01
5.223995000000000033e+01
5.154917900000000230e+01
5.130084800000000200e+01
5.122461799999999954e+01
5.091472199999999759e+01
5.046783099999999678e+01
5.065826100000000309e+01
5.087560799999999972e+01
5.077686200000000127e+01
5.076855199999999968e+01
5.046781800000000118e+01
4.988846999999999809e+01
4.987060000000000315e+01
5.032258000000000209e+01
5.047134799999999899e+01
4.976483999999999952e+01
4.930329499999999854e+01
4.964341100000000040e+01
4.993451499999999754e+01
4.987796800000000275e+01
5.021188099999999821e+01
4.997277700000000067e+01
5.032902800000000099e+01
5.036403399999999664e+01
5.030374400000000179e+01
5.042139000000000237e+01
5.078715400000000102e+01
5.069731000000000165e+01
5.082362400000000235e+01
5.067713799999999935e+01
5.102025799999999833e+01
5.082084799999999802e+01
5.043361199999999656e+01
5.022994899999999774e+01
5.072932999999999737e+01
5.078744999999999976e+01
5.056038099999999957e+01
5.038087900000000019e+01
4.995985100000000045e+01
4.974915000000000020e+01
4.985039100000000190e+01
4.970856200000000058e+01
4.914718799999999987e+01
4.877762400000000298e+01
4.834898199999999946e+01
4.761552199999999857e+01
4.732420199999999966e+01
4.691210499999999683e+01
4.659891999999999967e+01
4.594543000000000177e+01
4.543854999999999933e+01
4.502351699999999823e+01
4.463475199999999887e+01
4.433802099999999768e+01
4.356384099999999648e+01
4.327619700000000336e+01
4.294718699999999956e+01
4.277277300000000082e+01
4.239629000000000048e+01
4.252620699999999943e+01
4.235701099999999997e+01
4.205381100000000316e+01
4.192269999999999897e+01
4.131759999999999877e+01
4.094897199999999771e+01
4.095165000000000077e+01
4.127745199999999670e+01
4.100394200000000211e+01
4.095055700000000343e+01
4.075504099999999852e+01
4.095677799999999991e+01
4.091943100000000300e+01
4.131678399999999840e+01
4.125618200000000257e+01
4.116054499999999905e+01
4.130852300000000099e+01
4.121532100000000298e+01
4.165261300000000233e+01
4.154832199999999887e+01
4.142046299999999803e+01
4.124075899999999706e+01
4.113118800000000164e+01
4.086447900000000288e+01
4.078797099999999887e+01
4.067446199999999834e+01
4.052666599999999875e+01
4.065536000000000172e+01
4.062682999999999822e+01
4.067795499999999720e+01
4.053157999999999817e+01
4.062055800000000261e+01
4.016664399999999802e+01
3.967658999999999736e+01
4.010226200000000318e+01
3.969082800000000333e+01
3.951335999999999871e+01
3.871580199999999650e+01
3.866266799999999648e+01
3.837344999999999828e+01
3.852686599999999828e+01
3.846704400000000135e+01
3.831796299999999889e+01
3.883199100000000215e+01
3.911240300000000047e+01
3.992740100000000325e+01
4.115714200000000034e+01
4.302500599999999764e+01
4.445010700000000270e+01
4.584434000000000253e+01
4.801787499999999653e+01
4.970658499999999691e+01
5.143683800000000161e+01
5.348380499999999671e+01
5.515044999999999931e+01
5.762309599999999676e+01
5.918879299999999688e+01
6.051688500000000204e+01
6.240688800000000214e+01
6.385305100000000067e+01
6.512037300000000073e+01
6.632198499999999797e+01
6.747132899999999722e+01
6.826383199999999363e+01
6.960589699999999880e+01
7.052119999999999322e+01
7.095788899999999444e+01
7.172059600000000046e+01
7.232793200000000411e+01
7.227180500000000052e+01
7.239120400000000188e+01
7.216081499999999949e+01
7.184536400000000356e+01
7.168371899999999641e+01
7.164200099999999338e+01
7.098828199999999811e+01
7.071411799999999914e+01
7.000543799999999806e+01
6.961511199999999633e+01
6.924212900000000559e+01
6.861195299999999975e+01
6.827032800000000634e+01
6.774215200000000436e+01
6.702649999999999864e+01
6.674446299999999610e+01
6.594428100000000370e+01
6.520658799999999644e+01
6.459708899999999687e+01
6.439599900000000332e+01
6.400002000000000635e+01
6.360316900000000118e+01
6.264186899999999980e+01
6.277775799999999862e+01
6.260660399999999726e+01
6.235229199999999850e+01
6.168534300000000314e+01
6.165153800000000217e+01
6.178250299999999839e+01
6.112515299999999741e+01
6.121283900000000244e+01
6.109097700000000231e+01
6.045313999999999766e+01
6.027142700000000275e+01
6.010761000000000109e+01
6.006123600000000096e+01
6.013940000000000197e+01
5.895086700000000235e+01
5.872392099999999715e+01
5.816508900000000182e+01
5.702352700000000141e+01
5.614822600000000108e+01
5.494525399999999848e+01
5.406743300000000119e+01
5.278841200000000100e+01
5.197753300000000110e+01
5.041901699999999664e+01
5.021997100000000103e+01
4.995640300000000167e+01
4.975240199999999646e+01
4.960656500000000335e+01
4.955714100000000144e+01
4.951730200000000082e+01
4.932213999999999743e+01
4.976317699999999888e+01
4.954426500000000289e+01
4.920668899999999724e+01
4.970313000000000159e+01
4.939527700000000010e+01
4.973816000000000059e+01
5.008280299999999841e+01
5.020063900000000245e+01
5.081129200000000168e+01
5.116025199999999984e+01
5.140073699999999945e+01
5.181714600000000104e+01
5.214321100000000087e+01
5.287033799999999673e+01
5.304654899999999884e+01
5.269639200000000301e+01
5.303343999999999880e+01
5.316300400000000081e+01
5.325842600000000004e+01
5.350702900000000284e+01
5.330735700000000321e+01
5.317527599999999666e+01
5.298210300000000217e+01
5.326813400000000343e+01
5.275727100000000291e+01
5.222428500000000184e+01
5.180205999999999733e+01
5.203806800000000266e+01
5.180256200000000177e+01
5.198989199999999755e+01
5.144811200000000184e+01
5.158864799999999917e+01
5.114728199999999703e+01
5.095223899999999873e+01
5.120836899999999758e+01
5.120028500000000093e+01
5.093618399999999724e+01
5.048864799999999775e+01
5.020178899999999800e+01
4.972344499999999812e+01
4.946078500000000133e+01
4.942006700000000308e+01
4.925497299999999967e+01
4.958183900000000222e+01
4.925061699999999831e+01
4.915252499999999714e+01
4.873436699999999888e+01
4.832330499999999773e+01
4.805895000000000294e+01
4.803332400000000035e+01
4.779838999999999771e+01
4.732578099999999921e+01
4.688756200000000263e+01
4.667655500000000046e+01
4.652412799999999748e+01
4.673502500000000026e+01
4.622411300000000267e+01
4.550560600000000022e+01
4.567398200000000230e+01
4.523041099999999659e+01
4.508644199999999813e+01
4.473404399999999725e+01
4.501127400000000023e+01
4.476762899999999945e+01
4.394733300000000042e+01
4.403035299999999808e+01
4.413739000000000345e+01
4.471791300000000291e+01
4.438741199999999765e+01
4.469193299999999880e+01
4.472498000000000218e+01
4.459441900000000203e+01
4.458938100000000304e+01
4.453011699999999706e+01
4.437818399999999741e+01
4.453860999999999848e+01
4.488660099999999886e+01
4.532421699999999731e+01
4.510067099999999840e+01
4.464181899999999814e+01
4.455165300000000173e+01
4.441973399999999828e+01
4.414452500000000157e+01
4.382019400000000076e+01
4.344386999999999688e+01
4.249789700000000181e+01
4.225297299999999723e+01
4.177476999999999663e+01
4.237862100000000254e+01
4.242197699999999827e+01
4.282042799999999971e+01
4.332941000000000287e+01
4.351395200000000330e+01
4.425647899999999879e+01
4.526254899999999992e+01
4.624669600000000003e+01
4.794964800000000338e+01
4.954823900000000236e+01
5.132401899999999983e+01
5.359444799999999987e+01
5.525238199999999722e+01
5.788624300000000034e+01
5.939947399999999789e+01
6.144932500000000175e+01
6.282749799999999851e+01
6.403510599999999897e+01
6.557165500000000691e+01
6.760952500000000498e+01
6.897655000000000314e+01
7.003973799999999983e+01
7.109477300000000355e+01
7.226966199999999674e+01
7.343918600000000652e+01
7.419619799999999543e+01
7.501639699999999777e+01
7.584828500000000417e+01
7.677731099999999742e+01
7.683469999999999800e+01
7.649392699999999934e+01
7.630141799999999819e+01
7.542238700000000051e+01
7.510822899999999436e+01
7.442364999999999498e+01
7.445830599999999322e+01
7.380985800000000552e+01
7.291214800000000196e+01
7.235799199999999587e+01
7.114688099999999338e+01
7.019733399999999790e+01
6.911456900000000303e+01
6.876579800000000375e+01
6.811697999999999809e+01
6.740792399999999418e+01
6.694608499999999651e+01
6.619565000000000055e+01
6.608841599999999517e+01
6.568341599999999403e+01
6.560984299999999791e+01
6.561817200000000128e+01
6.486907499999999516e+01
6.442028000000000532e+01
6.369845099999999860e+01
6.357853800000000177e+01
6.320402500000000146e+01
6.305087000000000330e+01
6.295292700000000252e+01
6.311184000000000083e+01
6.312425199999999847e+01
6.292346799999999973e+01
6.321272700000000100e+01
6.245703400000000016e+01
6.294999200000000172e+01
6.253871699999999834e+01
6.239354500000000314e+01
6.228027099999999905e+01
6.220637800000000084e+01
6.249097199999999930e+01
6.144701299999999833e+01
6.042266399999999749e+01
5.936603999999999814e+01
5.811834499999999792e+01
5.718260399999999777e+01
5.637780699999999712e+01
5.510560000000000258e+01
5.483803999999999945e+01
5.429717600000000033e+01
5.392315899999999829e+01
5.360902399999999801e+01
5.364205199999999962e+01
5.382642700000000247e+01
5.369543699999999831e+01
5.383498800000000273e+01
5.366249100000000283e+01
5.363958999999999833e+01
5.318017100000000141e+01
5.357326599999999672e+01
5.374453100000000205e+01
5.332013599999999798e+01
5.385794800000000038e+01
5.432296199999999686e+01
5.490755099999999800e+01
5.498996999999999957e+01
5.559411599999999964e+01
5.627886800000000278e+01
5.692462400000000144e+01
5.687053099999999972e+01
5.634251900000000290e+01
5.650482499999999675e+01
5.614529000000000281e+01
5.582597400000000221e+01
5.575190299999999866e+01
5.551949900000000326e+01
5.539194599999999724e+01
5.507359999999999900e+01
5.505345200000000006e+01
5.534676000000000329e+01
5.501061599999999885e+01
5.487138000000000204e+01
5.455011700000000019e+01
5.413242300000000284e+01
5.433285000000000053e+01
5.390221100000000121e+01
5.361430000000000007e+01
5.270696099999999973e+01
5.222059200000000345e+01
5.180356100000000197e+01
5.138470199999999721e+01
5.080263999999999669e+01
5.031710300000000302e+01
4.991716699999999918e+01
4.941471099999999694e+01
4.925146099999999905e+01
4.864827999999999975e+01
4.781285599999999647e+01
4.770290599999999870e+01
4.747768599999999850e+01
4.706718699999999700e+01
4.641651099999999985e+01
4.635251000000000232e+01
4.627327999999999975e+01
4.609787200000000240e+01
4.577665100000000109e+01
4.550637900000000258e+01
4.535482799999999770e+01
4.508237100000000197e+01
4.521085800000000177e+01
4.545771899999999732e+01
4.544884900000000272e+01
4.508193500000000142e+01
4.453538100000000099e+01
4.429186099999999726e+01
4.430572200000000294e+01
4.448706800000000072e+01
4.367042599999999908e+01
4.333379500000000206e+01
4.322848100000000215e+01
4.266038300000000305e+01
4.309366500000000144e+01
4.339812200000000075e+01
4.253706999999999994e+01
4.272630699999999848e+01
4.288473599999999664e+01
4.317747599999999863e+01
4.325753799999999671e+01
4.341304999999999836e+01
4.315535599999999761e+01
4.309530600000000078e+01
4.295916700000000077e+01
4.264401000000000153e+01
4.246140100000000217e+01
4.246403999999999712e+01
4.201769699999999830e+01
4.184936600000000340e+01
4.157997499999999746e+01
4.146665500000000293e+01
4.187838500000000153e+01
4.167741699999999838e+01
4.146877899999999784e+01
4.121131100000000202e+01
4.116461100000000073e+01
4.145632700000000170e+01
4.148334499999999991e+01
4.135751599999999684e+01
4.190983200000000153e+01
4.275936599999999999e+01
4.356832299999999947e+01
4.424334300000000297e+01
4.592222799999999694e+01
4.736685800000000057e+01
4.884501399999999904e+01
5.061928499999999786e+01
5.208801400000000115e+01
5.420503599999999977e+01
5.639861599999999697e+01
5.808198399999999850e+01
5.962005800000000022e+01
6.058678799999999853e+01
6.187503399999999942e+01
6.326608300000000185e+01
6.519528699999999333e+01
6.699896900000000244e+01
6.787459699999999430e+01
6.914438499999999976e+01
7.053118899999999769e+01
7.171142799999999795e+01
7.303668999999999301e+01
7.360151000000000465e+01
7.460429999999999495e+01
7.465838999999999714e+01
7.499762699999999427e+01
7.565717999999999677e+01
7.479209899999999323e+01
7.435640499999999520e+01
7.394336099999999590e+01
7.367777499999999691e+01
7.354230200000000650e+01
7.336894399999999905e+01
7.245643800000000567e+01
7.190073800000000404e+01
7.120967400000000680e+01
7.029048000000000229e+01
7.011646199999999851e+01
6.928530200000000150e+01
6.886746700000000487e+01
6.838146700000000067e+01
6.787392199999999320e+01
6.673659200000000169e+01
6.620557700000000523e+01
6.576768599999999765e+01
6.584164800000000639e+01
6.541422699999999679e+01
6.452573900000000151e+01
6.447464800000000196e+01
6.416887099999999577e+01
6.404523600000000272e+01
6.422229000000000099e+01
6.404560999999999638e+01
6.426481599999999617e+01
6.393038099999999702e+01
6.438217000000000212e+01
6.463641099999999540e+01
6.473809900000000539e+01
6.476227699999999743e+01
6.497961999999999705e+01
6.434430999999999301e+01
6.413105799999999590e+01
6.404745599999999683e+01
6.375668100000000038e+01
6.336735099999999932e+01
6.268949700000000291e+01
6.244116300000000308e+01
6.156509100000000245e+01
6.058520200000000244e+01
5.959626099999999838e+01
5.864030799999999743e+01
5.779784200000000283e+01
5.651137200000000149e+01
5.537560899999999720e+01
5.520400800000000174e+01
5.418838600000000127e+01
5.383057699999999812e+01
5.346686900000000264e+01
5.381152000000000157e+01
5.394180599999999970e+01
5.394826799999999878e+01
5.385771499999999889e+01
5.380714300000000350e+01
5.412627599999999717e+01
5.420825800000000072e+01
5.429267999999999716e+01
5.456168900000000122e+01
5.467421699999999873e+01
5.461538900000000041e+01
5.518602899999999778e+01
5.514358599999999910e+01
5.567633800000000122e+01
5.604201700000000130e+01
5.651617499999999694e+01
5.669837900000000275e+01
5.686717900000000014e+01
5.653948799999999864e+01
5.671542999999999779e+01
5.640916699999999651e+01
5.651220200000000204e+01
5.611975600000000242e+01
5.601589500000000044e+01
5.569738600000000162e+01
5.562341399999999680e+01
5.538060000000000116e+01
5.539759000000000100e+01
5.471971700000000283e+01
5.473637300000000039e+01
5.428140899999999647e+01
5.370464900000000341e+01
5.322487799999999680e+01
5.323732100000000145e+01
5.297849000000000075e+01
5.284903400000000318e+01
5.265796300000000230e+01
5.262299800000000261e+01
5.225440400000000096e+01
5.166162299999999874e+01
5.141821900000000056e+01
5.146266899999999822e+01
5.144582599999999672e+01
5.050461299999999909e+01
4.994823699999999889e+01
4.990442699999999832e+01
4.989641999999999911e+01
4.932070099999999968e+01
4.933159100000000308e+01
4.926324999999999932e+01
4.868510599999999755e+01
4.807486899999999963e+01
4.756327100000000030e+01
4.725757899999999978e+01
4.664879200000000026e+01
4.630926900000000046e+01
4.572778100000000023e+01
4.612061800000000034e+01
4.634937599999999946e+01
4.590374299999999863e+01
4.609751399999999677e+01
4.652133500000000055e+01
4.605475899999999712e+01
4.585220499999999788e+01
4.557341999999999871e+01
4.548194000000000159e+01
4.519275700000000029e+01
4.514802199999999743e+01
4.526751500000000306e+01
4.558852399999999960e+01
4.533463100000000168e+01
4.528621499999999855e+01
4.527224900000000218e+01
4.547787600000000197e+01
4.541227899999999806e+01
4.514814100000000252e+01
4.514121200000000300e+01
4.540759200000000106e+01
4.498915900000000079e+01
4.497440999999999889e+01
4.462029700000000076e+01
4.469029900000000310e+01
4.475177800000000161e+01
4.465529599999999988e+01
4.447540200000000254e+01
4.415908300000000253e+01
4.399866399999999800e+01
4.356547499999999928e+01
4.362892500000000240e+01
4.296694000000000102e+01
4.300296500000000322e+01
4.305153700000000327e+01
4.305095599999999934e+01
4.317542600000000164e+01
4.396913899999999842e+01
4.438402200000000164e+01
4.498198399999999708e+01
4.556040699999999788e+01
4.623152900000000187e+01
4.742742299999999744e+01
4.848761199999999860e+01
5.084239900000000034e+01
5.293488399999999672e+01
5.489278099999999938e+01
5.659677299999999889e+01
5.896097900000000180e+01
6.085250200000000120e+01
6.245548500000000303e+01
6.430953900000000090e+01
6.547562999999999533e+01
6.712958399999999415e+01
6.859999299999999778e+01
6.957707600000000525e+01
7.134268000000000143e+01
7.297442900000000066e+01
7.398539599999999439e+01
7.461646299999999599e+01
7.568265800000000354e+01
7.614752000000000010e+01
7.654757800000000145e+01
7.700304400000000271e+01
7.717996399999999824e+01
7.741277599999999381e+01
7.726288300000000220e+01
7.716362999999999772e+01
7.660471900000000289e+01
7.642617099999999652e+01
7.535670399999999347e+01
7.490686100000000636e+01
7.475294900000000098e+01
7.455256400000000383e+01
7.372381500000000187e+01
7.286645699999999692e+01
7.221420000000000528e+01
7.152846099999999296e+01
7.069846800000000542e+01
7.021053200000000061e+01
6.955472600000000227e+01
6.878109299999999848e+01
6.767158899999999733e+01
6.776138699999999915e+01
6.729910599999999476e+01
6.643699399999999855e+01
6.560516800000000615e+01
6.544136199999999803e+01
6.482791699999999935e+01
6.442434000000000083e+01
6.416812400000000594e+01
6.407295600000000491e+01
6.406193700000000035e+01
6.395829200000000014e+01
6.409593200000000479e+01
6.354262700000000308e+01
6.338810800000000256e+01
6.298405999999999949e+01
6.308938500000000005e+01
6.296642500000000098e+01
6.282821599999999762e+01
6.263593900000000048e+01
6.274224000000000245e+01
6.197503799999999785e+01
6.187165499999999696e+01
6.103141699999999759e+01
5.972249899999999911e+01
5.884420099999999820e+01
5.802264199999999761e+01
5.687447999999999837e+01
5.610922800000000166e+01
5.541772600000000182e+01
5.513933699999999760e+01
5.445980899999999991e+01
5.386721800000000115e+01
5.402430900000000236e+01
5.323239699999999885e+01
5.283478600000000114e+01
5.277528399999999920e+01
5.272254399999999919e+01
5.185104299999999711e+01
5.215241100000000074e+01
5.219864900000000318e+01
5.208217199999999991e+01
5.147025899999999865e+01
5.164349800000000101e+01
5.190121299999999849e+01
5.227005400000000179e+01
5.226013700000000028e+01
5.235525299999999760e+01
5.239892199999999889e+01
5.278315400000000324e+01
5.314710099999999926e+01
5.330152199999999851e+01
5.312504100000000307e+01
5.320024800000000198e+01
5.349200199999999938e+01
5.382491300000000223e+01
5.375582800000000105e+01
5.370404899999999770e+01
5.397240399999999738e+01
5.386450099999999708e+01
5.369635099999999994e+01
5.321488300000000038e+01
5.336764000000000152e+01
5.259864699999999971e+01
5.221431100000000214e+01
5.225070600000000098e+01
5.199414699999999812e+01
5.185497699999999810e+01
5.108698199999999900e+01
5.094823499999999683e+01
5.086389799999999894e+01
5.007325199999999654e+01
5.022065500000000071e+01
4.951023800000000108e+01
4.945315500000000242e+01
4.942613500000000215e+01
4.858918599999999799e+01
4.854897600000000324e+01
4.858648800000000278e+01
4.819296099999999683e+01
4.778408799999999701e+01
4.762674299999999761e+01
4.751161199999999951e+01
4.706556400000000195e+01
4.617092499999999688e+01
4.663996099999999956e+01
4.662992599999999754e+01
4.637909799999999905e+01
4.611000099999999691e+01
4.665338700000000216e+01
4.653948499999999910e+01
4.560090600000000194e+01
4.518397600000000125e+01
4.534200599999999781e+01
4.488572500000000076e+01
4.456786699999999968e+01
4.440990000000000038e+01
4.476408399999999688e+01
4.462917999999999807e+01
4.487628699999999782e+01
4.477992100000000164e+01
4.459321099999999660e+01
4.462074400000000196e+01
4.450733900000000176e+01
4.409438399999999803e+01
4.397724300000000142e+01
4.343871099999999785e+01
4.277175900000000297e+01
4.215380700000000047e+01
4.218657000000000323e+01
4.191034700000000157e+01
4.149124599999999674e+01
4.166879899999999992e+01
4.123323100000000352e+01
