6.374854899999999702e+01
6.407630000000000337e+01
6.384084099999999751e+01
6.340914800000000184e+01
6.292783699999999669e+01
6.260410600000000159e+01
6.216909900000000277e+01
6.230832600000000099e+01
6.184664999999999679e+01
6.104125799999999913e+01
6.175922299999999865e+01
6.118875500000000045e+01
6.119560899999999748e+01
6.079424199999999701e+01
6.050711600000000345e+01
6.001052899999999823e+01
5.978013700000000341e+01
5.926966300000000132e+01
5.966397800000000018e+01
5.936948999999999899e+01
5.904107700000000136e+01
5.867235900000000015e+01
5.909643200000000007e+01
5.894280899999999690e+01
5.883092400000000310e+01
5.908462300000000056e+01
5.868894099999999980e+01
5.830698999999999899e+01
5.826764599999999916e+01
5.824598300000000251e+01
5.867869799999999714e+01
5.879909899999999823e+01
5.897234999999999872e+01
5.923198399999999708e+01
5.864955700000000149e+01
5.858652399999999716e+01
5.809718999999999767e+01
5.856938399999999945e+01
5.890392700000000303e+01
5.866603899999999783e+01
5.851986800000000244e+01
5.809148400000000123e+01
5.830468599999999668e+01
5.790848499999999888e+01
5.740536600000000078e+01
5.757349500000000120e+01
5.776481299999999663e+01
5.751147399999999976e+01
5.784741300000000308e+01
5.844780899999999946e+01
5.840167900000000145e+01
5.850445299999999804e+01
5.840340100000000234e+01
5.826635600000000181e+01
5.851035100000000000e+01
5.885003799999999785e+01
5.879156900000000263e+01
5.925565000000000282e+01
5.864204399999999850e+01
5.909930599999999856e+01
5.912191099999999722e+01
5.868052399999999835e+01
5.862914099999999706e+01
5.835481099999999799e+01
5.846446799999999655e+01
5.892479900000000015e+01
5.931724499999999978e+01
5.880018900000000315e+01
5.873779499999999842e+01
5.875375499999999818e+01
5.866442599999999885e+01
5.896953299999999842e+01
5.866078999999999866e+01
5.814854900000000271e+01
5.824877899999999897e+01
5.832508299999999934e+01
5.760462600000000322e+01
5.761034300000000030e+01
5.767956999999999823e+01
5.784937999999999647e+01
5.790885500000000263e+01
5.761359699999999862e+01
5.794207600000000014e+01
5.762958199999999920e+01
5.747571299999999894e+01
5.774468300000000198e+01
5.858875199999999950e+01
5.942314400000000063e+01
5.925254499999999780e+01
5.980957899999999938e+01
6.077625199999999950e+01
6.181511400000000123e+01
6.317853300000000161e+01
6.439233400000000529e+01
6.552846300000000213e+01
6.734319299999999942e+01
6.850456599999999696e+01
7.012451900000000649e+01
7.098256399999999644e+01
7.254899299999999585e+01
7.308387899999999604e+01
7.452840199999999982e+01
7.568163199999999335e+01
7.655342600000000175e+01
7.780190000000000339e+01
7.873825399999999775e+01
7.959898599999999647e+01
8.085031399999999735e+01
8.107797600000000671e+01
8.270021199999999340e+01
8.335785799999999313e+01
8.389544700000000432e+01
8.457984500000000594e+01
8.519227499999999509e+01
8.568012400000000639e+01
8.593703299999999956e+01
8.635566400000000442e+01
8.659376500000000476e+01
8.809271800000000496e+01
8.897190299999999752e+01
8.916584400000000699e+01
9.025136000000000536e+01
9.115000899999999717e+01
9.177933600000000069e+01
9.261730300000000682e+01
9.279210100000000239e+01
9.279357899999999404e+01
9.422483900000000290e+01
9.505563200000000279e+01
9.580050099999999702e+01
9.594998400000000061e+01
9.588713400000000320e+01
9.577160899999999799e+01
9.542027000000000214e+01
9.591035899999999970e+01
9.610058899999999937e+01
9.549424899999999639e+01
9.564152500000000146e+01
9.489949500000000171e+01
9.465970599999999990e+01
9.446797800000000223e+01
9.316071399999999869e+01
9.188075999999999510e+01
9.100920800000000099e+01
9.001828500000000588e+01
8.936906000000000461e+01
8.769695600000000013e+01
8.630005400000000293e+01
8.497583299999999440e+01
8.463840000000000430e+01
8.324098399999999742e+01
8.235262699999999825e+01
8.105571100000000229e+01
8.049513899999999467e+01
7.966991799999999557e+01
7.948192199999999730e+01
7.918324800000000607e+01
7.826918200000000070e+01
7.709911999999999921e+01
7.630954699999999491e+01
7.495354299999999625e+01
7.406635300000000655e+01
7.311037100000000066e+01
7.276288099999999304e+01
7.256281400000000303e+01
7.187757200000000068e+01
7.143268399999999474e+01
7.082261300000000404e+01
7.018098899999999674e+01
6.958505999999999858e+01
6.893486199999999542e+01
6.936869699999999739e+01
6.851617099999999994e+01
6.841412599999999600e+01
6.814278799999999592e+01
6.754791400000000579e+01
6.735678400000000465e+01
6.781604000000000099e+01
6.693003299999999456e+01
6.679447199999999896e+01
6.600600000000000023e+01
6.561473399999999856e+01
6.544573099999999499e+01
6.554359599999999375e+01
6.563758199999999476e+01
6.519387000000000398e+01
6.451920900000000358e+01
6.462419800000000691e+01
6.357861900000000333e+01
6.345912500000000023e+01
6.341045400000000143e+01
6.222745100000000207e+01
6.232914199999999738e+01
6.280765999999999849e+01
6.300747499999999945e+01
6.274350400000000150e+01
6.262758999999999787e+01
6.317175300000000249e+01
6.289640200000000192e+01
6.318872799999999756e+01
6.294066399999999817e+01
6.267941600000000335e+01
6.298260299999999745e+01
6.293319100000000077e+01
6.325437500000000313e+01
6.311748399999999748e+01
6.223372700000000179e+01
6.210726100000000116e+01
6.213492000000000104e+01
6.235070300000000287e+01
6.246802900000000136e+01
6.223089199999999721e+01
6.285710699999999918e+01
6.306976600000000133e+01
6.302163300000000135e+01
6.290258800000000150e+01
6.299905199999999894e+01
6.351525500000000335e+01
6.333991999999999933e+01
6.414727700000000254e+01
6.381818299999999766e+01
6.401428500000000099e+01
6.362133200000000244e+01
6.348335000000000150e+01
6.312463499999999783e+01
6.346271600000000035e+01
6.358593599999999668e+01
6.346364899999999665e+01
6.323596500000000020e+01
6.341346599999999967e+01
6.261706300000000169e+01
6.229730700000000354e+01
6.242605499999999807e+01
6.284384000000000015e+01
6.193195699999999704e+01
6.182437000000000182e+01
6.154178499999999730e+01
6.154866299999999768e+01
6.149953399999999704e+01
6.135588400000000320e+01
6.135141699999999787e+01
6.097013499999999908e+01
6.088669600000000059e+01
6.119684399999999869e+01
6.030130499999999927e+01
5.926382799999999662e+01
5.876389700000000005e+01
5.855689100000000025e+01
5.792481800000000192e+01
5.773212699999999842e+01
5.757263100000000122e+01
5.707551999999999737e+01
5.679138199999999870e+01
5.618022400000000260e+01
5.622449900000000156e+01
5.548929499999999848e+01
5.563256899999999661e+01
5.508156000000000319e+01
5.490754600000000352e+01
5.443142199999999775e+01
5.422258599999999973e+01
5.409862199999999888e+01
5.404992399999999719e+01
5.386405899999999747e+01
5.406649800000000283e+01
5.376837499999999892e+01
5.358207399999999865e+01
5.379795500000000175e+01
5.399149400000000298e+01
5.493784000000000134e+01
5.538247799999999899e+01
5.702004699999999815e+01
5.741463699999999903e+01
5.826463900000000251e+01
5.969343299999999886e+01
6.062412299999999732e+01
6.177885599999999755e+01
6.280603099999999728e+01
6.410786500000000387e+01
6.567462000000000444e+01
6.723426899999999762e+01
6.855883799999999439e+01
7.036588600000000326e+01
7.099317100000000380e+01
7.215511800000000164e+01
7.429390800000000183e+01
7.528607300000000180e+01
7.658923500000000217e+01
7.757992799999999534e+01
7.893911400000000356e+01
7.944840399999999647e+01
7.997552199999999800e+01
8.098651700000000631e+01
8.185570300000000543e+01
8.244399300000000608e+01
8.374312399999999457e+01
8.459761799999999710e+01
8.606756699999999682e+01
8.691084399999999732e+01
8.787512700000000621e+01
8.862636600000000442e+01
8.930011700000000019e+01
8.997039100000000644e+01
9.179121399999999653e+01
9.256462199999999996e+01
9.316408400000000256e+01
9.354953899999999578e+01
9.402138300000000015e+01
9.463447200000000237e+01
9.482198200000000554e+01
9.553098599999999863e+01
9.647994900000000484e+01
9.654823500000000536e+01
9.699832200000000171e+01
9.709901800000000094e+01
9.684335699999999747e+01
9.731392300000000262e+01
9.735124600000000328e+01
9.777768100000000118e+01
9.772160200000000430e+01
9.717321900000000312e+01
9.641626300000000072e+01
9.502153300000000513e+01
9.448886199999999747e+01
9.367672399999999300e+01
9.275098300000000506e+01
9.197332900000000677e+01
9.034877099999999928e+01
8.911396799999999985e+01
8.771938600000000008e+01
8.599947099999999978e+01
8.412346200000000351e+01
8.315710199999999475e+01
8.237678099999999404e+01
8.087451000000000079e+01
7.981351999999999691e+01
7.861353400000000136e+01
7.735317299999999818e+01
7.641164999999999452e+01
7.551691800000000399e+01
7.406333600000000672e+01
7.318490099999999643e+01
7.251924300000000301e+01
7.176651599999999576e+01
7.146981900000000110e+01
7.025464499999999646e+01
6.972624199999999917e+01
6.945666199999999435e+01
6.857322000000000628e+01
6.852590299999999957e+01
6.741528499999999724e+01
6.704917399999999361e+01
6.689127600000000484e+01
6.618675299999999595e+01
6.569525899999999297e+01
6.537596700000000283e+01
6.515613199999999949e+01
6.459769199999999501e+01
6.450190800000000024e+01
6.445734600000000114e+01
6.412997199999999509e+01
6.307856199999999802e+01
6.272334200000000237e+01
6.278059400000000068e+01
6.217523800000000023e+01
6.186373900000000248e+01
6.156516500000000036e+01
6.150156100000000237e+01
6.101831399999999661e+01
6.041373099999999852e+01
5.930737500000000040e+01
5.946335899999999697e+01
5.940705799999999925e+01
5.945321799999999968e+01
5.879677000000000220e+01
5.906806399999999968e+01
5.880033399999999943e+01
5.856271600000000177e+01
5.816320400000000035e+01
5.833405299999999727e+01
5.864122400000000113e+01
5.967811799999999778e+01
5.989406999999999925e+01
6.014861400000000202e+01
5.964406100000000066e+01
6.059205899999999900e+01
6.058050500000000227e+01
6.044192900000000179e+01
6.043092999999999648e+01
6.079192499999999910e+01
6.075576300000000174e+01
6.084016100000000193e+01
6.093481200000000086e+01
6.069983599999999768e+01
6.053068799999999783e+01
6.087050299999999936e+01
6.141965600000000336e+01
6.092312700000000092e+01
6.121135600000000210e+01
6.142538600000000315e+01
6.123516399999999749e+01
6.202563099999999707e+01
6.253649500000000216e+01
6.268723599999999863e+01
6.220728600000000341e+01
6.223972299999999791e+01
6.218613700000000222e+01
6.187986399999999776e+01
6.212412900000000349e+01
6.224052400000000063e+01
6.197051100000000190e+01
6.226050200000000245e+01
6.299358500000000305e+01
6.315674800000000033e+01
6.266369100000000003e+01
6.282116500000000059e+01
6.242510500000000206e+01
6.257444999999999879e+01
6.217175100000000043e+01
6.250822200000000350e+01
6.279857700000000165e+01
6.298451399999999722e+01
6.285954000000000264e+01
6.224103600000000114e+01
6.211463700000000188e+01
6.291952299999999809e+01
6.228064599999999729e+01
6.213121600000000200e+01
6.203754500000000149e+01
6.207293099999999697e+01
6.140087299999999715e+01
6.093565100000000001e+01
6.017494200000000149e+01
6.004076599999999786e+01
5.919957300000000089e+01
5.857037700000000058e+01
5.789381900000000059e+01
5.785262199999999666e+01
5.774258700000000033e+01
5.770569400000000115e+01
5.674372400000000027e+01
5.694051600000000235e+01
5.686542099999999778e+01
5.670365100000000069e+01
5.695280699999999996e+01
5.657182699999999897e+01
5.686889500000000197e+01
5.693946199999999891e+01
5.751239600000000252e+01
5.778031099999999753e+01
5.832615899999999698e+01
5.905581800000000214e+01
5.949945699999999960e+01
6.032109599999999716e+01
6.064678399999999669e+01
6.258775200000000183e+01
6.377637800000000112e+01
6.500641199999999742e+01
6.609082300000000032e+01
6.802211800000000608e+01
6.870404100000000369e+01
7.019034600000000523e+01
7.122660500000000638e+01
7.158945400000000348e+01
7.283592000000000155e+01
7.436504999999999654e+01
7.557565300000000263e+01
7.730792099999999323e+01
7.819978100000000154e+01
7.990767999999999915e+01
8.019888199999999756e+01
8.084642499999999643e+01
8.229585299999999393e+01
8.298985299999999654e+01
8.427620799999999690e+01
8.528764099999999360e+01
8.502807799999999361e+01
8.612881899999999291e+01
8.698710699999999463e+01
8.780540799999999990e+01
8.835904700000000389e+01
8.938177500000000464e+01
9.034603599999999801e+01
9.110925299999999538e+01
9.189956499999999551e+01
9.334142599999999845e+01
9.407340700000000311e+01
9.540446900000000596e+01
9.550841300000000444e+01
9.621047400000000493e+01
9.698291899999999544e+01
9.769691299999999501e+01
9.825460499999999797e+01
9.852747899999999959e+01
9.909798899999999833e+01
9.922328299999999501e+01
1.000896400000000028e+02
9.999550499999999431e+01
9.947275000000000489e+01
9.962356599999999673e+01
9.942242400000000657e+01
9.913641499999999951e+01
9.831404200000000060e+01
9.779685200000000123e+01
9.682869800000000282e+01
9.653465099999999666e+01
9.575601799999999741e+01
9.478261000000000536e+01
9.401933599999999558e+01
9.275749100000000169e+01
9.111495600000000650e+01
8.983101700000000278e+01
8.824267999999999290e+01
8.721974400000000571e+01
8.625347899999999868e+01
8.460481199999999546e+01
8.339434500000000128e+01
8.239915600000000495e+01
8.179049399999999537e+01
8.066767600000000016e+01
7.969517799999999852e+01
7.887147400000000630e+01
7.842018500000000358e+01
7.746704400000000135e+01
7.648833500000000640e+01
7.554099499999999523e+01
7.446036399999999844e+01
7.398913799999999696e+01
7.333837099999999509e+01
7.281552800000000047e+01
7.151729400000000680e+01
7.152420700000000409e+01
7.140565200000000345e+01
7.061064500000000521e+01
7.043570099999999456e+01
7.072018400000000327e+01
6.939370099999999297e+01
6.959413100000000441e+01
6.906909799999999677e+01
6.898679300000000580e+01
6.893601099999999349e+01
6.871659099999999398e+01
6.850813999999999737e+01
6.868311199999999417e+01
6.865409999999999968e+01
6.834834100000000490e+01
6.841945800000000588e+01
6.843770499999999402e+01
6.785491299999999626e+01
6.744886200000000542e+01
6.725240800000000263e+01
6.752887900000000343e+01
6.684659499999999355e+01
6.699806999999999846e+01
6.642492099999999766e+01
6.670989099999999894e+01
6.593007000000000062e+01
6.524085300000000132e+01
6.532737099999999941e+01
6.486143900000000428e+01
6.485330299999999681e+01
6.511480099999999993e+01
6.504784399999999778e+01
6.489989900000000489e+01
6.494799700000000087e+01
6.472782200000000330e+01
6.486288399999999399e+01
6.482975199999999916e+01
6.487147400000000630e+01
6.412384699999999782e+01
6.446887700000000621e+01
6.418816300000000297e+01
6.473805500000000279e+01
6.456529000000000451e+01
6.446994700000000478e+01
6.485697199999999896e+01
6.551679300000000694e+01
6.553784500000000435e+01
6.537068299999999965e+01
6.509860899999999617e+01
6.531176700000000324e+01
6.553002800000000150e+01
6.516134200000000476e+01
6.547234699999999918e+01
6.531067699999999832e+01
6.503576499999999783e+01
6.506110800000000438e+01
6.560239699999999630e+01
6.598547399999999641e+01
6.597559200000000601e+01
6.515536299999999414e+01
6.518176200000000620e+01
6.513834400000000358e+01
6.484259299999999371e+01
6.435641699999999332e+01
6.446401299999999424e+01
6.447113099999999974e+01
6.421223399999999515e+01
6.283026100000000014e+01
6.304446899999999943e+01
6.285328299999999757e+01
6.220222799999999808e+01
6.217516899999999680e+01
6.300182000000000215e+01
6.286592799999999670e+01
6.313745899999999978e+01
6.248413000000000039e+01
6.298740300000000047e+01
6.257645800000000236e+01
6.293876999999999811e+01
6.242358200000000323e+01
6.207912799999999720e+01
6.190067899999999668e+01
6.153750099999999890e+01
6.197144699999999773e+01
6.210830800000000096e+01
6.185623199999999855e+01
6.194611299999999687e+01
6.170551999999999992e+01
6.131525700000000256e+01
6.161358599999999797e+01
6.118983399999999762e+01
6.111220900000000000e+01
6.083206100000000305e+01
6.001779100000000255e+01
5.913232099999999747e+01
5.862972899999999754e+01
5.823901299999999992e+01
5.795715400000000272e+01
5.833509399999999800e+01
5.858926900000000160e+01
5.839862399999999809e+01
5.932788800000000151e+01
6.018559499999999929e+01
6.072905500000000245e+01
6.189218799999999732e+01
6.266122399999999715e+01
6.361239900000000347e+01
6.503674800000000289e+01
6.606810500000000275e+01
6.714300599999999974e+01
6.891757800000000600e+01
7.049951500000000237e+01
7.200043700000000513e+01
7.366000400000000070e+01
7.513828599999999369e+01
7.678793400000000702e+01
7.778607900000000086e+01
7.992314299999999605e+01
8.124743300000000090e+01
8.240227099999999893e+01
8.296417900000000145e+01
8.403279700000000219e+01
8.491653399999999863e+01
8.527756300000000067e+01
8.583087000000000444e+01
8.660966299999999762e+01
8.750090199999999641e+01
8.859747400000000539e+01
8.919283199999999567e+01
8.974719000000000335e+01
9.075629100000000449e+01
9.195184000000000424e+01
9.244908300000000168e+01
9.328774300000000608e+01
9.361711099999999419e+01
9.496783600000000547e+01
9.613572100000000376e+01
9.680707099999999343e+01
9.709199900000000127e+01
9.750425699999999551e+01
9.828333000000000652e+01
9.906217100000000642e+01
9.929530400000000157e+01
9.974282900000000041e+01
1.007053599999999989e+02
1.018155299999999954e+02
1.018984399999999937e+02
1.022497500000000059e+02
1.025953300000000041e+02
1.028262200000000064e+02
1.027145399999999995e+02
1.029735299999999967e+02
1.020275800000000004e+02
1.015908400000000000e+02
1.009893500000000017e+02
1.001835800000000063e+02
9.958103800000000660e+01
9.897100600000000270e+01
9.758263900000000035e+01
9.632103200000000243e+01
9.473038599999999576e+01
9.361489199999999755e+01
9.190565100000000598e+01
9.000044400000000167e+01
8.865845099999999945e+01
8.721432299999999316e+01
8.566239299999999446e+01
8.420946399999999699e+01
8.209049400000000674e+01
8.108834500000000389e+01
8.064865100000000098e+01
8.014221299999999815e+01
7.936515199999999481e+01
7.808886699999999337e+01
7.689350500000000466e+01
7.638911199999999724e+01
7.522589000000000681e+01
7.455133800000000122e+01
7.352446999999999377e+01
7.248123800000000472e+01
7.202408900000000358e+01
7.150979499999999689e+01
7.084344000000000108e+01
7.064387100000000430e+01
7.042684199999999350e+01
7.031660300000000063e+01
6.956493500000000552e+01
6.906459999999999866e+01
6.894573900000000322e+01
6.927253699999999981e+01
6.952395199999999420e+01
6.890862799999999311e+01
6.849723899999999333e+01
6.826796799999999621e+01
6.860202499999999759e+01
6.790899500000000444e+01
6.776041999999999632e+01
6.794138700000000597e+01
6.734254799999999364e+01
6.724751399999999535e+01
6.702249100000000226e+01
6.707149900000000287e+01
6.667666699999999480e+01
6.693663999999999703e+01
6.714018000000000086e+01
6.703292600000000334e+01
6.710258799999999724e+01
6.654660300000000461e+01
6.601891500000000690e+01
6.613753099999999563e+01
6.569114199999999926e+01
6.563529699999999423e+01
6.570316599999999596e+01
6.497719600000000639e+01
6.526907799999999327e+01
6.581317900000000520e+01
6.569805800000000318e+01
6.545773900000000367e+01
6.564720800000000622e+01
6.581831699999999330e+01
6.506569299999999600e+01
6.501095899999999972e+01
6.468864000000000658e+01
6.513216400000000306e+01
6.520431499999999403e+01
6.598258800000000690e+01
6.566409899999999311e+01
6.563404199999999378e+01
6.579953500000000588e+01
6.575010600000000238e+01
6.582662200000000041e+01
6.586936599999999942e+01
6.559950999999999510e+01
6.605979899999999816e+01
6.631564000000000192e+01
6.627508000000000266e+01
6.578282500000000255e+01
6.594449099999999930e+01
6.603681600000000174e+01
6.554883999999999844e+01
6.566898899999999628e+01
6.471825499999999920e+01
6.459866800000000353e+01
6.471773000000000309e+01
6.440083900000000483e+01
6.450414100000000417e+01
6.445213800000000504e+01
6.381896700000000067e+01
6.405923699999999599e+01
6.432908999999999367e+01
6.399420599999999837e+01
6.402090800000000570e+01
6.333633400000000080e+01
6.379247500000000315e+01
6.344674599999999742e+01
6.323806799999999839e+01
6.320720899999999887e+01
6.276805399999999935e+01
6.277904099999999943e+01
6.310049200000000269e+01
6.319848400000000055e+01
6.272537700000000171e+01
6.280002499999999799e+01
6.228156100000000350e+01
6.200919799999999782e+01
6.113297800000000137e+01
6.030550900000000070e+01
6.019230900000000162e+01
5.984973800000000210e+01
5.955118699999999876e+01
5.980713000000000079e+01
6.018222099999999841e+01
5.984574500000000086e+01
5.946547400000000039e+01
5.865274300000000096e+01
5.855772000000000332e+01
5.809447200000000322e+01
5.753219599999999900e+01
5.696672699999999878e+01
5.654236900000000077e+01
5.663021200000000022e+01
5.613473299999999711e+01
5.614141899999999907e+01
5.584565400000000324e+01
5.590876000000000090e+01
5.582322899999999777e+01
5.585016199999999742e+01
5.586377000000000237e+01
5.680654799999999938e+01
5.721366600000000346e+01
5.833373100000000022e+01
5.914849300000000198e+01
6.089054300000000097e+01
6.220479900000000129e+01
6.383822500000000133e+01
6.515627899999999784e+01
6.595874899999999741e+01
6.773326099999999883e+01
6.880338999999999317e+01
6.997550400000000081e+01
7.124608700000000283e+01
7.304969699999999477e+01
7.401789100000000587e+01
7.613666800000000023e+01
7.662687800000000493e+01
7.756825600000000520e+01
7.821517000000000053e+01
7.883610400000000595e+01
7.994675700000000518e+01
8.129735999999999763e+01
8.210558699999999988e+01
8.236154600000000414e+01
8.336103300000000615e+01
8.441680999999999813e+01
8.486413000000000295e+01
8.664063199999999654e+01
8.767120900000000461e+01
8.859422000000000708e+01
8.874448200000000497e+01
8.964757000000000176e+01
9.024980899999999906e+01
9.050051200000000051e+01
9.152237200000000428e+01
9.242981199999999831e+01
9.310398399999999697e+01
9.406147900000000561e+01
9.437019499999999539e+01
9.504139299999999935e+01
9.579554199999999753e+01
9.628363600000000133e+01
9.745809199999999350e+01
9.685833499999999674e+01
9.755529500000000098e+01
9.747929299999999841e+01
9.795858099999999524e+01
9.795665900000000192e+01
9.759998600000000124e+01
9.686008800000000463e+01
9.695310399999999618e+01
9.611013800000000629e+01
9.611005000000000109e+01
9.550192300000000500e+01
9.487945799999999963e+01
9.348847499999999400e+01
9.261285700000000531e+01
9.145848800000000267e+01
9.022665000000000646e+01
8.895585900000000379e+01
8.690549300000000699e+01
8.605378000000000327e+01
8.420507299999999873e+01
8.281655399999999645e+01
8.160312799999999811e+01
8.049604100000000528e+01
7.863695099999999627e+01
7.798681899999999700e+01
7.710993499999999301e+01
7.657007600000000025e+01
7.595815399999999329e+01
7.534767200000000287e+01
7.428034599999999443e+01
7.411989400000000217e+01
7.356112500000000409e+01
7.257937300000000391e+01
7.222345599999999877e+01
7.164760900000000277e+01
7.059159699999999305e+01
7.070236199999999371e+01
6.997623699999999758e+01
6.999574599999999691e+01
6.912423699999999371e+01
6.898087900000000161e+01
6.890406600000000026e+01
6.826119900000000484e+01
6.812549099999999669e+01
6.829435800000000256e+01
6.774298299999999529e+01
6.733951799999999821e+01
6.708535999999999433e+01
6.692938499999999635e+01
6.726093799999999590e+01
6.683283400000000540e+01
6.741110700000000122e+01
6.765217900000000384e+01
6.743027600000000632e+01
6.713748699999999303e+01
6.656515199999999766e+01
6.672920100000000332e+01
6.718237499999999329e+01
6.747787599999999486e+01
6.710474499999999409e+01
6.609381899999999632e+01
6.557345100000000571e+01
6.564105100000000448e+01
6.583571999999999491e+01
6.522670800000000213e+01
6.568234400000000051e+01
6.542057200000000705e+01
6.581443500000000313e+01
6.502934899999999629e+01
6.535764700000000005e+01
6.542585099999999443e+01
6.543917199999999923e+01
6.512796000000000163e+01
6.444637799999999572e+01
6.413596900000000289e+01
6.365406300000000073e+01
6.387125600000000247e+01
6.379824200000000189e+01
6.363268200000000263e+01
6.383280200000000093e+01
6.416765599999999381e+01
6.312945400000000262e+01
6.291745000000000232e+01
6.297524299999999897e+01
6.236665299999999945e+01
6.283851500000000101e+01
6.278783700000000323e+01
6.213184799999999797e+01
6.186083099999999746e+01
6.162995500000000249e+01
6.208954700000000315e+01
6.224340200000000323e+01
6.173456800000000300e+01
6.195557300000000112e+01
6.239830299999999852e+01
6.190385700000000213e+01
6.240576200000000284e+01
6.234199999999999875e+01
6.240175399999999684e+01
6.207066300000000325e+01
6.143392500000000211e+01
6.115041300000000035e+01
6.104903099999999938e+01
6.051469500000000323e+01
6.074478500000000025e+01
6.082115900000000153e+01
6.053759000000000157e+01
6.079509000000000185e+01
6.015356100000000339e+01
5.944311799999999835e+01
5.956626899999999836e+01
6.010341999999999985e+01
5.996521599999999808e+01
5.918333700000000164e+01
5.897959099999999921e+01
5.931627399999999994e+01
5.859623400000000260e+01
5.864801200000000136e+01
5.798681400000000252e+01
5.810671200000000169e+01
5.755615399999999937e+01
5.717478700000000202e+01
5.760540999999999912e+01
5.749122899999999703e+01
5.785688300000000339e+01
5.809729200000000304e+01
5.821909600000000040e+01
5.763959100000000291e+01
5.734862600000000299e+01
5.698116799999999671e+01
5.610557599999999923e+01
5.557236199999999826e+01
5.544568900000000156e+01
5.518419500000000255e+01
5.543493399999999838e+01
5.600535299999999950e+01
5.560963199999999773e+01
5.572798499999999677e+01
5.555702000000000140e+01
5.635164499999999776e+01
5.676279199999999747e+01
5.736067800000000005e+01
5.731521800000000155e+01
5.806415100000000251e+01
5.819163600000000258e+01
5.843968699999999927e+01
5.995538899999999671e+01
6.076670299999999969e+01
6.161337100000000078e+01
6.291454699999999889e+01
6.435747399999999629e+01
6.568996500000000083e+01
6.723402699999999754e+01
6.792553800000000308e+01
6.906957500000000039e+01
6.985988899999999546e+01
7.045557499999999607e+01
7.181709499999999480e+01
7.269321700000000419e+01
7.425835100000000466e+01
7.547188699999999528e+01
7.704273200000000088e+01
7.772750000000000625e+01
7.884711400000000481e+01
8.011771400000000654e+01
8.062544400000000167e+01
8.096242999999999768e+01
8.136109799999999836e+01
8.204779999999999518e+01
8.264612400000000036e+01
8.392723499999999603e+01
8.484388300000000527e+01
8.581096200000000351e+01
8.612726700000000335e+01
8.700402400000000114e+01
8.709871800000000519e+01
8.765661699999999712e+01
8.841886700000000587e+01
8.926851000000000624e+01
8.995051599999999326e+01
9.019891699999999446e+01
9.135221900000000517e+01
9.106332999999999345e+01
9.143072499999999536e+01
9.244239299999999560e+01
9.293841000000000463e+01
9.302615900000000693e+01
9.301738899999999433e+01
9.259644099999999867e+01
9.313538900000000353e+01
9.272781999999999414e+01
9.217736899999999878e+01
9.191109299999999394e+01
9.172765800000000525e+01
9.125225199999999859e+01
9.071478899999999612e+01
8.945726600000000417e+01
8.810453699999999344e+01
8.703676000000000101e+01
8.613885299999999745e+01
8.524764700000000062e+01
8.396530799999999317e+01
8.332268700000000194e+01
8.217802199999999857e+01
8.180938100000000190e+01
8.152068099999999617e+01
8.112363999999999464e+01
8.011830299999999738e+01
7.955478499999999542e+01
7.877144599999999741e+01
7.755928500000000270e+01
7.690567400000000475e+01
7.577159199999999828e+01
7.445998699999999815e+01
7.357023700000000588e+01
7.281724900000000389e+01
7.291709899999999323e+01
7.213641900000000362e+01
7.145672899999999572e+01
7.128762100000000146e+01
7.110244600000000048e+01
7.058675599999999406e+01
7.017680799999999408e+01
6.907123099999999738e+01
6.866805600000000709e+01
6.780007999999999413e+01
6.737236199999999542e+01
6.685709900000000516e+01
6.650752300000000616e+01
6.628290499999999952e+01
6.599503599999999892e+01
6.612195199999999318e+01
6.542181600000000685e+01
6.617893100000000572e+01
6.618202399999999841e+01
6.525565699999999936e+01
6.511334499999999537e+01
6.430341199999999446e+01
6.409410599999999647e+01
6.430812500000000398e+01
6.335896199999999823e+01
6.274363499999999760e+01
6.288696099999999944e+01
6.258464299999999980e+01
6.183275400000000133e+01
6.102522400000000147e+01
6.083207600000000070e+01
6.109528699999999901e+01
6.028197300000000070e+01
6.003358500000000220e+01
5.983091600000000199e+01
5.966808000000000334e+01
5.962436300000000244e+01
5.937232800000000310e+01
5.920774399999999815e+01
5.909201300000000145e+01
5.855748299999999773e+01
5.769127499999999742e+01
5.842631999999999692e+01
5.803438200000000080e+01
5.805122800000000183e+01
5.848678400000000011e+01
5.813413700000000262e+01
5.819115399999999738e+01
5.853511000000000308e+01
5.858954899999999810e+01
5.932329699999999661e+01
5.935836400000000168e+01
5.949347600000000114e+01
5.975479599999999891e+01
5.912992200000000054e+01
5.863670400000000171e+01
5.874157100000000042e+01
5.811919900000000183e+01
5.832341699999999918e+01
5.852088499999999982e+01
5.909897200000000339e+01
5.932127100000000297e+01
5.888694499999999721e+01
5.889404499999999842e+01
5.842025600000000196e+01
5.804674899999999838e+01
5.754373400000000061e+01
5.769132199999999955e+01
5.721942200000000156e+01
5.699969000000000108e+01
5.697331199999999995e+01
5.684421600000000296e+01
5.712858099999999695e+01
5.692604399999999742e+01
5.667609199999999703e+01
5.676300100000000270e+01
5.719287599999999827e+01
5.690763199999999955e+01
5.637822299999999842e+01
5.686208700000000249e+01
5.696400500000000022e+01
5.679482300000000095e+01
5.688794200000000245e+01
5.675646700000000067e+01
5.687618700000000160e+01
5.683295999999999992e+01
5.664672999999999803e+01
5.633975900000000081e+01
5.615960700000000116e+01
5.678508500000000225e+01
5.634806199999999876e+01
5.645973099999999789e+01
5.649925700000000006e+01
5.635325699999999927e+01
5.571765400000000312e+01
5.570856200000000058e+01
5.472398700000000105e+01
5.531262600000000162e+01
5.510566000000000031e+01
5.541448599999999658e+01
5.536393999999999949e+01
5.436466099999999813e+01
5.388908399999999688e+01
5.359061799999999920e+01
5.369834800000000286e+01
5.435403999999999769e+01
5.498237999999999914e+01
5.532006899999999661e+01
5.630439700000000158e+01
5.725211900000000043e+01
5.833925200000000189e+01
5.863889400000000052e+01
5.913454300000000075e+01
6.053028299999999717e+01
6.221923400000000015e+01
6.366437200000000018e+01
6.456787199999999416e+01
6.628289999999999793e+01
6.729261499999999785e+01
6.862341100000000438e+01
6.958303499999999531e+01
7.136629999999999541e+01
