6.079702699999999993e+01
6.008441299999999785e+01
6.073685300000000353e+01
6.031012199999999979e+01
6.035655700000000223e+01
5.995296600000000353e+01
5.994365499999999969e+01
5.944372599999999807e+01
5.933483900000000233e+01
5.911466300000000018e+01
5.975292600000000220e+01
5.952210600000000085e+01
5.925782800000000350e+01
5.937325500000000034e+01
5.963391200000000225e+01
5.960345600000000132e+01
5.896715799999999774e+01
5.860449799999999954e+01
5.887925299999999851e+01
5.877061400000000191e+01
5.905905700000000280e+01
5.870287299999999675e+01
5.873163100000000014e+01
5.859618499999999841e+01
5.851118300000000261e+01
5.869039399999999773e+01
5.898588900000000024e+01
5.929260500000000178e+01
5.923388800000000032e+01
5.906591499999999684e+01
5.882812299999999794e+01
5.916706500000000091e+01
5.898098600000000147e+01
5.955413699999999722e+01
5.920562999999999931e+01
5.887884199999999879e+01
5.851581800000000300e+01
5.823285899999999771e+01
5.843390600000000035e+01
5.831922600000000045e+01
5.845073099999999755e+01
5.885827700000000107e+01
5.906053500000000156e+01
5.896892799999999824e+01
5.926646800000000326e+01
5.898873999999999995e+01
5.887190300000000320e+01
5.897398299999999693e+01
5.871525499999999909e+01
5.904513299999999987e+01
5.928836600000000345e+01
5.887428200000000089e+01
5.880266100000000051e+01
5.812587800000000016e+01
5.844949700000000092e+01
5.828751100000000207e+01
5.824819800000000214e+01
5.766923400000000299e+01
5.775507499999999794e+01
5.763182499999999919e+01
5.722596300000000014e+01
5.681663499999999800e+01
5.665202000000000027e+01
5.683369400000000127e+01
5.701035199999999747e+01
5.664753400000000028e+01
5.662684399999999840e+01
5.721871999999999758e+01
5.721621400000000079e+01
5.680307499999999976e+01
5.628590799999999916e+01
5.646450699999999756e+01
5.643040500000000037e+01
5.627257999999999782e+01
5.611808800000000019e+01
5.577941400000000272e+01
5.563492999999999711e+01
5.546616199999999708e+01
5.529275599999999713e+01
5.514499899999999855e+01
5.495976900000000143e+01
5.564963000000000193e+01
5.535919299999999765e+01
5.547989199999999954e+01
5.512819199999999853e+01
5.526933999999999969e+01
5.618180999999999869e+01
5.730443799999999754e+01
5.767406900000000292e+01
5.857766199999999657e+01
5.938608899999999835e+01
6.059089000000000169e+01
6.080150100000000180e+01
6.224692100000000039e+01
6.339971700000000254e+01
6.556274200000000008e+01
6.686673100000000147e+01
6.828163200000000188e+01
6.920412199999999814e+01
7.064901000000000408e+01
7.196069300000000624e+01
7.258959299999999359e+01
7.406685799999999631e+01
7.536109399999999425e+01
7.691541300000000092e+01
7.801223699999999894e+01
7.862537299999999618e+01
7.972938499999999351e+01
8.077091699999999719e+01
8.143126300000000128e+01
8.273248900000000106e+01
8.345468499999999779e+01
8.382843499999999892e+01
8.433793300000000670e+01
8.449383400000000677e+01
8.460132000000000119e+01
8.485898799999999653e+01
8.514394400000000473e+01
8.592836300000000449e+01
8.620230200000000309e+01
8.721654999999999802e+01
8.836907600000000684e+01
8.883110899999999788e+01
8.934711699999999723e+01
9.005807400000000484e+01
9.007555899999999838e+01
9.122704899999999384e+01
9.138529499999999928e+01
9.194848799999999756e+01
9.185602400000000500e+01
9.239678600000000586e+01
9.294274199999999553e+01
9.275512700000000166e+01
9.310112300000000118e+01
9.333024100000000089e+01
9.341561799999999494e+01
9.320499900000000082e+01
9.282019999999999982e+01
9.232950200000000507e+01
9.156836900000000412e+01
9.064405100000000459e+01
8.973826499999999839e+01
8.878147800000000700e+01
8.834328700000000367e+01
8.711999699999999791e+01
8.589026099999999531e+01
8.385109799999999325e+01
8.275252500000000566e+01
8.182768400000000497e+01
8.083332900000000620e+01
7.968336600000000658e+01
7.851162499999999511e+01
7.813940999999999804e+01
7.761435699999999827e+01
7.709708000000000538e+01
7.634769799999999407e+01
7.528373000000000559e+01
7.454270400000000052e+01
7.364059100000000058e+01
7.319044499999999687e+01
7.296371800000000007e+01
7.213191799999999887e+01
7.169148300000000518e+01
7.176528700000000072e+01
7.129262699999999597e+01
7.117077899999999602e+01
7.086439699999999675e+01
7.096415100000000109e+01
7.105348499999999490e+01
7.072418999999999301e+01
7.057871600000000001e+01
7.049452999999999747e+01
7.019517700000000104e+01
6.956947999999999865e+01
6.910475399999999979e+01
6.841778300000000002e+01
6.848307200000000705e+01
6.776909000000000560e+01
6.780609300000000417e+01
6.713428999999999292e+01
6.639565000000000339e+01
6.628374900000000025e+01
6.574364300000000583e+01
6.548744499999999391e+01
6.543156299999999703e+01
6.499477199999999755e+01
6.444105799999999817e+01
6.449506399999999928e+01
6.407454199999999389e+01
6.393294199999999705e+01
6.407403100000000506e+01
6.371564999999999657e+01
6.297068999999999761e+01
6.274901200000000046e+01
6.285451100000000224e+01
6.260945699999999903e+01
6.284091500000000252e+01
6.303314900000000165e+01
6.257637700000000081e+01
6.158541600000000216e+01
6.145208999999999833e+01
6.170997100000000302e+01
6.176574999999999704e+01
6.206661400000000128e+01
6.138646500000000117e+01
6.082312399999999997e+01
6.036197200000000151e+01
6.079370999999999725e+01
6.101301800000000242e+01
6.116006200000000348e+01
6.137753500000000173e+01
6.072445900000000307e+01
6.022466099999999756e+01
5.985043199999999786e+01
5.965920299999999799e+01
6.009519800000000345e+01
5.963303299999999751e+01
5.936014500000000282e+01
5.918931899999999757e+01
5.870533700000000010e+01
5.817092600000000147e+01
5.799228699999999748e+01
5.755427900000000108e+01
5.750813099999999878e+01
5.763120899999999835e+01
5.776560700000000281e+01
5.772983200000000181e+01
5.782168500000000222e+01
5.792857899999999916e+01
5.793313200000000052e+01
5.780102500000000276e+01
5.845745300000000100e+01
5.824548999999999666e+01
5.820636499999999813e+01
5.809037000000000006e+01
5.737180500000000194e+01
5.776650899999999922e+01
5.763439799999999735e+01
5.791103300000000331e+01
5.767327199999999721e+01
5.746574499999999830e+01
5.740177500000000066e+01
5.742618300000000175e+01
5.770217499999999688e+01
5.785216299999999734e+01
5.723799000000000348e+01
5.700082299999999691e+01
5.657110800000000239e+01
5.691665700000000072e+01
5.607327300000000037e+01
5.657855099999999737e+01
5.714991200000000049e+01
5.671006599999999764e+01
5.683461199999999991e+01
5.623791200000000146e+01
5.614855699999999672e+01
5.689714000000000027e+01
5.689878999999999820e+01
5.687156000000000233e+01
5.708670099999999792e+01
5.741051900000000074e+01
5.703161800000000170e+01
5.703311200000000269e+01
5.758237100000000197e+01
5.765233200000000124e+01
5.774332199999999915e+01
5.764547600000000216e+01
5.796504099999999937e+01
5.865200200000000308e+01
5.898036599999999652e+01
5.962545599999999979e+01
6.042103500000000338e+01
6.125152700000000294e+01
6.263230800000000187e+01
6.384046599999999927e+01
6.515250799999999742e+01
6.694096500000000560e+01
6.798635600000000068e+01
6.933424499999999568e+01
7.043920099999999707e+01
7.123557399999999973e+01
7.274083400000000665e+01
7.404713999999999885e+01
7.484731999999999630e+01
7.665652099999999791e+01
7.764514400000000194e+01
7.901637300000000153e+01
7.978498999999999342e+01
8.115016900000000533e+01
8.152997600000000489e+01
8.179219600000000412e+01
8.290293200000000695e+01
8.320155900000000315e+01
8.372218100000000618e+01
8.451774799999999743e+01
8.534928800000000138e+01
8.652126800000000628e+01
8.747284799999999905e+01
8.893727599999999711e+01
8.914001000000000374e+01
9.044594100000000481e+01
9.128176100000000304e+01
9.128247199999999850e+01
9.231181800000000237e+01
9.268323200000000384e+01
9.284703700000000026e+01
9.342409100000000421e+01
9.361941299999999444e+01
9.390500799999999515e+01
9.403334800000000371e+01
9.417257700000000398e+01
9.393243999999999971e+01
9.345835599999999488e+01
9.358069799999999816e+01
9.352145099999999900e+01
9.396820099999999343e+01
9.403071699999999566e+01
9.330271299999999712e+01
9.351886500000000524e+01
9.277640499999999690e+01
9.300042700000000195e+01
9.268567400000000589e+01
9.229680000000000462e+01
9.182415000000000305e+01
9.071207099999999457e+01
8.975249999999999773e+01
8.839869899999999348e+01
8.654228700000000174e+01
8.550509300000000223e+01
8.432175100000000612e+01
8.325467399999999429e+01
8.270515500000000486e+01
8.130242800000000614e+01
8.018630500000000438e+01
7.928036600000000078e+01
7.822751100000000690e+01
7.771933500000000095e+01
7.652378699999999867e+01
7.589152599999999893e+01
7.500787699999999347e+01
7.446426499999999749e+01
7.405206599999999639e+01
7.306431399999999599e+01
7.261965499999999452e+01
7.190799199999999303e+01
7.181835999999999842e+01
7.070250299999999299e+01
6.980463100000000054e+01
6.899176099999999678e+01
6.786417699999999797e+01
6.742576599999999587e+01
6.720606499999999528e+01
6.710264300000000048e+01
6.640613199999999949e+01
6.622216199999999731e+01
6.613960400000000561e+01
6.640215000000000600e+01
6.534471000000000629e+01
6.529387499999999989e+01
6.456533899999999448e+01
6.446112999999999715e+01
6.446424500000000535e+01
6.446158900000000358e+01
6.486931300000000533e+01
6.489989199999999414e+01
6.516748200000000679e+01
6.420367899999999395e+01
6.387321800000000138e+01
6.398450499999999863e+01
6.417462700000000098e+01
6.416774999999999807e+01
6.381340200000000351e+01
6.430163400000000706e+01
6.379250100000000145e+01
6.304952899999999971e+01
6.329704699999999917e+01
6.349520299999999651e+01
6.353217399999999770e+01
6.339686400000000077e+01
6.377416199999999691e+01
6.321498900000000276e+01
6.365822599999999909e+01
6.335472500000000196e+01
6.302425499999999658e+01
6.319904700000000020e+01
6.294852399999999903e+01
6.294144099999999753e+01
6.234487500000000182e+01
6.247887399999999758e+01
6.223936100000000238e+01
6.228775699999999915e+01
6.250598000000000098e+01
6.193118100000000226e+01
6.221783099999999678e+01
6.230806700000000120e+01
6.292548299999999983e+01
6.183723299999999767e+01
6.211758700000000033e+01
6.243301799999999702e+01
6.264010300000000342e+01
6.294113200000000319e+01
6.286596699999999771e+01
6.289584099999999722e+01
6.305611700000000042e+01
6.298664500000000288e+01
6.345359700000000203e+01
6.358087900000000303e+01
6.350564800000000076e+01
6.421512800000000709e+01
6.390023699999999707e+01
6.393671199999999999e+01
6.404311900000000435e+01
6.375223600000000346e+01
6.357618899999999940e+01
6.327800799999999981e+01
6.290990800000000149e+01
6.253712999999999766e+01
6.236524000000000001e+01
6.257538999999999874e+01
6.251722699999999833e+01
6.235944500000000090e+01
6.226597399999999993e+01
6.187735399999999686e+01
6.058269099999999696e+01
6.057837299999999914e+01
6.061057799999999673e+01
6.022240000000000038e+01
5.952492000000000161e+01
5.890804200000000179e+01
5.828910599999999675e+01
5.802347300000000274e+01
5.818997399999999942e+01
5.747083500000000100e+01
5.808924400000000077e+01
5.798728700000000202e+01
5.732021199999999794e+01
5.725299900000000264e+01
5.696929300000000040e+01
5.698122800000000154e+01
5.688712100000000049e+01
5.688200700000000154e+01
5.661203700000000083e+01
5.631965000000000288e+01
5.683326300000000231e+01
5.647392099999999715e+01
5.623567700000000258e+01
5.593224099999999765e+01
5.644794000000000267e+01
5.743730699999999700e+01
5.755521099999999990e+01
5.851606799999999708e+01
5.953022399999999692e+01
6.056619299999999839e+01
6.153739300000000156e+01
6.320003499999999974e+01
6.435279500000000041e+01
6.491479300000000308e+01
6.561903399999999920e+01
6.738236799999999960e+01
6.853924999999999557e+01
6.989642200000000116e+01
7.131027799999999672e+01
7.251740499999999656e+01
7.306748100000000079e+01
7.457436300000000529e+01
7.580038399999999399e+01
7.743281100000000094e+01
7.888488499999999704e+01
8.064492900000000475e+01
8.224112200000000428e+01
8.328130699999999820e+01
8.406237600000000043e+01
8.491215099999999438e+01
8.563500899999999660e+01
8.679051800000000583e+01
8.712296899999999766e+01
8.754021600000000092e+01
8.807432900000000586e+01
8.879940000000000566e+01
8.951060200000000577e+01
9.062488299999999697e+01
9.126550600000000202e+01
9.168883599999999490e+01
9.286356999999999573e+01
9.278563599999999667e+01
9.386319699999999955e+01
9.478522900000000107e+01
9.538647500000000434e+01
9.628320200000000284e+01
9.701699299999999937e+01
9.799067599999999345e+01
9.763343700000000069e+01
9.837338599999999644e+01
9.872760300000000200e+01
9.896662600000000509e+01
9.882979400000000680e+01
9.908034499999999412e+01
9.954688000000000159e+01
9.909638699999999290e+01
9.785072999999999865e+01
9.750330900000000156e+01
9.690191099999999835e+01
9.620051200000000335e+01
9.586984400000000051e+01
9.467333800000000110e+01
9.311682799999999816e+01
9.165180100000000607e+01
9.090009799999999984e+01
8.973644799999999577e+01
8.839976699999999710e+01
8.714548200000000122e+01
8.590143199999999979e+01
8.409567400000000248e+01
8.305663199999999335e+01
8.203920999999999708e+01
8.134033999999999764e+01
8.031276800000000549e+01
7.878992599999999413e+01
7.761869299999999328e+01
7.620801799999999560e+01
7.542288899999999785e+01
7.426670099999999763e+01
7.331850400000000434e+01
7.248049399999999309e+01
7.225068799999999669e+01
7.174766700000000696e+01
7.200452699999999595e+01
7.221439999999999770e+01
7.217973899999999787e+01
7.204099999999999682e+01
7.168546899999999766e+01
7.093916799999999512e+01
7.081064600000000553e+01
7.073792500000000416e+01
7.064562599999999293e+01
7.089165800000000672e+01
7.017466699999999946e+01
6.988547499999999957e+01
6.993994899999999859e+01
6.928524500000000330e+01
6.877969000000000221e+01
6.825947299999999984e+01
6.834276199999999335e+01
6.816153699999999560e+01
6.781752699999999834e+01
6.694263700000000483e+01
6.689425900000000524e+01
6.703450499999999579e+01
6.678960700000000372e+01
6.667610200000000020e+01
6.668465399999999477e+01
6.708219900000000280e+01
6.680112800000000561e+01
6.616720599999999308e+01
6.544353900000000124e+01
6.618614200000000380e+01
6.564015799999999956e+01
6.609854400000000396e+01
6.639715700000000709e+01
6.615749300000000233e+01
6.526067399999999452e+01
6.537764199999999448e+01
6.494980700000000695e+01
6.563536799999999971e+01
6.573329900000000237e+01
6.558607100000000401e+01
6.536487700000000700e+01
6.497035499999999786e+01
6.460709199999999441e+01
6.475932000000000244e+01
6.429119099999999776e+01
6.368469300000000288e+01
6.362896200000000135e+01
6.341023500000000013e+01
6.328394600000000025e+01
6.301917000000000257e+01
6.308553400000000266e+01
6.230937200000000331e+01
6.197018700000000280e+01
6.151441599999999710e+01
6.150140199999999879e+01
6.145213900000000251e+01
6.134205200000000247e+01
6.150594999999999857e+01
6.094783699999999982e+01
6.039006400000000241e+01
6.017037299999999789e+01
6.021483599999999825e+01
6.015908999999999907e+01
5.997711499999999774e+01
5.959646599999999950e+01
6.005106500000000125e+01
5.997296999999999656e+01
6.003406999999999982e+01
5.968924299999999761e+01
5.957027000000000072e+01
6.009298900000000287e+01
6.025532299999999708e+01
5.983105199999999968e+01
5.970906599999999997e+01
5.950960299999999847e+01
5.964652399999999943e+01
5.916104399999999686e+01
5.845996300000000190e+01
5.839414399999999716e+01
5.768917700000000082e+01
5.723589700000000136e+01
5.748862700000000103e+01
5.713666800000000023e+01
5.728599700000000183e+01
5.752421999999999969e+01
5.743846899999999778e+01
5.759232000000000085e+01
5.674365399999999937e+01
5.641855400000000031e+01
5.633214300000000208e+01
5.618493800000000249e+01
5.586200300000000141e+01
5.558027599999999779e+01
5.582998500000000064e+01
5.531021100000000246e+01
5.579518399999999900e+01
5.518445400000000234e+01
5.481687000000000154e+01
5.477918300000000329e+01
5.437430499999999967e+01
5.405852900000000005e+01
5.439121399999999795e+01
5.474424499999999938e+01
5.483239199999999869e+01
5.542505200000000087e+01
5.550258000000000180e+01
5.557900300000000016e+01
5.629333599999999649e+01
5.683098300000000336e+01
5.837849599999999839e+01
5.940119599999999878e+01
6.072645299999999935e+01
6.260005199999999803e+01
6.399778599999999784e+01
6.562321099999999774e+01
6.702503699999999753e+01
6.819542500000000018e+01
6.936267300000000091e+01
7.099591700000000571e+01
7.276113200000000347e+01
7.432142000000000337e+01
7.499825400000000286e+01
7.640255999999999403e+01
7.754046200000000510e+01
7.931792000000000087e+01
8.013366499999999348e+01
8.119752599999999632e+01
8.255397299999999916e+01
8.421555200000000241e+01
8.511096200000000067e+01
8.597641600000000039e+01
8.669924799999999721e+01
8.758553200000000061e+01
8.850231200000000342e+01
8.912942800000000432e+01
8.930127500000000396e+01
9.050766699999999787e+01
9.099345200000000489e+01
9.255523200000000372e+01
9.306858699999999374e+01
9.416452700000000675e+01
9.495609299999999564e+01
9.612613399999999331e+01
9.745366199999999424e+01
9.800838199999999745e+01
9.900296199999999658e+01
9.921362999999999488e+01
9.988563000000000613e+01
1.007769600000000025e+02
1.011291599999999988e+02
1.022389100000000042e+02
1.029068800000000010e+02
1.029514199999999988e+02
1.029714000000000027e+02
1.026693099999999959e+02
1.022300999999999931e+02
1.022665700000000015e+02
1.023446200000000061e+02
1.022901800000000065e+02
1.021795500000000061e+02
1.014162699999999973e+02
1.008959300000000070e+02
1.003227499999999992e+02
9.914415900000000192e+01
9.788827200000000062e+01
9.615910200000000430e+01
9.544946099999999944e+01
9.433764299999999992e+01
9.279351499999999930e+01
9.106203100000000461e+01
8.926713100000000622e+01
8.834816899999999862e+01
8.743380700000000161e+01
8.605245100000000491e+01
8.510183100000000422e+01
8.395046100000000422e+01
8.307073099999999499e+01
8.238656199999999785e+01
8.157614200000000437e+01
8.040327600000000530e+01
8.023580599999999663e+01
7.977169100000000412e+01
7.983881100000000686e+01
7.909266700000000583e+01
7.784011900000000139e+01
7.733591699999999491e+01
7.691201800000000333e+01
7.656922199999999634e+01
7.666820900000000449e+01
7.584421199999999885e+01
7.571488999999999692e+01
7.523058500000000492e+01
7.424946400000000324e+01
7.388707999999999743e+01
7.342878299999999570e+01
7.340982499999999789e+01
7.324835299999999449e+01
7.348913899999999444e+01
7.342331599999999980e+01
7.343159300000000655e+01
7.275569099999999878e+01
7.229269100000000492e+01
7.207611199999999485e+01
7.147986500000000376e+01
7.095970300000000464e+01
7.146123900000000617e+01
7.169599200000000394e+01
7.063013200000000325e+01
7.034976100000000088e+01
6.991417400000000271e+01
6.953339599999999621e+01
6.909129099999999823e+01
6.882313299999999856e+01
6.875489899999999466e+01
6.849672599999999534e+01
6.798098500000000399e+01
6.839695600000000297e+01
6.753074700000000519e+01
6.656833600000000217e+01
6.637038300000000390e+01
6.689526899999999898e+01
6.667269100000000037e+01
6.670557700000000523e+01
6.724675399999999570e+01
6.720489899999999750e+01
6.650274600000000191e+01
6.632393999999999323e+01
6.590811300000000017e+01
6.574999699999999336e+01
6.545684300000000633e+01
6.553360499999999433e+01
6.485020199999999591e+01
6.482322399999999618e+01
6.405517299999999636e+01
6.387945899999999710e+01
6.359434600000000160e+01
6.372890799999999700e+01
6.340027599999999808e+01
6.303788999999999731e+01
6.285740200000000044e+01
6.284501499999999652e+01
6.319881699999999825e+01
6.313391500000000178e+01
6.383431099999999958e+01
6.362266300000000285e+01
6.327168499999999796e+01
6.272235899999999731e+01
6.304372200000000248e+01
6.297136400000000123e+01
6.263808600000000126e+01
6.320650899999999695e+01
6.366613399999999956e+01
6.301505900000000082e+01
6.351029299999999722e+01
6.329199100000000300e+01
6.367714699999999794e+01
6.323596299999999815e+01
6.272563900000000103e+01
6.293354500000000229e+01
6.273007299999999731e+01
6.274826399999999893e+01
6.189761000000000024e+01
6.192296000000000333e+01
6.127474999999999739e+01
6.079505199999999832e+01
6.040834799999999660e+01
6.112012800000000112e+01
6.141373300000000057e+01
6.108569800000000072e+01
6.121029500000000212e+01
6.135283700000000096e+01
6.128203599999999796e+01
6.112774499999999733e+01
6.037526400000000137e+01
5.898420500000000288e+01
5.850628100000000131e+01
5.813471700000000197e+01
5.876006100000000032e+01
5.818453800000000342e+01
5.788305499999999881e+01
5.674241099999999705e+01
5.666461000000000325e+01
5.690491200000000305e+01
5.687697399999999703e+01
5.679975999999999914e+01
5.690531699999999660e+01
5.701783799999999758e+01
5.733664600000000178e+01
5.773680699999999888e+01
5.790807000000000215e+01
5.793575599999999781e+01
5.828567499999999768e+01
5.856515799999999672e+01
5.926557799999999787e+01
6.010137999999999892e+01
6.082906200000000041e+01
6.202932200000000051e+01
6.354498399999999947e+01
6.446439800000000275e+01
6.603033600000000547e+01
6.760159600000000069e+01
6.847836700000000576e+01
6.918627800000000150e+01
7.044014799999999354e+01
7.093856700000000615e+01
7.271737699999999904e+01
7.419245800000000202e+01
7.521036499999999592e+01
7.629706799999999589e+01
7.808450299999999800e+01
7.925883799999999724e+01
8.022896099999999819e+01
8.231237699999999791e+01
8.347040400000000204e+01
8.489626900000000376e+01
8.609545500000000118e+01
8.675614600000000110e+01
8.689714100000000485e+01
8.710486099999999965e+01
8.787981899999999769e+01
8.910327800000000309e+01
8.917737900000000195e+01
8.930243500000000267e+01
9.051116399999999373e+01
9.137311900000000264e+01
9.289477499999999566e+01
9.429759400000000369e+01
9.557021799999999701e+01
9.563777299999999570e+01
9.658347600000000455e+01
9.738150299999999504e+01
9.913281600000000537e+01
9.987737699999999563e+01
1.002574000000000041e+02
9.985428100000000029e+01
1.005779699999999934e+02
1.010051799999999957e+02
1.009646000000000043e+02
1.006641699999999986e+02
1.012673499999999933e+02
1.010727799999999945e+02
1.013003599999999977e+02
1.012788900000000041e+02
1.012518100000000061e+02
1.002381699999999967e+02
9.949549600000000282e+01
9.885534400000000232e+01
9.850364999999999327e+01
9.715628800000000354e+01
9.540023100000000511e+01
9.392652999999999963e+01
9.268045999999999651e+01
9.153865700000000061e+01
9.042974900000000105e+01
8.896094700000000444e+01
8.833735500000000229e+01
8.689792799999999318e+01
8.566297400000000550e+01
8.405178100000000541e+01
8.281306700000000376e+01
8.154837999999999454e+01
8.097711999999999932e+01
8.109126799999999946e+01
7.961504999999999654e+01
7.895265899999999704e+01
7.860549799999999721e+01
7.753515199999999652e+01
7.715277899999999534e+01
7.649532000000000664e+01
7.613112499999999727e+01
7.614081099999999935e+01
7.583595599999999592e+01
7.643685600000000591e+01
7.621007600000000082e+01
7.565127300000000332e+01
7.523956699999999387e+01
7.480697000000000685e+01
7.437069400000000030e+01
7.391928000000000054e+01
7.386548000000000513e+01
7.376554799999999545e+01
7.359732400000000041e+01
7.317739400000000671e+01
7.304490499999999997e+01
7.257806300000000022e+01
7.262220000000000653e+01
7.201771200000000306e+01
7.165569999999999595e+01
7.158024299999999585e+01
7.170601600000000531e+01
7.064302100000000451e+01
7.032594299999999521e+01
7.063489400000000273e+01
6.992834600000000478e+01
6.931363399999999331e+01
7.027533999999999992e+01
7.001087300000000369e+01
6.977753400000000283e+01
6.971912899999999524e+01
6.995232099999999775e+01
7.017868300000000659e+01
7.039150200000000268e+01
6.983809200000000317e+01
6.938668699999999490e+01
6.953658599999999979e+01
7.045467100000000471e+01
7.001648099999999886e+01
6.964306000000000552e+01
6.982105599999999868e+01
6.993609700000000373e+01
6.962938499999999920e+01
6.983580499999999347e+01
6.922488699999999540e+01
6.846611900000000617e+01
6.833574600000000032e+01
6.849268800000000113e+01
6.802152300000000196e+01
6.796639899999999557e+01
6.765257400000000132e+01
6.758151300000000106e+01
6.765175999999999590e+01
6.757007000000000119e+01
6.710779899999999998e+01
6.670102099999999723e+01
6.693289000000000044e+01
6.668094700000000330e+01
6.661843399999999349e+01
6.694179599999999652e+01
6.746941999999999950e+01
6.790455799999999442e+01
6.775417400000000612e+01
6.750870600000000366e+01
6.663988299999999754e+01
6.596320199999999545e+01
6.597501400000000160e+01
6.559693599999999947e+01
6.592095000000000482e+01
6.635271799999999587e+01
6.576834100000000660e+01
6.579000399999999615e+01
6.506569600000000264e+01
6.500193699999999808e+01
6.490501299999999674e+01
6.436490299999999820e+01
6.435065600000000074e+01
6.433038399999999513e+01
6.393142100000000028e+01
6.365592300000000137e+01
6.307823900000000350e+01
6.280782599999999860e+01
6.186669700000000205e+01
6.147258999999999673e+01
6.119064600000000098e+01
6.104272799999999677e+01
6.080957999999999686e+01
6.034649999999999892e+01
5.953946299999999781e+01
5.914175999999999789e+01
5.941882100000000122e+01
5.919737400000000349e+01
5.856802900000000278e+01
5.892523200000000116e+01
5.839089299999999838e+01
5.842702500000000043e+01
5.815161100000000260e+01
5.762732199999999949e+01
5.681692699999999974e+01
5.658367299999999744e+01
5.627301899999999790e+01
5.589001199999999869e+01
5.604564400000000290e+01
5.549657899999999700e+01
5.478192299999999904e+01
5.406326299999999918e+01
5.379945899999999881e+01
5.380603500000000139e+01
5.373790400000000034e+01
5.446679499999999763e+01
5.465448599999999857e+01
5.408196000000000225e+01
5.458418499999999796e+01
5.582068799999999698e+01
5.705187500000000256e+01
5.812407900000000183e+01
5.929097000000000151e+01
6.017731500000000011e+01
6.160764400000000052e+01
6.253887199999999780e+01
6.345763600000000082e+01
6.487953199999999754e+01
6.628267499999999757e+01
6.750670800000000327e+01
6.884209400000000301e+01
7.058831100000000447e+01
7.150268300000000465e+01
7.285551499999999692e+01
7.353534299999999746e+01
7.454744900000000030e+01
7.565711000000000297e+01
7.744692000000000576e+01
7.831855199999999684e+01
7.929255600000000470e+01
8.027786799999999801e+01
8.095897499999999525e+01
8.211671400000000176e+01
8.240152500000000657e+01
8.304879300000000342e+01
8.386733499999999708e+01
8.382689499999999327e+01
8.446092699999999809e+01
8.468577799999999911e+01
8.580396700000000010e+01
8.633319400000000599e+01
8.682429199999999980e+01
8.681910700000000247e+01
8.717080599999999890e+01
8.773108999999999469e+01
8.825847899999999413e+01
8.897491700000000492e+01
8.898336500000000626e+01
8.929608899999999494e+01
8.918551600000000690e+01
8.987156600000000140e+01
8.965735599999999295e+01
9.076841699999999946e+01
9.082716000000000633e+01
9.025902700000000323e+01
8.987269999999999470e+01
8.959260999999999342e+01
8.858215400000000272e+01
8.867052599999999529e+01
8.726093199999999683e+01
8.642000400000000582e+01
8.529257400000000189e+01
8.430847400000000391e+01
8.358266000000000417e+01
8.311043499999999540e+01
8.239139199999999619e+01
8.103254699999999389e+01
8.016387600000000191e+01
7.930227399999999705e+01
7.819869699999999568e+01
7.756346999999999525e+01
7.648625099999999577e+01
7.561127899999999613e+01
7.531218400000000202e+01
7.428088800000000447e+01
7.295573000000000263e+01
7.196961600000000203e+01
7.094905099999999720e+01
6.976281000000000176e+01
6.915140900000000101e+01
6.911566500000000701e+01
6.859989899999999352e+01
6.829685899999999776e+01
6.724395599999999718e+01
6.752022100000000648e+01
6.669460800000000233e+01
6.651942800000000489e+01
6.616511400000000265e+01
6.616628599999999949e+01
6.631278500000000520e+01
6.532695200000000568e+01
6.521116700000000321e+01
6.515808199999999317e+01
6.551046100000000649e+01
6.526418300000000272e+01
6.524519999999999698e+01
6.475620999999999583e+01
6.423337300000000027e+01
6.437242600000000436e+01
6.460777899999999363e+01
6.514820899999999426e+01
6.489195499999999583e+01
6.457203900000000374e+01
6.390677300000000116e+01
6.342039599999999666e+01
6.340865000000000151e+01
6.388766600000000295e+01
6.376272800000000274e+01
6.408428399999999669e+01
6.338375599999999821e+01
6.341980699999999871e+01
6.338105900000000048e+01
6.327805500000000194e+01
6.421577800000000025e+01
6.363745899999999978e+01
6.326600700000000188e+01
6.261984799999999751e+01
6.303872700000000151e+01
6.323146599999999751e+01
6.284577699999999822e+01
6.319183400000000006e+01
6.306236100000000278e+01
6.314005499999999671e+01
6.233702499999999702e+01
6.183800000000000097e+01
6.151881900000000059e+01
6.262246799999999780e+01
6.319319399999999831e+01
6.336343399999999804e+01
6.346737300000000204e+01
6.304229699999999781e+01
6.311951100000000281e+01
6.323846400000000045e+01
6.282162699999999944e+01
6.292145299999999963e+01
6.250632999999999839e+01
6.261067700000000258e+01
6.182377799999999723e+01
6.184196699999999680e+01
6.166938199999999881e+01
6.069459100000000262e+01
6.087980799999999704e+01
6.053713299999999720e+01
6.034429599999999994e+01
5.992629099999999909e+01
6.004340400000000244e+01
5.992665800000000331e+01
6.004638899999999779e+01
5.991894500000000079e+01
5.949834100000000348e+01
5.960747500000000088e+01
5.955565200000000203e+01
5.910177600000000098e+01
5.968646600000000291e+01
5.993042799999999914e+01
6.066161699999999968e+01
6.022290199999999771e+01
6.004875599999999736e+01
5.954001099999999980e+01
5.937420600000000093e+01
5.946376699999999715e+01
5.955379299999999887e+01
5.943725599999999787e+01
5.915458600000000189e+01
5.867332300000000345e+01
5.889102400000000159e+01
5.941479499999999803e+01
5.949347999999999814e+01
5.912725199999999859e+01
5.910661499999999791e+01
5.907820399999999950e+01
5.912427199999999772e+01
5.915883199999999675e+01
5.933841100000000068e+01
5.947412200000000126e+01
5.946882399999999791e+01
5.938960199999999645e+01
5.836800199999999705e+01
5.807136700000000218e+01
5.794799799999999834e+01
5.800285000000000224e+01
5.838608399999999676e+01
5.815893400000000213e+01
5.754949299999999823e+01
5.764124100000000084e+01
5.773617800000000244e+01
5.772117300000000029e+01
5.817090799999999717e+01
5.973803999999999803e+01
6.017302099999999854e+01
6.113032499999999914e+01
6.200353400000000192e+01
6.272702100000000058e+01
6.382793099999999953e+01
6.558626399999999990e+01
6.761541499999999871e+01
6.884278999999999371e+01
7.012440899999999999e+01
7.135668699999999376e+01
7.252024600000000021e+01
7.439401100000000611e+01
7.515710900000000549e+01
7.653369700000000364e+01
7.743272699999999986e+01
7.797373699999999985e+01
7.889499899999999855e+01
7.902015900000000670e+01
8.021299600000000396e+01
8.099263999999999442e+01
8.166454299999999478e+01
8.231094500000000380e+01
8.254038300000000561e+01
8.250354400000000510e+01
8.228056300000000078e+01
8.255415399999999693e+01
8.285276199999999847e+01
8.337757600000000480e+01
8.359336899999999559e+01
8.374632900000000291e+01
8.461844299999999919e+01
8.570739600000000280e+01
8.604565700000000561e+01
8.576325400000000343e+01
8.634882700000000000e+01
8.680774599999999452e+01
8.696447299999999814e+01
8.750423800000000085e+01
8.865501799999999832e+01
8.943145499999999970e+01
8.942245900000000347e+01
8.968010099999999341e+01
8.986620200000000125e+01
9.008056200000000047e+01
9.024916000000000338e+01
9.103154100000000426e+01
9.032713400000000092e+01
9.031697099999999523e+01
9.051531099999999697e+01
9.033581800000000328e+01
8.862745200000000523e+01
8.871535900000000652e+01
8.808419700000000319e+01
8.740666699999999878e+01
8.740076700000000187e+01
8.624276999999999305e+01
8.532346599999999626e+01
8.350810799999999290e+01
8.187225599999999304e+01
8.089010100000000136e+01
7.972723100000000329e+01
7.903292000000000428e+01
7.797906999999999300e+01
7.742467600000000516e+01
7.558506599999999764e+01
7.498729899999999304e+01
7.398314600000000496e+01
7.343086900000000128e+01
7.251339400000000524e+01
7.131431899999999757e+01
7.062512900000000116e+01
7.042617099999999652e+01
7.018096199999999385e+01
6.930212199999999712e+01
6.871697399999999334e+01
6.912238299999999924e+01
6.903298800000000313e+01
6.949727199999999527e+01
6.893334799999999518e+01
6.863003899999999646e+01
6.826731300000000147e+01
6.797999400000000492e+01
6.790581099999999992e+01
6.788088500000000636e+01
6.769076300000000401e+01
6.731346899999999778e+01
6.687297300000000178e+01
6.659286600000000078e+01
6.614668799999999749e+01
6.565061199999999531e+01
6.494942799999999750e+01
6.462472099999999386e+01
6.481630900000000395e+01
6.415626399999999308e+01
6.367749400000000293e+01
6.271151400000000109e+01
6.254124800000000306e+01
6.233488499999999988e+01
6.224416099999999830e+01
6.159173799999999943e+01
6.129061800000000204e+01
6.159757799999999861e+01
6.084881099999999776e+01
6.027581399999999689e+01
6.064308900000000335e+01
5.963788600000000173e+01
5.919764200000000187e+01
5.938313300000000083e+01
5.973442200000000213e+01
5.988964899999999858e+01
5.974007300000000242e+01
6.000225199999999859e+01
5.961276099999999900e+01
5.923118300000000147e+01
5.849719100000000083e+01
5.844224899999999678e+01
5.856560999999999950e+01
5.932219700000000273e+01
5.881861700000000326e+01
5.895045799999999758e+01
5.931464600000000331e+01
5.912681099999999645e+01
5.868206399999999689e+01
5.792377400000000165e+01
5.825942899999999725e+01
5.863841699999999690e+01
5.808987799999999879e+01
5.854690800000000195e+01
5.798047400000000096e+01
5.769785499999999701e+01
5.844317399999999907e+01
5.880284199999999828e+01
5.849916400000000039e+01
5.792930199999999985e+01
5.813540199999999913e+01
5.804357499999999703e+01
5.787279300000000148e+01
5.804625800000000169e+01
5.797504099999999738e+01
5.792579700000000287e+01
5.695379199999999997e+01
5.730444800000000072e+01
5.755270300000000105e+01
5.698837000000000330e+01
5.658663399999999655e+01
5.659275699999999887e+01
5.711396700000000237e+01
5.657377799999999723e+01
5.658822099999999722e+01
5.664900699999999745e+01
5.705527000000000015e+01
5.721477699999999800e+01
5.704743200000000058e+01
5.753123899999999935e+01
5.725260099999999852e+01
5.696668799999999777e+01
5.733729300000000251e+01
5.739158499999999918e+01
5.710518299999999670e+01
5.648617600000000039e+01
5.665411699999999939e+01
5.633297600000000216e+01
5.648704099999999784e+01
5.620476599999999934e+01
5.611236099999999993e+01
5.607886100000000340e+01
5.587942300000000273e+01
5.594237900000000252e+01
5.523282400000000081e+01
5.482263600000000281e+01
5.482441000000000031e+01
5.495974600000000265e+01
5.484734300000000218e+01
5.475330300000000250e+01
5.470938100000000048e+01
5.458888699999999972e+01
5.441421600000000325e+01
5.469971799999999718e+01
5.409588500000000266e+01
5.481958800000000309e+01
5.533089600000000274e+01
5.536189399999999949e+01
5.575940500000000100e+01
5.705442500000000194e+01
5.820971600000000024e+01
5.883901099999999929e+01
6.000356899999999882e+01
6.165396499999999946e+01
6.330535700000000077e+01
6.535762800000000539e+01
6.656098799999999471e+01
6.910582599999999331e+01
7.025108299999999417e+01
7.130813100000000304e+01
7.289434599999999875e+01
7.469607700000000250e+01
7.633834699999999884e+01
7.695694100000000049e+01
7.834593599999999469e+01
7.928163100000000441e+01
7.971786299999999414e+01
8.028206799999999532e+01
8.133142499999999586e+01
8.258359299999999337e+01
8.305408500000000060e+01
8.389421099999999853e+01
8.392577500000000157e+01
8.453761599999999987e+01
8.489027099999999848e+01
8.473863299999999299e+01
8.542336600000000146e+01
8.604403299999999888e+01
8.708778499999999667e+01
8.705217000000000382e+01
8.747886400000000151e+01
8.853588600000000497e+01
8.953169900000000325e+01
8.967993900000000451e+01
9.030031900000000178e+01
9.139946199999999976e+01
9.193802599999999359e+01
9.230294499999999402e+01
9.218859000000000492e+01
9.272211199999999565e+01
9.308130300000000545e+01
9.333511799999999425e+01
9.394700000000000273e+01
9.353761299999999324e+01
9.428327299999999411e+01
9.440884599999999693e+01
9.405358099999999411e+01
9.397916499999999473e+01
9.351464900000000569e+01
9.325508100000000411e+01
9.181506000000000256e+01
9.083676800000000640e+01
8.992433499999999924e+01
8.934423800000000426e+01
8.870405700000000593e+01
8.774562099999999987e+01
8.589472999999999558e+01
8.528265199999999879e+01
8.315519799999999861e+01
8.275780299999999556e+01
8.154298599999999908e+01
8.079402100000000075e+01
7.949785099999999716e+01
7.855217100000000130e+01
7.794850099999999316e+01
7.730827499999999475e+01
7.593392500000000211e+01
7.575169300000000305e+01
7.485487799999999936e+01
7.389083999999999719e+01
7.277755500000000666e+01
7.180061700000000258e+01
7.090180200000000355e+01
7.093632499999999652e+01
7.051750400000000241e+01
7.030163899999999444e+01
7.040425000000000466e+01
7.023959800000000087e+01
6.958468999999999482e+01
6.964716599999999858e+01
6.900771199999999794e+01
6.907655499999999904e+01
6.911411499999999819e+01
6.927533499999999833e+01
6.913332099999999514e+01
6.872381900000000599e+01
6.809942999999999813e+01
6.708830500000000541e+01
6.716631999999999891e+01
6.790254799999999591e+01
6.734540699999999447e+01
6.698522400000000232e+01
6.704914999999999736e+01
6.681461500000000342e+01
6.693401599999999974e+01
6.642309799999999598e+01
6.584240400000000193e+01
6.598104600000000630e+01
6.490415799999999535e+01
6.508336699999999553e+01
6.444311899999999582e+01
6.476045899999999733e+01
6.414386500000000524e+01
6.339268700000000223e+01
6.291905200000000065e+01
6.249222499999999769e+01
6.149144100000000179e+01
6.113085000000000235e+01
6.163230099999999823e+01
6.208084699999999856e+01
6.155533100000000246e+01
6.178126000000000317e+01
6.158612800000000220e+01
6.141038400000000053e+01
6.125866500000000059e+01
6.144670500000000146e+01
6.140689900000000279e+01
6.178275899999999865e+01
6.127142899999999770e+01
6.130810000000000315e+01
6.078956199999999654e+01
6.120422899999999800e+01
6.126681700000000319e+01
6.190026100000000042e+01
6.148480200000000195e+01
6.122955499999999773e+01
6.099579099999999698e+01
6.129688900000000018e+01
6.081172399999999811e+01
6.078318000000000154e+01
6.077997899999999731e+01
6.156506699999999910e+01
6.117648200000000003e+01
6.059094600000000241e+01
6.050837099999999680e+01
6.108894999999999698e+01
6.149198899999999668e+01
6.158764800000000150e+01
6.201545399999999830e+01
6.192943600000000259e+01
6.112539799999999701e+01
6.150070199999999687e+01
6.154905200000000320e+01
6.162991300000000194e+01
6.119656400000000218e+01
6.103630199999999917e+01
6.074098500000000200e+01
6.124076099999999911e+01
6.110104100000000216e+01
6.152357400000000354e+01
6.124707500000000238e+01
6.182643000000000200e+01
6.138129899999999850e+01
6.158395199999999647e+01
6.142737000000000336e+01
6.124296400000000062e+01
6.110244200000000347e+01
6.179706699999999842e+01
6.216178200000000231e+01
6.147621199999999675e+01
6.106294700000000120e+01
6.079123200000000082e+01
6.118270299999999651e+01
6.074087099999999850e+01
6.097794700000000034e+01
6.046811300000000244e+01
6.035554199999999980e+01
6.007877100000000326e+01
5.991003400000000312e+01
5.974292299999999756e+01
5.933592199999999650e+01
5.966149699999999712e+01
5.970429800000000142e+01
5.952822900000000317e+01
5.990678900000000340e+01
6.013124599999999731e+01
6.064645800000000264e+01
6.118558199999999658e+01
6.167445599999999928e+01
6.261490400000000278e+01
6.420434899999999345e+01
6.558053999999999917e+01
6.599717400000000112e+01
6.699013600000000679e+01
6.825358500000000106e+01
6.920521399999999801e+01
6.987703500000000645e+01
7.071105500000000177e+01
7.206686899999999696e+01
7.331292299999999784e+01
7.463305599999999629e+01
7.606660399999999811e+01
7.717000799999999572e+01
7.807621899999999471e+01
7.918293400000000304e+01
7.976903599999999983e+01
8.049412700000000598e+01
8.152617200000000253e+01
8.162347499999999911e+01
8.232889500000000282e+01
8.336459399999999675e+01
8.463665299999999547e+01
8.480711700000000519e+01
8.530180699999999661e+01
8.595824199999999848e+01
8.713487700000000302e+01
8.817533299999999485e+01
8.876065400000000238e+01
8.961599999999999966e+01
9.011850900000000308e+01
9.071696900000000596e+01
9.093394200000000183e+01
9.145770600000000172e+01
9.186818599999999435e+01
9.252341400000000249e+01
9.325280700000000422e+01
9.389764099999999303e+01
9.475208100000000400e+01
9.502967599999999493e+01
9.590513300000000640e+01
9.689300699999999722e+01
9.749862199999999746e+01
9.712698399999999310e+01
9.705401700000000176e+01
9.720765900000000670e+01
9.677581499999999437e+01
9.623218099999999708e+01
9.546631800000000112e+01
9.546705900000000611e+01
