6.126794499999999744e+01
6.108423899999999662e+01
6.015009200000000078e+01
6.023809700000000333e+01
6.003556900000000240e+01
6.045875099999999946e+01
6.039579200000000014e+01
6.002522400000000147e+01
6.006363799999999742e+01
5.977974100000000135e+01
5.984547899999999743e+01
5.970032499999999942e+01
5.941166900000000339e+01
5.922636200000000173e+01
5.933153999999999684e+01
5.925225100000000111e+01
5.925729900000000328e+01
5.901003800000000155e+01
5.926621500000000253e+01
5.904380900000000310e+01
5.867733400000000188e+01
5.912140899999999988e+01
5.907210500000000053e+01
5.922667500000000018e+01
5.880868699999999905e+01
5.856881700000000279e+01
5.859121600000000285e+01
5.884994199999999864e+01
5.880810699999999969e+01
5.802207400000000348e+01
5.860101900000000086e+01
5.779272000000000276e+01
5.770728400000000136e+01
5.844745300000000299e+01
5.849285299999999665e+01
5.852647900000000192e+01
5.800741800000000126e+01
5.773022499999999724e+01
5.778105300000000000e+01
5.823497499999999860e+01
5.813340300000000127e+01
5.857668100000000067e+01
5.904882200000000125e+01
5.830235600000000318e+01
5.836973199999999906e+01
5.901939399999999836e+01
5.901145799999999753e+01
5.871692999999999785e+01
5.890749499999999728e+01
5.914678500000000128e+01
5.885810699999999684e+01
5.895777300000000309e+01
5.895511100000000226e+01
5.904143599999999736e+01
5.908669400000000138e+01
5.876293400000000133e+01
5.874811199999999900e+01
5.827768300000000323e+01
5.871582399999999780e+01
5.844342000000000326e+01
5.862250300000000180e+01
5.916207500000000152e+01
5.888642300000000063e+01
5.857446099999999944e+01
5.881674999999999898e+01
5.819461299999999682e+01
5.878474899999999792e+01
5.841416799999999654e+01
5.785213499999999698e+01
5.782192400000000276e+01
5.774860699999999980e+01
5.828821200000000147e+01
5.795942099999999897e+01
5.787790199999999885e+01
5.743007300000000015e+01
5.824150099999999952e+01
5.838644500000000193e+01
5.832826099999999769e+01
5.761990500000000281e+01
5.720865400000000278e+01
5.780638400000000132e+01
5.761395399999999967e+01
5.852476899999999915e+01
5.867709500000000133e+01
5.826876699999999687e+01
5.838085499999999683e+01
5.918785199999999946e+01
6.018672500000000269e+01
6.143234600000000256e+01
6.258440600000000131e+01
6.333091999999999899e+01
6.439231499999999642e+01
6.492705499999999574e+01
6.650557299999999827e+01
6.819211900000000526e+01
6.922693300000000249e+01
6.994123999999999342e+01
7.107953700000000197e+01
7.182030799999999715e+01
7.317486200000000451e+01
7.428557000000000698e+01
7.589577199999999380e+01
7.720700399999999775e+01
7.826690999999999576e+01
7.943675600000000259e+01
8.067405599999999311e+01
8.156154899999999941e+01
8.233320299999999747e+01
8.347545800000000327e+01
8.348249199999999348e+01
8.432575400000000343e+01
8.519903399999999749e+01
8.558723000000000525e+01
8.596049700000000371e+01
8.648081399999999519e+01
8.703091499999999314e+01
8.845245599999999797e+01
8.875331900000000473e+01
8.961627199999999505e+01
9.077991500000000258e+01
9.102484599999999659e+01
9.176409900000000164e+01
9.231322600000000023e+01
9.240453800000000228e+01
9.326598699999999553e+01
9.395346299999999928e+01
9.390348000000000184e+01
9.453363899999999376e+01
9.509419300000000419e+01
9.552066399999999646e+01
9.636920200000000136e+01
9.657992600000000039e+01
9.684221700000000510e+01
9.705564599999999587e+01
9.710623599999999556e+01
9.722040099999999541e+01
9.665974099999999680e+01
9.623780600000000618e+01
9.596113200000000631e+01
9.461788300000000618e+01
9.363716900000000010e+01
9.229133000000000209e+01
9.111117400000000544e+01
9.022460900000000095e+01
8.833934399999999698e+01
8.696656199999999615e+01
8.561261899999999514e+01
8.456629200000000424e+01
8.418843099999999424e+01
8.378257100000000435e+01
8.247552600000000211e+01
8.163063999999999965e+01
8.050240100000000609e+01
7.974485400000000368e+01
7.891867499999999325e+01
7.833119999999999550e+01
7.706494100000000458e+01
7.668254299999999546e+01
7.604804900000000600e+01
7.524203799999999376e+01
7.457809399999999300e+01
7.472198400000000618e+01
7.339393699999999399e+01
7.272078500000000645e+01
7.249300700000000575e+01
7.238837999999999795e+01
7.136236999999999853e+01
7.050217000000000667e+01
6.941407900000000097e+01
6.901962000000000330e+01
6.840463200000000654e+01
6.808802199999999516e+01
6.755529799999999341e+01
6.681215600000000165e+01
6.650527700000000664e+01
6.597517999999999461e+01
6.541727899999999352e+01
6.488429899999999861e+01
6.396131700000000109e+01
6.332095100000000087e+01
6.283983899999999778e+01
6.273457899999999654e+01
6.211865800000000348e+01
6.138987800000000306e+01
6.065460800000000319e+01
6.056928599999999818e+01
6.025644499999999937e+01
5.990999399999999753e+01
5.957601799999999770e+01
5.890076899999999682e+01
5.958142200000000344e+01
5.862185999999999808e+01
5.916871600000000342e+01
5.898499799999999738e+01
5.900026499999999885e+01
5.931209799999999888e+01
5.987681200000000104e+01
6.011785100000000170e+01
6.010491100000000131e+01
5.965535799999999966e+01
5.957562200000000274e+01
5.950475500000000295e+01
5.959775499999999937e+01
5.960152399999999773e+01
5.957245100000000093e+01
5.928748099999999965e+01
5.954020100000000326e+01
5.988050299999999737e+01
5.987359000000000009e+01
6.010403699999999816e+01
6.016705699999999979e+01
6.021988000000000341e+01
6.007827600000000245e+01
6.021940899999999885e+01
6.061452400000000296e+01
6.066335099999999869e+01
6.097914899999999960e+01
6.148468700000000098e+01
6.142808300000000088e+01
6.177147699999999730e+01
6.198857900000000143e+01
6.134254200000000168e+01
6.143815000000000026e+01
6.167342899999999872e+01
6.165490900000000352e+01
6.232763599999999826e+01
6.228786999999999807e+01
6.302255999999999858e+01
6.368915100000000251e+01
6.431951100000000565e+01
6.473341299999999876e+01
6.521141199999999571e+01
6.431274500000000671e+01
6.400112900000000593e+01
6.414107300000000578e+01
6.389691299999999785e+01
6.365135899999999936e+01
6.384834899999999891e+01
6.433080200000000559e+01
6.457680799999999977e+01
6.468272699999999986e+01
6.353498700000000099e+01
6.400225399999999354e+01
6.366183399999999892e+01
6.390245500000000334e+01
6.411050799999999583e+01
6.365294999999999703e+01
6.339750699999999739e+01
6.335594999999999999e+01
6.228479999999999706e+01
6.223154699999999906e+01
6.182726499999999703e+01
6.223434400000000011e+01
6.181642999999999688e+01
6.182010900000000220e+01
6.153279200000000060e+01
6.211315400000000153e+01
6.204906400000000133e+01
6.191863800000000140e+01
6.171888500000000022e+01
6.059766499999999922e+01
6.037754600000000238e+01
6.055648999999999660e+01
6.039860199999999679e+01
6.026120000000000232e+01
6.014401399999999853e+01
6.005246799999999752e+01
5.994131200000000348e+01
6.053431400000000195e+01
6.140912999999999755e+01
6.271715199999999868e+01
6.325618599999999958e+01
6.488190099999999916e+01
6.661760200000000509e+01
6.783587599999999895e+01
6.941081900000000360e+01
7.011914299999999400e+01
7.100816500000000531e+01
7.140911099999999578e+01
7.228913599999999917e+01
7.368782500000000368e+01
7.454884800000000666e+01
7.598143699999999967e+01
7.766850800000000277e+01
7.943578999999999724e+01
8.043129500000000576e+01
8.152803299999999354e+01
8.267536499999999933e+01
8.386299099999999385e+01
8.405416800000000421e+01
8.381427800000000161e+01
8.454142000000000223e+01
8.552923300000000495e+01
8.642150599999999372e+01
8.691433499999999412e+01
8.733264699999999436e+01
8.773038800000000492e+01
8.828064899999999682e+01
8.855216900000000635e+01
8.897531700000000399e+01
9.025507899999999495e+01
9.096824800000000266e+01
9.154909999999999570e+01
9.238253400000000681e+01
9.298176899999999989e+01
9.345912699999999518e+01
9.401657799999999554e+01
9.455380800000000363e+01
9.502059900000000425e+01
9.515999200000000258e+01
9.500582500000000152e+01
9.637189700000000414e+01
9.668943199999999649e+01
9.643448700000000429e+01
9.644477600000000450e+01
9.590611900000000389e+01
9.542503999999999564e+01
9.532786600000000021e+01
9.512921099999999797e+01
9.395211500000000626e+01
9.355903100000000450e+01
9.260800500000000568e+01
9.183010600000000068e+01
9.057945200000000341e+01
8.924739200000000494e+01
8.847818999999999789e+01
8.724136500000000183e+01
8.605435599999999852e+01
8.494103599999999687e+01
8.364585599999999488e+01
8.312995300000000043e+01
8.158356899999999712e+01
8.015530800000000511e+01
7.880889999999999418e+01
7.683367499999999950e+01
7.614785399999999527e+01
7.564515900000000670e+01
7.444626499999999680e+01
7.445321800000000678e+01
7.345411799999999403e+01
7.368831699999999785e+01
7.311145100000000241e+01
7.249147200000000169e+01
7.148118399999999895e+01
7.098840199999999356e+01
7.033707200000000626e+01
7.007671299999999803e+01
6.888324599999999975e+01
6.860649700000000450e+01
6.860081200000000479e+01
6.788812099999999816e+01
6.727044200000000274e+01
6.679211300000000051e+01
6.670818900000000440e+01
6.619809499999999503e+01
6.588968900000000417e+01
6.561997100000000671e+01
6.506907400000000052e+01
6.481426299999999685e+01
6.363298999999999950e+01
6.389918800000000232e+01
6.383623300000000000e+01
6.325062299999999738e+01
6.215583300000000122e+01
6.192154699999999679e+01
6.200051899999999705e+01
6.141186100000000181e+01
6.196583799999999798e+01
6.172333799999999826e+01
6.180124599999999901e+01
6.175556600000000174e+01
6.128959300000000354e+01
6.102947799999999745e+01
6.089483299999999844e+01
6.081802100000000166e+01
6.072614599999999996e+01
6.002566000000000201e+01
5.999275300000000044e+01
5.999029300000000120e+01
6.016846900000000176e+01
5.988104500000000030e+01
5.940593799999999902e+01
5.881544900000000098e+01
5.910904699999999679e+01
5.891060699999999883e+01
5.940597999999999956e+01
5.905121199999999959e+01
5.899390100000000103e+01
5.942537500000000250e+01
5.922320899999999710e+01
5.918804500000000246e+01
5.850094200000000200e+01
5.809196099999999774e+01
5.853896699999999953e+01
5.930244199999999921e+01
5.913945199999999858e+01
5.894962799999999703e+01
5.883205199999999735e+01
5.966683600000000354e+01
5.955332800000000049e+01
5.953114899999999921e+01
5.969617800000000329e+01
6.014580800000000238e+01
6.042362899999999826e+01
6.017548500000000189e+01
6.021377400000000080e+01
6.001384600000000091e+01
5.995204900000000237e+01
6.019933000000000334e+01
6.021447899999999720e+01
6.060708000000000339e+01
6.023812699999999865e+01
6.029251200000000210e+01
6.028739499999999651e+01
6.063168999999999897e+01
6.078735999999999962e+01
6.048465600000000109e+01
6.127751800000000060e+01
6.066514500000000254e+01
6.070312500000000000e+01
6.078711400000000253e+01
6.076827500000000271e+01
6.066684699999999708e+01
6.044485099999999989e+01
6.006602900000000034e+01
5.956157100000000071e+01
5.961797899999999828e+01
5.975585399999999936e+01
5.911864500000000078e+01
5.830944399999999916e+01
5.774330599999999691e+01
5.788622800000000268e+01
5.789408000000000243e+01
5.873044300000000106e+01
5.848497700000000066e+01
5.797551099999999735e+01
5.820553199999999805e+01
5.869816399999999845e+01
5.812208300000000349e+01
5.776775599999999855e+01
5.701816000000000173e+01
5.768839799999999940e+01
5.807529199999999747e+01
5.869376400000000160e+01
5.700033700000000181e+01
5.629617499999999808e+01
5.678123200000000281e+01
5.698426099999999650e+01
5.729727499999999907e+01
5.720342500000000285e+01
5.745657299999999879e+01
5.840207099999999940e+01
5.932386999999999944e+01
6.003492899999999821e+01
6.103532899999999728e+01
6.192781200000000297e+01
6.324390400000000056e+01
6.467331400000000485e+01
6.592078899999999919e+01
6.663086800000000665e+01
6.737110199999999338e+01
6.859300100000000100e+01
7.066808100000000081e+01
7.159560799999999858e+01
7.306449100000000385e+01
7.427476500000000215e+01
7.581116099999999847e+01
7.679093500000000461e+01
7.725556199999999762e+01
7.843236400000000685e+01
7.923726100000000372e+01
7.988954499999999825e+01
8.098415699999999617e+01
8.165593699999999444e+01
8.228220799999999713e+01
8.296709300000000553e+01
8.420749000000000706e+01
8.464570200000000000e+01
8.565001999999999782e+01
8.674804299999999557e+01
8.769774800000000425e+01
8.857032399999999939e+01
8.907135399999999947e+01
8.957858099999999979e+01
9.006066699999999514e+01
9.031931099999999901e+01
9.152706299999999828e+01
9.164736299999999858e+01
9.186160599999999476e+01
9.275317400000000134e+01
9.346043699999999887e+01
9.372659199999999657e+01
9.319827999999999690e+01
9.278963199999999745e+01
9.228332600000000241e+01
9.345297200000000259e+01
9.393978099999999642e+01
9.373117100000000335e+01
9.356591099999999983e+01
9.304214100000000087e+01
9.284846299999999530e+01
9.294572800000000257e+01
9.192549800000000459e+01
9.084880499999999870e+01
9.043474999999999397e+01
9.015778299999999490e+01
8.882198400000000049e+01
8.801375400000000582e+01
8.673383400000000165e+01
8.540688600000000008e+01
8.458875899999999604e+01
8.349773100000000170e+01
8.197629600000000494e+01
8.014217700000000377e+01
7.896888599999999769e+01
7.769376099999999497e+01
7.707202300000000150e+01
7.550434799999999314e+01
7.537093299999999374e+01
7.451535699999999451e+01
7.385186899999999355e+01
7.289114399999999705e+01
7.218725700000000245e+01
7.117598599999999465e+01
7.104909000000000674e+01
7.088440300000000605e+01
7.092669499999999516e+01
7.022633500000000595e+01
7.013130599999999504e+01
6.976213599999999815e+01
6.928456900000000473e+01
6.909526900000000182e+01
6.922506199999999410e+01
6.964531499999999653e+01
6.871263600000000338e+01
6.869661999999999580e+01
6.871244400000000496e+01
6.884122100000000444e+01
6.825831100000000617e+01
6.715140599999999438e+01
6.703534399999999494e+01
6.688047000000000253e+01
6.694046199999999658e+01
6.725572699999999315e+01
6.772437299999999993e+01
6.831374499999999728e+01
6.785940200000000289e+01
6.750966599999999573e+01
6.731863400000000297e+01
6.695773199999999292e+01
6.776611800000000585e+01
6.761173100000000602e+01
6.700177300000000002e+01
6.689816799999999830e+01
6.722338799999999992e+01
6.724779300000000148e+01
6.663290600000000552e+01
6.693973900000000299e+01
6.671249099999999999e+01
6.674745900000000631e+01
6.601440399999999897e+01
6.655484500000000025e+01
6.617469499999999982e+01
6.610366600000000403e+01
6.618426900000000046e+01
6.568348699999999951e+01
6.572713500000000408e+01
6.511432800000000043e+01
6.523317900000000691e+01
6.461584499999999309e+01
6.497969899999999654e+01
6.486699199999999621e+01
6.496006500000000017e+01
6.483041699999999707e+01
6.478417899999999463e+01
6.465221099999999410e+01
6.409194300000000055e+01
6.384738699999999767e+01
6.419856699999999705e+01
6.382469900000000251e+01
6.353238000000000341e+01
6.337063299999999799e+01
6.289112099999999828e+01
6.278251900000000063e+01
6.193053700000000106e+01
6.251428200000000146e+01
6.300996500000000111e+01
6.308666500000000354e+01
6.268854699999999980e+01
6.308234600000000114e+01
6.296643199999999752e+01
6.285281899999999666e+01
6.314601100000000145e+01
6.253821299999999894e+01
6.232343900000000048e+01
6.177166499999999871e+01
6.139579700000000173e+01
6.174679400000000129e+01
6.182458299999999696e+01
6.156601200000000063e+01
6.149992000000000303e+01
6.086587099999999850e+01
6.132515599999999978e+01
6.159821600000000075e+01
6.103882300000000072e+01
6.056445999999999685e+01
6.058243000000000222e+01
6.046218499999999807e+01
5.964583900000000227e+01
5.964533600000000035e+01
5.935301299999999713e+01
5.983690599999999904e+01
5.956540300000000343e+01
5.932693199999999933e+01
5.880277499999999691e+01
5.900809999999999889e+01
5.967280999999999835e+01
5.917884500000000259e+01
5.987283299999999997e+01
5.933832699999999960e+01
5.896506899999999973e+01
5.862411800000000284e+01
5.866976999999999975e+01
5.797470400000000268e+01
5.766749500000000239e+01
5.748821600000000132e+01
5.726002900000000295e+01
5.748801300000000225e+01
5.706723099999999960e+01
5.676902599999999666e+01
5.736380199999999974e+01
5.750857299999999839e+01
5.787966999999999729e+01
5.878692300000000159e+01
5.994780599999999993e+01
6.091370100000000321e+01
6.154949899999999730e+01
6.279624499999999898e+01
6.358742000000000161e+01
6.456509900000000357e+01
6.589965499999999565e+01
6.818109300000000417e+01
6.944491299999999967e+01
7.024125200000000291e+01
7.157856599999999503e+01
7.252370899999999665e+01
7.377424600000000510e+01
7.489979200000000503e+01
7.641516699999999673e+01
7.762800699999999665e+01
7.927782700000000204e+01
8.013463400000000547e+01
8.119992999999999483e+01
8.231631199999999637e+01
8.336983499999999481e+01
8.486761199999999405e+01
8.524396600000000035e+01
8.589328999999999326e+01
8.736853200000000186e+01
8.827132199999999784e+01
8.935899299999999812e+01
9.041588199999999631e+01
9.136599200000000565e+01
9.207893900000000542e+01
9.283692899999999781e+01
9.422109100000000126e+01
9.505299800000000232e+01
9.572217200000000048e+01
9.653494999999999493e+01
9.723883600000000627e+01
9.834750800000000481e+01
9.946412499999999568e+01
1.003224299999999971e+02
1.006053100000000029e+02
1.017376900000000006e+02
1.023459399999999988e+02
1.029226100000000059e+02
1.033185200000000066e+02
1.038521199999999993e+02
1.041622799999999955e+02
1.041873400000000061e+02
1.037769299999999930e+02
1.036547999999999945e+02
1.032520200000000017e+02
1.028297400000000010e+02
1.019512299999999954e+02
1.011528699999999930e+02
1.006708200000000062e+02
9.943396199999999396e+01
9.928624499999999387e+01
9.930128899999999703e+01
9.792442900000000350e+01
9.571751199999999926e+01
9.473364700000000482e+01
9.397603499999999599e+01
9.275807799999999759e+01
9.153704799999999864e+01
9.038300300000000220e+01
8.858808500000000663e+01
8.735323300000000302e+01
8.605353399999999908e+01
8.537703199999999981e+01
8.440694600000000491e+01
8.312371500000000424e+01
8.161050000000000182e+01
8.072182700000000466e+01
7.944814999999999827e+01
7.893080600000000402e+01
7.808633399999999369e+01
7.688427599999999984e+01
7.652648600000000556e+01
7.628098699999999610e+01
7.592662699999999631e+01
7.545153200000000027e+01
7.510524700000000564e+01
7.460750199999999666e+01
7.400869000000000142e+01
7.367217200000000332e+01
7.327606299999999351e+01
7.331492900000000645e+01
7.253288899999999728e+01
7.179645899999999870e+01
7.157060799999999290e+01
7.122995699999999886e+01
7.059760599999999897e+01
7.084559900000000709e+01
7.034512100000000601e+01
6.985751000000000488e+01
6.950663500000000283e+01
6.853752199999999561e+01
6.851342499999999802e+01
6.828625900000000115e+01
6.783263900000000035e+01
6.745611100000000704e+01
6.761573799999999324e+01
6.696390599999999438e+01
6.675446800000000280e+01
6.665816700000000594e+01
6.656567099999999471e+01
6.617310200000000009e+01
6.556871800000000405e+01
6.429989999999999384e+01
6.448654999999999404e+01
6.477648800000000051e+01
6.402818100000000356e+01
6.332013800000000003e+01
6.332298200000000321e+01
6.253593399999999747e+01
6.295647499999999752e+01
6.303485299999999825e+01
6.288283500000000004e+01
6.276328199999999669e+01
6.333696299999999724e+01
6.312839900000000171e+01
6.349208000000000141e+01
6.296634999999999849e+01
6.337376700000000085e+01
6.353683300000000145e+01
6.331750499999999704e+01
6.298272599999999954e+01
6.298854500000000201e+01
6.248181399999999996e+01
6.277237900000000081e+01
6.199494200000000177e+01
6.181966400000000306e+01
6.235710699999999918e+01
6.195441199999999782e+01
6.232286200000000065e+01
6.237562599999999691e+01
6.220127399999999795e+01
6.213438699999999670e+01
6.250210100000000324e+01
6.234555000000000291e+01
6.231132199999999699e+01
6.202431099999999731e+01
6.183360100000000159e+01
6.170795999999999992e+01
6.129706900000000047e+01
6.154470700000000249e+01
6.131187599999999804e+01
6.096752000000000038e+01
6.093875500000000045e+01
6.072110599999999891e+01
6.052294100000000299e+01
6.005350399999999667e+01
5.949031699999999745e+01
6.000457399999999808e+01
5.988758099999999729e+01
5.969570199999999716e+01
5.930123300000000341e+01
5.927605799999999903e+01
5.908037600000000111e+01
5.955667300000000353e+01
5.935315200000000146e+01
5.926970800000000139e+01
5.892964800000000025e+01
5.824742799999999932e+01
5.872614399999999790e+01
5.921233000000000146e+01
5.948992299999999744e+01
5.987908399999999887e+01
5.933138300000000243e+01
5.862176699999999840e+01
5.788588099999999770e+01
5.769180999999999671e+01
5.739603000000000321e+01
5.768291200000000174e+01
5.708037900000000064e+01
5.725983599999999996e+01
5.735249600000000214e+01
5.768047500000000127e+01
5.706820400000000149e+01
5.689518799999999743e+01
5.685407299999999964e+01
5.732975299999999663e+01
5.752460500000000110e+01
5.736446800000000223e+01
5.773042600000000135e+01
5.763161600000000107e+01
5.818821299999999752e+01
5.927918199999999871e+01
6.025502300000000133e+01
6.148124299999999920e+01
6.291034199999999998e+01
6.367012600000000333e+01
6.536045099999999763e+01
6.685949200000000303e+01
6.794956600000000435e+01
6.978242099999999937e+01
7.076392199999999377e+01
7.294647999999999399e+01
7.527771400000000313e+01
7.692914500000000544e+01
7.845279100000000483e+01
8.006042200000000264e+01
8.193581000000000358e+01
8.332371399999999539e+01
8.412155099999999663e+01
8.543880000000000052e+01
8.644539000000000328e+01
8.738826699999999903e+01
8.827331399999999917e+01
8.910823600000000511e+01
8.927637199999999496e+01
9.021913100000000441e+01
9.102627900000000238e+01
9.246477199999999641e+01
9.348204900000000350e+01
9.392305600000000254e+01
9.466747499999999604e+01
9.494897699999999929e+01
9.524644000000000688e+01
9.630564300000000344e+01
9.719862999999999431e+01
9.834730899999999565e+01
9.882033699999999499e+01
9.953451900000000308e+01
1.004385099999999937e+02
1.010759599999999949e+02
1.009074800000000067e+02
1.014288399999999939e+02
1.019557999999999964e+02
1.024359400000000022e+02
1.024200900000000019e+02
1.021189099999999996e+02
1.018179999999999978e+02
1.017351900000000029e+02
1.016619199999999950e+02
1.019978600000000029e+02
1.018487099999999970e+02
1.011442499999999995e+02
9.994922300000000348e+01
9.943671299999999746e+01
9.815080700000000036e+01
9.661284600000000466e+01
9.562297399999999925e+01
9.458301400000000569e+01
9.336027500000000146e+01
9.282022100000000364e+01
9.121343000000000245e+01
9.006321099999999547e+01
8.806551500000000487e+01
8.652622999999999820e+01
8.556746699999999350e+01
8.419508799999999837e+01
8.279533100000000445e+01
8.215595100000000173e+01
8.121159400000000517e+01
8.035449199999999337e+01
7.909901100000000440e+01
7.886671200000000681e+01
7.819332099999999741e+01
7.740289599999999837e+01
7.678659700000000043e+01
7.573060599999999454e+01
7.535681700000000660e+01
7.520986399999999605e+01
7.388443800000000294e+01
7.420922099999999944e+01
7.347469300000000203e+01
7.277629299999999546e+01
7.266615699999999833e+01
7.304052299999999320e+01
7.315785599999999533e+01
7.300475600000000043e+01
7.240588999999999942e+01
7.255747700000000577e+01
7.161495499999999481e+01
7.066984499999999514e+01
7.059342100000000642e+01
7.075117000000000189e+01
7.071285000000000309e+01
7.025073100000000181e+01
7.012756000000000256e+01
7.058316000000000656e+01
7.041680599999999401e+01
7.007843599999999640e+01
7.002267899999999656e+01
6.986864300000000583e+01
6.922223400000000026e+01
6.893990399999999852e+01
6.916189799999999366e+01
6.928819099999999764e+01
6.856200099999999509e+01
6.860754599999999925e+01
6.873523400000000549e+01
6.921951400000000376e+01
6.873207399999999723e+01
6.791723000000000354e+01
6.743352400000000557e+01
6.731727200000000266e+01
6.743362000000000478e+01
6.725088999999999828e+01
6.743320199999999431e+01
6.704462599999999384e+01
6.680698599999999487e+01
6.670224899999999479e+01
6.617867200000000594e+01
6.593337400000000059e+01
6.555131199999999581e+01
6.534137599999999679e+01
6.505416999999999916e+01
6.520991499999999519e+01
6.546169100000000185e+01
6.481504599999999527e+01
6.532001700000000710e+01
6.480495100000000264e+01
6.385805400000000276e+01
6.426169199999999648e+01
6.365960100000000210e+01
6.348699899999999730e+01
6.382289399999999802e+01
6.313641299999999745e+01
6.283723499999999973e+01
6.211587800000000215e+01
6.202651399999999882e+01
6.158420499999999720e+01
6.093485100000000187e+01
6.133695800000000276e+01
6.204968099999999964e+01
6.201181700000000063e+01
6.187595699999999965e+01
6.185301100000000218e+01
6.143161899999999775e+01
6.120260900000000248e+01
6.108323899999999895e+01
6.069733399999999790e+01
6.021574999999999989e+01
5.988648400000000294e+01
5.979089499999999902e+01
5.998326300000000089e+01
6.037557600000000235e+01
5.985489599999999655e+01
5.934382999999999697e+01
5.915155899999999889e+01
5.845329000000000264e+01
5.886978799999999978e+01
5.790496100000000013e+01
5.809343899999999650e+01
5.897240500000000196e+01
5.826474100000000078e+01
5.765889200000000159e+01
5.727802700000000158e+01
5.672153099999999881e+01
5.625003000000000242e+01
5.599040800000000218e+01
5.508040499999999895e+01
5.423391099999999909e+01
5.397976299999999839e+01
5.371101999999999776e+01
5.372521700000000067e+01
5.400846700000000311e+01
5.424407999999999674e+01
5.385795399999999944e+01
5.309742800000000074e+01
5.345463800000000276e+01
5.315234999999999843e+01
5.294830799999999726e+01
5.303490899999999897e+01
5.320883100000000354e+01
5.297494199999999864e+01
5.363997100000000273e+01
5.354185300000000325e+01
5.440735600000000005e+01
5.453670900000000188e+01
5.502201800000000276e+01
5.541375099999999776e+01
5.669646000000000186e+01
5.803659600000000296e+01
5.901134499999999861e+01
5.993142000000000280e+01
6.115773200000000287e+01
6.176850699999999961e+01
6.243022400000000260e+01
6.444135799999999392e+01
6.552108499999999935e+01
6.643098999999999421e+01
6.765365199999999390e+01
6.943908799999999815e+01
7.049975100000000339e+01
7.160816800000000626e+01
7.240117800000000159e+01
7.243078900000000431e+01
7.435612399999999411e+01
7.517776899999999785e+01
7.624407700000000432e+01
7.832627999999999702e+01
7.856212800000000129e+01
7.977149000000000001e+01
8.053473300000000279e+01
8.084529700000000219e+01
8.185386599999999646e+01
8.208172799999999825e+01
8.256463399999999808e+01
8.301029300000000433e+01
8.393335399999999424e+01
8.434818900000000497e+01
8.525630200000000514e+01
8.658350000000000080e+01
8.731729300000000649e+01
8.800749600000000328e+01
8.841587300000000482e+01
8.800308599999999615e+01
8.790883100000000638e+01
8.832766399999999862e+01
8.900527499999999748e+01
8.979239200000000665e+01
8.980097499999999400e+01
9.058021100000000558e+01
9.039547899999999458e+01
9.035167300000000523e+01
9.059067000000000291e+01
8.980961700000000292e+01
8.997214499999999759e+01
8.903691200000000094e+01
8.827739200000000608e+01
8.777751399999999649e+01
8.733613499999999874e+01
8.615550600000000259e+01
8.474753400000000170e+01
8.308030499999999563e+01
8.170746499999999912e+01
8.086879600000000323e+01
8.056550000000000011e+01
7.959820600000000468e+01
7.803341700000000003e+01
7.728964999999999463e+01
7.711601299999999526e+01
7.652275299999999447e+01
7.582461100000000442e+01
7.502446600000000387e+01
7.488112399999999980e+01
7.432690300000000150e+01
7.359053299999999354e+01
7.344849200000000167e+01
7.264100399999999524e+01
7.170649500000000387e+01
7.010625600000000190e+01
7.033468899999999735e+01
6.892801900000000614e+01
6.818287499999999568e+01
6.764830600000000516e+01
6.677500899999999717e+01
6.729852099999999382e+01
6.716797900000000254e+01
6.674696000000000140e+01
6.638948299999999847e+01
6.606294699999999409e+01
6.580739900000000375e+01
6.540549000000000035e+01
6.529651800000000605e+01
6.486061999999999728e+01
6.472693999999999903e+01
6.475675999999999988e+01
6.447400600000000281e+01
6.419122900000000698e+01
6.414475299999999436e+01
6.357791000000000281e+01
6.405611700000000042e+01
6.290662900000000235e+01
6.307371700000000203e+01
6.271573999999999671e+01
6.234499100000000027e+01
6.202737700000000132e+01
6.118451400000000007e+01
6.108216300000000132e+01
6.064086199999999849e+01
5.994132299999999702e+01
5.965665599999999813e+01
5.999725899999999967e+01
6.021735000000000326e+01
6.066548900000000089e+01
6.030826199999999915e+01
6.029595299999999725e+01
5.956420399999999660e+01
5.934324300000000108e+01
5.998050700000000290e+01
5.982951400000000319e+01
5.985875200000000262e+01
5.971464900000000142e+01
5.942207599999999701e+01
5.942696000000000112e+01
5.869699399999999656e+01
5.863840100000000177e+01
5.918727299999999758e+01
5.860063099999999991e+01
5.867767200000000116e+01
5.889953400000000272e+01
5.960818100000000186e+01
5.895382500000000192e+01
5.955139299999999736e+01
5.931472600000000028e+01
5.901720300000000208e+01
5.930362999999999829e+01
5.920444499999999977e+01
5.891400999999999755e+01
5.871253399999999800e+01
5.870886099999999885e+01
5.830043200000000070e+01
5.755968099999999765e+01
5.737568300000000221e+01
5.728884800000000155e+01
5.746933200000000141e+01
5.723111099999999851e+01
5.699715799999999888e+01
5.778066100000000205e+01
5.736623999999999768e+01
5.699825599999999781e+01
5.662876500000000135e+01
5.651058199999999943e+01
5.699311399999999850e+01
5.652348700000000292e+01
5.640363899999999830e+01
5.645582600000000184e+01
5.697286799999999829e+01
5.673740600000000001e+01
5.739840000000000231e+01
5.776590000000000202e+01
5.819161900000000287e+01
5.778315500000000071e+01
5.754739099999999752e+01
5.721495500000000334e+01
5.749645399999999995e+01
5.791640699999999953e+01
5.798067700000000002e+01
5.829055499999999768e+01
5.790589400000000353e+01
5.750235299999999938e+01
5.699508099999999899e+01
5.647142500000000354e+01
5.692665300000000173e+01
5.695677899999999738e+01
5.631823899999999838e+01
5.682214299999999696e+01
5.674963600000000241e+01
5.723243699999999734e+01
5.729837899999999706e+01
5.757249099999999942e+01
5.751728200000000157e+01
5.735997600000000318e+01
5.731007499999999766e+01
5.705817299999999648e+01
5.692874599999999674e+01
5.740574800000000266e+01
5.790191300000000041e+01
5.801912899999999951e+01
5.870770300000000219e+01
5.944860400000000311e+01
6.049158500000000060e+01
6.147713300000000203e+01
6.286777000000000015e+01
6.397006400000000070e+01
6.579008000000000322e+01
6.680878300000000536e+01
6.842687800000000209e+01
6.995319299999999885e+01
7.021083299999999383e+01
7.216159299999999632e+01
7.395288499999999487e+01
7.527715000000000600e+01
7.631295000000000073e+01
7.762451799999999480e+01
7.879728000000000065e+01
8.033035599999999476e+01
8.107155600000000106e+01
8.188035800000000108e+01
8.383190500000000611e+01
8.481673200000000179e+01
8.574090800000000456e+01
8.634952800000000650e+01
8.737404499999999530e+01
8.773106300000000601e+01
8.825391399999999464e+01
8.909749499999999500e+01
8.935574499999999887e+01
8.970984099999999728e+01
8.981627899999999443e+01
9.035646500000000003e+01
9.125624600000000441e+01
9.196389899999999784e+01
9.216399099999999578e+01
9.254759500000000116e+01
9.342561999999999500e+01
9.403122700000000123e+01
9.379774000000000456e+01
9.434185999999999694e+01
9.379269499999999482e+01
9.382105199999999456e+01
9.421595000000000653e+01
9.425028399999999351e+01
9.425776199999999960e+01
9.458154999999999291e+01
9.517564000000000135e+01
9.489013300000000584e+01
9.444805900000000065e+01
9.365198800000000290e+01
9.380039499999999464e+01
9.327037199999999473e+01
9.314284999999999570e+01
9.195262700000000677e+01
9.087624399999999980e+01
9.053152699999999697e+01
8.956549599999999600e+01
8.782234300000000360e+01
8.699384999999999479e+01
8.549117400000000089e+01
8.443650499999999681e+01
8.339493299999999465e+01
8.209904699999999877e+01
8.122620600000000479e+01
8.061621200000000442e+01
7.908753099999999847e+01
7.796433899999999539e+01
7.752648999999999546e+01
7.633918300000000556e+01
7.527895800000000293e+01
7.450297700000000134e+01
7.332022000000000617e+01
7.231853999999999871e+01
7.142044099999999673e+01
7.083377699999999777e+01
7.017172999999999661e+01
7.008267999999999631e+01
6.958073000000000263e+01
6.875227399999999989e+01
6.828100399999999581e+01
6.830771199999999510e+01
6.757594400000000689e+01
6.761576700000000528e+01
6.672911000000000570e+01
6.669513100000000350e+01
6.633388499999999510e+01
6.558354199999999423e+01
6.555619900000000655e+01
6.552644100000000549e+01
6.558582900000000393e+01
6.521942599999999857e+01
6.478506600000000049e+01
6.400592600000000232e+01
6.398106400000000349e+01
6.355077500000000157e+01
6.354229300000000080e+01
6.309085499999999769e+01
6.292556499999999886e+01
6.291405199999999809e+01
6.282010199999999855e+01
6.298721799999999860e+01
6.276462999999999681e+01
6.238934400000000124e+01
6.234540799999999905e+01
6.246363099999999946e+01
6.251986200000000338e+01
6.203264000000000067e+01
6.155695200000000256e+01
6.195422299999999893e+01
6.194787399999999877e+01
6.165143799999999885e+01
6.221527400000000085e+01
6.271841899999999725e+01
6.278961300000000278e+01
6.237940900000000255e+01
6.197041399999999811e+01
6.230872899999999959e+01
6.251154400000000066e+01
6.234835199999999844e+01
6.207830700000000235e+01
6.211203499999999877e+01
6.222468899999999792e+01
6.231919400000000309e+01
6.234399100000000260e+01
6.189282200000000245e+01
6.187675200000000331e+01
6.161494299999999669e+01
6.142082200000000114e+01
6.139467700000000150e+01
6.183465799999999746e+01
6.158268300000000295e+01
6.135680299999999932e+01
6.160999699999999990e+01
6.144855799999999846e+01
6.244805999999999813e+01
6.247922400000000209e+01
6.268179399999999646e+01
6.302483900000000006e+01
6.293207999999999913e+01
6.284194099999999850e+01
6.253552799999999934e+01
6.158544200000000046e+01
6.133302499999999924e+01
6.202100000000000080e+01
6.149461999999999762e+01
6.137942400000000021e+01
6.105824599999999691e+01
6.142219599999999957e+01
6.091193599999999719e+01
6.060311699999999746e+01
6.086683899999999880e+01
6.086810700000000196e+01
6.026787199999999700e+01
6.067052199999999829e+01
6.023635099999999909e+01
6.029795000000000016e+01
6.063705399999999912e+01
6.083503600000000233e+01
6.079127299999999678e+01
5.998475700000000188e+01
5.965021000000000129e+01
5.973192699999999888e+01
5.892803299999999922e+01
5.849718599999999924e+01
5.833756100000000089e+01
5.780098600000000175e+01
5.759728100000000239e+01
5.793984700000000032e+01
5.792458599999999791e+01
5.775626400000000160e+01
5.780668500000000165e+01
5.780979899999999816e+01
5.777702200000000232e+01
5.746612799999999766e+01
5.665769399999999933e+01
5.728832899999999739e+01
5.692213799999999679e+01
5.645934499999999900e+01
5.663059200000000004e+01
5.645245800000000003e+01
5.664482000000000284e+01
5.690105499999999950e+01
5.813617899999999850e+01
5.932885100000000023e+01
6.088655200000000178e+01
6.148264000000000351e+01
6.219895999999999958e+01
6.353154399999999669e+01
6.487737199999999405e+01
6.605252900000000693e+01
6.724628400000000283e+01
6.849810100000000546e+01
7.033509999999999707e+01
7.217535200000000373e+01
7.337321400000000438e+01
7.502113500000000101e+01
7.598012199999999439e+01
7.757893099999999720e+01
7.792286799999999403e+01
7.954260499999999467e+01
8.083449600000000146e+01
8.187463099999999372e+01
8.244589799999999968e+01
8.315176900000000160e+01
8.337769400000000530e+01
8.387521999999999878e+01
8.444245600000000707e+01
8.443192899999999668e+01
8.464214900000000341e+01
8.531971900000000630e+01
8.652244100000000060e+01
8.667046000000000561e+01
8.765923200000000293e+01
8.875296500000000322e+01
8.938585199999999986e+01
8.969090500000000077e+01
9.015609000000000606e+01
9.081753999999999394e+01
9.051912699999999745e+01
9.138272700000000270e+01
9.211652999999999736e+01
9.206731499999999357e+01
9.212036399999999503e+01
9.272463700000000131e+01
9.308157199999999420e+01
9.298685000000000400e+01
9.308318800000000692e+01
9.356078300000000070e+01
9.344134400000000085e+01
9.368075699999999983e+01
9.348676799999999787e+01
9.351727900000000204e+01
9.347002700000000175e+01
9.262526300000000390e+01
9.196377099999999416e+01
9.040084600000000137e+01
8.937453700000000367e+01
8.824223600000000545e+01
8.698324200000000417e+01
8.545594800000000646e+01
8.399694900000000075e+01
8.205539199999999767e+01
8.099964500000000100e+01
7.984162800000000004e+01
7.936863300000000265e+01
7.751784800000000075e+01
7.678005000000000280e+01
7.652206200000000536e+01
7.539552799999999877e+01
7.529577299999999696e+01
7.444113199999999608e+01
7.325855300000000625e+01
7.216399699999999484e+01
7.148176700000000494e+01
7.115712299999999857e+01
7.084994700000000023e+01
7.042992399999999975e+01
7.010075000000000500e+01
6.998789700000000380e+01
6.961009300000000621e+01
6.934178900000000567e+01
6.827357299999999896e+01
6.805481000000000336e+01
6.720733599999999797e+01
6.758281900000000064e+01
6.736091899999999555e+01
6.703868699999999592e+01
6.750558300000000145e+01
6.755452200000000573e+01
6.744526199999999960e+01
6.623384699999999725e+01
6.543362000000000478e+01
6.489861999999999398e+01
6.518895799999999952e+01
6.449107899999999916e+01
6.480892299999999295e+01
6.496957799999999850e+01
6.534790099999999313e+01
6.473602800000000457e+01
6.457677499999999782e+01
6.408742300000000114e+01
6.405015799999999615e+01
6.392782100000000156e+01
6.391463399999999950e+01
6.384176300000000026e+01
6.369167699999999854e+01
6.429130999999999574e+01
6.463485799999999415e+01
6.418812499999999943e+01
6.339369899999999802e+01
6.374878199999999850e+01
6.400988399999999956e+01
6.430621499999999457e+01
6.480693899999999985e+01
6.444833099999999604e+01
6.333594099999999827e+01
6.368185499999999877e+01
6.332992600000000039e+01
6.375167700000000082e+01
6.321317700000000173e+01
6.242346500000000020e+01
6.238266899999999993e+01
6.254368300000000147e+01
6.239082400000000206e+01
6.177924200000000354e+01
6.128770200000000301e+01
6.120722500000000110e+01
6.108497599999999750e+01
6.077414799999999673e+01
6.079147300000000342e+01
6.091095899999999830e+01
6.043564299999999889e+01
6.111327599999999904e+01
6.109846100000000035e+01
6.163931800000000294e+01
6.142716500000000224e+01
6.131999900000000281e+01
6.114050999999999902e+01
6.055699400000000310e+01
6.088665499999999753e+01
6.028787200000000013e+01
6.124898100000000056e+01
6.234591000000000349e+01
6.230605899999999764e+01
6.206915599999999955e+01
6.156721100000000035e+01
6.113514700000000346e+01
6.133048800000000256e+01
6.111235899999999788e+01
6.109104099999999704e+01
6.130736900000000134e+01
6.128231600000000157e+01
6.092082299999999861e+01
6.085353299999999876e+01
6.061621600000000143e+01
6.066264400000000023e+01
6.013208699999999851e+01
5.914433100000000110e+01
5.892927900000000108e+01
5.904041600000000045e+01
5.978392000000000195e+01
5.948262700000000081e+01
5.897744200000000347e+01
5.876170599999999666e+01
5.817707699999999704e+01
5.799324000000000012e+01
5.863278400000000090e+01
5.874415100000000223e+01
5.797823700000000002e+01
5.753582600000000014e+01
5.738885899999999651e+01
5.778764400000000023e+01
5.739396299999999940e+01
5.735304399999999703e+01
5.801279900000000112e+01
5.831548999999999694e+01
5.809618400000000094e+01
5.863053899999999885e+01
5.773787099999999839e+01
5.854514000000000351e+01
5.863994199999999779e+01
5.859591199999999844e+01
5.961707100000000281e+01
6.000036500000000217e+01
6.070962099999999850e+01
6.132375100000000145e+01
6.169150900000000348e+01
6.303054499999999649e+01
6.466795000000000471e+01
6.651046700000000556e+01
6.741073099999999840e+01
6.872471799999999575e+01
6.992015100000000416e+01
7.072012499999999591e+01
7.173551000000000499e+01
7.323357699999999681e+01
7.399365699999999890e+01
7.529621400000000619e+01
7.670523400000000436e+01
7.783024100000000089e+01
7.892565999999999349e+01
8.024408900000000244e+01
8.109044799999999498e+01
8.179474100000000192e+01
8.295694799999999702e+01
8.335537499999999511e+01
8.391725200000000484e+01
8.417203999999999553e+01
8.534034099999999512e+01
8.627105299999999488e+01
8.697404600000000130e+01
8.784829600000000482e+01
8.836140799999999729e+01
8.921994700000000478e+01
8.970091999999999643e+01
9.087928700000000504e+01
9.113354499999999803e+01
9.144615400000000704e+01
9.204375199999999779e+01
9.275463200000000086e+01
9.319797300000000462e+01
9.372440600000000188e+01
9.448327399999999443e+01
9.506971299999999303e+01
9.477189400000000319e+01
9.471649899999999889e+01
9.468176599999999610e+01
9.534010200000000168e+01
9.469370200000000182e+01
9.538276000000000465e+01
9.469497099999999534e+01
9.435469700000000159e+01
9.419197900000000345e+01
9.385698899999999867e+01
9.380556500000000142e+01
9.343926100000000190e+01
9.325642600000000471e+01
9.305089099999999291e+01
9.190451099999999940e+01
9.033598700000000292e+01
8.851384899999999334e+01
8.674347299999999450e+01
8.547181500000000653e+01
8.405475099999999600e+01
8.250615999999999417e+01
8.147598700000000349e+01
8.004725600000000441e+01
7.986081099999999822e+01
7.847633399999999426e+01
7.749531399999999337e+01
7.595384599999999864e+01
7.499847099999999500e+01
7.396420100000000275e+01
7.359752100000000041e+01
7.332098399999999572e+01
7.242547799999999825e+01
7.167162700000000086e+01
7.087725799999999765e+01
7.071682199999999341e+01
7.048570200000000341e+01
6.980644999999999811e+01
6.930901000000000067e+01
6.867131799999999942e+01
6.870768999999999949e+01
6.827207799999999338e+01
6.851956400000000258e+01
6.803769300000000442e+01
6.871029099999999801e+01
6.856189700000000187e+01
6.848816600000000676e+01
6.839177300000000059e+01
6.838642000000000110e+01
6.816451700000000358e+01
6.759491699999999526e+01
6.748556499999999403e+01
6.739717299999999511e+01
6.705705000000000382e+01
6.742611200000000338e+01
6.746928300000000434e+01
6.744691699999999912e+01
6.769822499999999366e+01
6.796278800000000331e+01
6.791830099999999959e+01
6.830945400000000234e+01
6.793687599999999804e+01
6.763192700000000457e+01
6.748749300000000062e+01
6.720213800000000504e+01
6.662795500000000004e+01
6.638621899999999698e+01
6.679526799999999298e+01
6.765287899999999865e+01
6.785049600000000680e+01
6.841823300000000074e+01
6.802477399999999363e+01
6.839276099999999303e+01
6.866219399999999951e+01
6.891429100000000574e+01
6.885606599999999844e+01
6.904527299999999457e+01
6.863667900000000088e+01
6.932203599999999710e+01
6.930731799999999510e+01
6.896964300000000492e+01
6.866883099999999729e+01
6.789811799999999664e+01
6.734049699999999916e+01
6.782518000000000313e+01
6.763869400000000098e+01
6.818195400000000461e+01
6.780326800000000276e+01
6.745409700000000441e+01
6.781023299999999665e+01
6.694015899999999419e+01
6.656422499999999332e+01
6.672862600000000555e+01
6.674819100000000560e+01
6.647720400000000041e+01
6.543763099999999611e+01
6.537543599999999344e+01
6.484092800000000523e+01
6.456493700000000047e+01
6.499365899999999385e+01
6.494090099999999666e+01
6.507137500000000330e+01
6.475784400000000574e+01
6.493476400000000126e+01
6.544646299999999428e+01
6.509784999999999400e+01
6.407548699999999542e+01
6.450645600000000002e+01
6.409277099999999905e+01
6.350178499999999815e+01
6.319259499999999719e+01
6.297781200000000013e+01
6.277819000000000216e+01
6.278354600000000119e+01
6.281668299999999761e+01
6.256404400000000265e+01
6.293640700000000265e+01
6.279529000000000138e+01
6.213450399999999973e+01
6.136793300000000073e+01
6.087026399999999882e+01
6.021155999999999864e+01
6.042858199999999869e+01
5.998472499999999741e+01
6.038391899999999879e+01
6.063843399999999662e+01
6.004793800000000203e+01
5.948681899999999700e+01
5.925462300000000226e+01
5.886214999999999975e+01
5.849285199999999918e+01
5.791289499999999890e+01
5.796109500000000025e+01
5.788228900000000010e+01
5.830127000000000237e+01
5.832319999999999993e+01
5.825164999999999793e+01
5.780466700000000202e+01
5.762479900000000299e+01
5.706445099999999826e+01
5.721269199999999699e+01
5.765044999999999931e+01
5.808849899999999877e+01
5.906479199999999707e+01
5.991410100000000227e+01
6.098415599999999870e+01
6.278461999999999676e+01
6.397435600000000022e+01
6.519468200000000024e+01
6.682344799999999907e+01
6.760915500000000122e+01
6.848031199999999785e+01
7.042486200000000451e+01
7.173077399999999670e+01
7.305329799999999807e+01
7.410336999999999819e+01
7.520125099999999918e+01
7.722739500000000135e+01
7.841505800000000193e+01
7.939060299999999870e+01
8.025164300000000139e+01
8.154818199999999706e+01
8.214302000000000703e+01
8.352497900000000186e+01
8.444131899999999291e+01
8.462193999999999505e+01
8.539083800000000224e+01
8.645903699999999503e+01
8.713827000000000567e+01
8.793962500000000659e+01
8.885546600000000694e+01
9.006413700000000233e+01
9.153414600000000689e+01
9.159219099999999969e+01
9.235576399999999353e+01
9.250426199999999710e+01
9.306714399999999898e+01
9.422416499999999928e+01
9.549713400000000263e+01
9.613833499999999788e+01
9.744962800000000414e+01
9.792461299999999369e+01
9.921707600000000582e+01
1.002450999999999937e+02
1.013819100000000049e+02
1.016452900000000028e+02
1.016328299999999984e+02
1.019086900000000071e+02
1.018845299999999980e+02
1.023991400000000027e+02
1.031102499999999935e+02
1.033185200000000066e+02
1.030040999999999940e+02
1.025899399999999986e+02
1.022919700000000063e+02
1.014777299999999940e+02
1.009218199999999968e+02
9.933187700000000575e+01
9.822162199999999643e+01
9.738424999999999443e+01
9.624820499999999868e+01
9.423551000000000499e+01
9.304473199999999622e+01
9.130995599999999968e+01
9.036956700000000353e+01
8.893678199999999379e+01
8.752468500000000518e+01
8.619324199999999792e+01
8.462802499999999384e+01
8.337214099999999917e+01
8.215107999999999322e+01
8.136201400000000206e+01
8.017717899999999531e+01
7.889892600000000300e+01
7.784783199999999681e+01
7.691161599999999510e+01
7.640469400000000633e+01
7.558879600000000210e+01
7.445709100000000547e+01
7.398231900000000394e+01
7.358543000000000234e+01
7.310878700000000663e+01
7.235595700000000363e+01
7.192654600000000187e+01
7.171156100000000322e+01
7.168890600000000290e+01
7.135397299999999632e+01
7.144699400000000367e+01
7.144512699999999938e+01
7.029707000000000505e+01
7.016125300000000209e+01
6.978557499999999436e+01
6.993680600000000425e+01
6.995494300000000010e+01
6.898971000000000231e+01
6.852393200000000206e+01
6.797266199999999969e+01
6.795059399999999528e+01
6.774633199999999533e+01
6.777369099999999946e+01
6.753228199999999504e+01
6.637215700000000140e+01
6.614637100000000203e+01
6.643565300000000207e+01
6.639404600000000300e+01
6.647665499999999383e+01
6.651791199999999549e+01
6.633492200000000594e+01
6.716454299999999478e+01
6.648044500000000312e+01
6.643310599999999511e+01
6.654009399999999630e+01
6.635965099999999950e+01
6.595738099999999804e+01
6.619127699999999948e+01
6.590010599999999386e+01
6.592411699999999541e+01
6.572350799999999538e+01
6.610002199999999561e+01
6.595932100000000275e+01
6.598885599999999840e+01
6.595073800000000119e+01
6.654259100000000160e+01
6.661190200000000061e+01
6.708685499999999990e+01
6.652918599999999572e+01
6.669573800000000574e+01
6.613207099999999627e+01
6.696320000000000050e+01
6.663405699999999854e+01
6.614584100000000433e+01
6.629969199999999319e+01
6.653506299999999385e+01
6.646964699999999482e+01
6.664199299999999937e+01
6.671982500000000016e+01
6.626371199999999817e+01
6.608657700000000546e+01
6.582931299999999908e+01
6.541056600000000287e+01
6.574510200000000282e+01
6.564031400000000360e+01
6.495420300000000680e+01
6.447317700000000684e+01
6.416554999999999609e+01
6.461677400000000659e+01
6.418520300000000134e+01
6.403490100000000496e+01
6.444661399999999674e+01
6.391218599999999839e+01
6.369412499999999966e+01
6.350785100000000227e+01
6.371735400000000027e+01
6.366128299999999740e+01
6.351393600000000106e+01
6.328910499999999928e+01
6.268028799999999734e+01
6.233267800000000136e+01
6.205711199999999650e+01
6.166089199999999693e+01
6.171804900000000060e+01
6.160202000000000311e+01
6.135794200000000131e+01
6.161127199999999959e+01
6.144957500000000294e+01
6.111137000000000086e+01
6.078468099999999907e+01
6.063597000000000037e+01
6.030612599999999901e+01
6.009106200000000086e+01
6.038511199999999945e+01
6.006168999999999869e+01
5.997193999999999647e+01
5.915823600000000226e+01
5.915784200000000226e+01
5.911055600000000254e+01
5.872776100000000099e+01
5.812770799999999838e+01
5.888145000000000095e+01
5.862730499999999978e+01
5.859065300000000320e+01
5.932155699999999854e+01
5.937874200000000258e+01
5.908816300000000155e+01
5.928728100000000012e+01
5.914501400000000331e+01
5.924894799999999861e+01
5.957247000000000270e+01
6.040566199999999952e+01
6.116025199999999984e+01
6.221507799999999833e+01
6.317619400000000240e+01
6.419468799999999931e+01
6.524527899999999647e+01
6.687760500000000263e+01
6.816481899999999428e+01
6.900256299999999499e+01
7.028352599999999484e+01
7.206622900000000698e+01
7.306311800000000289e+01
7.488051699999999755e+01
7.644742200000000310e+01
7.813431599999999833e+01
8.005846400000000074e+01
8.144049800000000516e+01
8.255571299999999724e+01
8.330676400000000115e+01
8.491198199999999474e+01
8.570114200000000437e+01
8.704658499999999322e+01
8.751898699999999565e+01
8.923660200000000486e+01
8.978721199999999669e+01
9.044313599999999553e+01
9.116660199999999747e+01
9.130440500000000270e+01
9.250509700000000635e+01
9.311441800000000057e+01
9.441709299999999416e+01
9.543077499999999702e+01
9.586366499999999746e+01
9.669540700000000299e+01
9.793149300000000324e+01
9.890165000000000362e+01
9.947758399999999313e+01
1.001718500000000063e+02
1.008307999999999964e+02
1.020235600000000034e+02
1.025056299999999965e+02
1.025063999999999993e+02
1.032931999999999988e+02
1.034265500000000060e+02
1.031790799999999990e+02
1.038176299999999941e+02
1.038267299999999977e+02
1.039565300000000008e+02
1.040726700000000022e+02
1.037340700000000027e+02
1.039164499999999975e+02
1.031479899999999930e+02
1.023766200000000026e+02
1.016421299999999945e+02
1.013400699999999972e+02
9.994083299999999781e+01
9.927627499999999827e+01
9.821636999999999773e+01
9.673430299999999704e+01
9.526615900000000181e+01
9.441467299999999341e+01
9.292077100000000200e+01
9.099481699999999762e+01
8.963635100000000477e+01
8.826555999999999358e+01
8.666936099999999499e+01
8.535651900000000580e+01
8.372285999999999717e+01
8.246254500000000576e+01
8.185211499999999774e+01
8.062036100000000260e+01
8.026708800000000110e+01
7.900666999999999973e+01
7.812711500000000342e+01
7.672847899999999299e+01
7.675307200000000307e+01
7.607308199999999943e+01
7.559643499999999960e+01
7.503888399999999592e+01
7.384273799999999710e+01
7.377313800000000299e+01
7.224409699999999646e+01
7.236851000000000056e+01
7.204799099999999612e+01
7.132802900000000079e+01
7.134407400000000621e+01
7.108682799999999702e+01
7.122143699999999455e+01
7.044120399999999904e+01
6.967698699999999690e+01
6.941790299999999547e+01
6.955395500000000197e+01
6.947988200000000347e+01
6.868157600000000684e+01
6.840298599999999851e+01
6.844616999999999507e+01
6.782217500000000143e+01
6.785055099999999584e+01
6.780476699999999823e+01
6.769547300000000689e+01
6.771164600000000178e+01
6.671847999999999956e+01
6.693561200000000611e+01
6.667222599999999488e+01
6.671006800000000680e+01
6.604713599999999474e+01
6.636111900000000219e+01
6.622077099999999916e+01
6.603045799999999588e+01
6.613115100000000268e+01
6.604736900000000333e+01
6.509839200000000403e+01
6.463575600000000065e+01
6.540944600000000264e+01
6.479053600000000301e+01
6.452922700000000589e+01
6.438296300000000372e+01
6.411355299999999602e+01
6.424016299999999546e+01
6.425655899999999576e+01
6.459583399999999642e+01
6.475082100000000196e+01
6.364450999999999681e+01
6.357912999999999926e+01
6.420265600000000461e+01
6.404542399999999702e+01
6.349445999999999657e+01
6.355675399999999797e+01
6.308064499999999697e+01
6.341206300000000340e+01
6.451285400000000436e+01
6.476886399999999355e+01
6.433298299999999870e+01
6.389417100000000005e+01
6.337906399999999962e+01
6.325201599999999758e+01
6.258626600000000195e+01
6.176933600000000268e+01
6.141412299999999647e+01
6.203459300000000098e+01
6.241961599999999777e+01
6.265828400000000187e+01
6.224943900000000241e+01
6.247542599999999879e+01
6.213175499999999829e+01
6.196394800000000203e+01
6.189460199999999901e+01
6.164339499999999816e+01
6.153148500000000354e+01
6.143891800000000103e+01
6.132701999999999742e+01
6.096635400000000260e+01
6.136065399999999670e+01
6.182511699999999877e+01
6.255597800000000319e+01
6.243800000000000239e+01
6.229442800000000346e+01
6.225240699999999805e+01
6.244802800000000076e+01
6.235580999999999818e+01
6.217849600000000265e+01
6.241711200000000304e+01
6.310475199999999774e+01
6.257577599999999762e+01
6.229173800000000227e+01
6.241221699999999828e+01
6.200127700000000175e+01
6.198465999999999809e+01
6.155148899999999657e+01
6.153695499999999896e+01
6.177941899999999720e+01
6.139430300000000074e+01
6.136157599999999945e+01
6.172724500000000347e+01
6.179518600000000106e+01
6.140407799999999838e+01
6.102289700000000039e+01
6.127167299999999983e+01
6.104515700000000322e+01
6.158857499999999874e+01
6.135156899999999780e+01
6.086341300000000132e+01
6.119573799999999864e+01
6.173761400000000066e+01
6.207051599999999780e+01
6.297044799999999753e+01
6.380704899999999924e+01
6.406319999999999482e+01
6.530828599999999540e+01
6.614102699999999402e+01
6.662930400000000475e+01
6.785486400000000629e+01
6.820489200000000096e+01
6.951170700000000124e+01
7.036151800000000378e+01
7.137715699999999686e+01
7.246845700000000079e+01
7.343794099999999503e+01
7.481220600000000331e+01
7.569000200000000689e+01
7.705731199999999603e+01
7.872086799999999585e+01
7.990589400000000353e+01
8.064781100000000436e+01
8.099987500000000296e+01
8.142627099999999984e+01
8.198369099999999321e+01
8.273133199999999476e+01
8.276747199999999793e+01
8.324317800000000034e+01
8.322138599999999542e+01
8.382502499999999657e+01
8.425503100000000245e+01
8.508452499999999930e+01
8.649909200000000453e+01
8.705129200000000367e+01
8.803113000000000454e+01
8.899025299999999561e+01
8.918284699999999532e+01
8.931978399999999851e+01
9.012886600000000215e+01
8.997588600000000270e+01
9.032824200000000303e+01
9.061943100000000584e+01
9.103992800000000329e+01
9.145953500000000247e+01
9.194456700000000637e+01
9.227676999999999907e+01
9.221303600000000245e+01
9.250654099999999858e+01
9.246497999999999706e+01
9.263293099999999924e+01
9.206668999999999414e+01
9.079382900000000234e+01
9.059496400000000449e+01
9.029209099999999921e+01
8.973799499999999796e+01
8.928163899999999842e+01
8.874854600000000460e+01
8.738446899999999573e+01
8.624856800000000590e+01
8.480804600000000448e+01
8.363474200000000280e+01
8.270189000000000590e+01
8.219634899999999789e+01
8.144259300000000223e+01
8.115540400000000432e+01
8.076496299999999451e+01
8.002370799999999917e+01
7.918566900000000430e+01
7.819964699999999880e+01
7.721550399999999570e+01
7.567691100000000404e+01
7.504393600000000220e+01
7.456770600000000115e+01
7.343238399999999899e+01
7.303767000000000564e+01
7.184715099999999666e+01
7.135454900000000578e+01
7.166981199999999319e+01
7.095927799999999763e+01
7.064353099999999586e+01
7.033340200000000664e+01
7.009660100000000682e+01
6.953771100000000160e+01
6.863404199999999378e+01
6.776510100000000136e+01
6.733895800000000520e+01
6.699489699999999459e+01
6.714373799999999903e+01
6.713871600000000228e+01
6.659426200000000051e+01
6.696209899999999493e+01
6.679808900000000449e+01
6.653395799999999838e+01
6.609824600000000316e+01
6.563195399999999324e+01
6.529455000000000098e+01
6.523086000000000695e+01
6.547131400000000667e+01
6.513870300000000668e+01
6.472078899999999635e+01
6.388445999999999714e+01
6.456944799999999418e+01
6.397395000000000209e+01
6.337705400000000111e+01
6.280562400000000167e+01
6.234828999999999866e+01
6.191360600000000147e+01
6.215680400000000105e+01
6.216334599999999710e+01
6.229307200000000222e+01
6.232855099999999737e+01
6.242334799999999717e+01
6.206544600000000145e+01
6.136366399999999999e+01
6.083455800000000124e+01
6.064961000000000269e+01
6.039070099999999996e+01
5.940724000000000160e+01
5.957342200000000076e+01
5.906231799999999765e+01
5.936748899999999907e+01
5.922807900000000103e+01
5.887402900000000017e+01
5.885127099999999700e+01
5.928364400000000245e+01
5.896491499999999775e+01
5.937162099999999754e+01
5.932571999999999690e+01
5.934296799999999905e+01
5.973408599999999780e+01
5.984276299999999793e+01
6.021703999999999724e+01
5.994570900000000080e+01
5.965812199999999876e+01
5.943718400000000202e+01
6.001110899999999759e+01
5.973635999999999768e+01
5.983988899999999944e+01
5.962775599999999798e+01
5.911871699999999663e+01
5.930634100000000331e+01
5.909210900000000066e+01
5.856765899999999903e+01
5.884330099999999675e+01
5.882432899999999876e+01
5.871067500000000194e+01
5.855676900000000273e+01
5.788623900000000333e+01
5.722795500000000146e+01
5.737810600000000250e+01
5.706089699999999709e+01
5.769881600000000077e+01
5.789435999999999893e+01
5.839548099999999664e+01
5.869717500000000143e+01
5.909270899999999926e+01
5.930438699999999841e+01
5.896808000000000050e+01
5.849927399999999977e+01
5.860267499999999785e+01
5.870358800000000343e+01
5.792756599999999878e+01
5.812505900000000025e+01
5.854547900000000027e+01
5.845812699999999751e+01
5.854866799999999927e+01
5.794121799999999922e+01
5.792580600000000146e+01
5.820496299999999934e+01
5.778321100000000143e+01
5.769232000000000227e+01
5.740162200000000325e+01
5.768684100000000115e+01
5.778837699999999700e+01
5.756085999999999814e+01
5.735468699999999842e+01
5.723928300000000036e+01
5.699369200000000291e+01
5.682780499999999790e+01
5.660756899999999803e+01
5.599589799999999684e+01
5.575607399999999814e+01
5.522507300000000185e+01
5.564669099999999702e+01
5.596831499999999693e+01
5.620496399999999682e+01
5.658747300000000280e+01
5.747924700000000087e+01
5.799296900000000221e+01
5.926805800000000346e+01
6.098725600000000213e+01
6.243461099999999675e+01
6.359680699999999831e+01
6.516337300000000710e+01
6.579496899999999471e+01
6.718522699999999759e+01
6.878332299999999577e+01
7.015961500000000228e+01
7.199083600000000160e+01
7.331536699999999485e+01
7.521113300000000379e+01
