6.452398599999999362e+01
6.404035500000000525e+01
6.399345000000000283e+01
6.382668199999999814e+01
6.425839700000000221e+01
6.367879700000000298e+01
6.307744300000000237e+01
6.272794400000000081e+01
6.192276400000000081e+01
6.191013600000000139e+01
6.194646199999999681e+01
6.177518400000000298e+01
6.116606999999999772e+01
6.122322100000000233e+01
6.029573899999999753e+01
5.952017899999999884e+01
5.983801900000000273e+01
5.984254399999999663e+01
6.005822299999999814e+01
6.059941100000000347e+01
6.095073299999999961e+01
6.053846599999999967e+01
6.037566999999999950e+01
6.047383099999999700e+01
6.060531399999999991e+01
6.051079899999999867e+01
6.130275199999999813e+01
6.195257800000000259e+01
6.196437300000000192e+01
6.133265200000000306e+01
6.118234100000000097e+01
6.162671999999999883e+01
6.134434399999999954e+01
6.135311200000000298e+01
6.081514599999999859e+01
5.998697299999999899e+01
6.005217799999999784e+01
5.979896500000000259e+01
5.998183900000000079e+01
6.025321699999999936e+01
5.963906699999999717e+01
5.968478100000000097e+01
6.012746500000000083e+01
6.026641500000000207e+01
6.025943300000000136e+01
6.078865700000000061e+01
6.091176699999999755e+01
6.100327899999999914e+01
6.163557200000000336e+01
6.143459399999999704e+01
6.147926700000000011e+01
6.012847500000000167e+01
6.046351400000000353e+01
6.015232100000000059e+01
5.986666699999999963e+01
5.925894100000000009e+01
5.955551100000000275e+01
5.980892399999999753e+01
5.975405200000000150e+01
6.030155100000000346e+01
5.998010399999999720e+01
6.005885399999999663e+01
6.014686700000000030e+01
6.034875300000000209e+01
5.971667899999999918e+01
6.021282200000000273e+01
6.143556000000000239e+01
6.108526700000000176e+01
6.113079199999999958e+01
6.103460499999999911e+01
6.010118700000000302e+01
5.939649699999999655e+01
5.946636000000000166e+01
5.970684899999999828e+01
5.915634899999999874e+01
5.847769499999999709e+01
5.880189899999999881e+01
5.820944899999999933e+01
5.780659599999999898e+01
5.723817700000000031e+01
5.653268500000000074e+01
5.725192499999999995e+01
5.679111000000000331e+01
5.643813899999999961e+01
5.702843399999999718e+01
5.719619000000000142e+01
5.844604000000000354e+01
5.906474699999999700e+01
5.925356800000000135e+01
6.002962099999999879e+01
6.084189599999999842e+01
6.186111799999999761e+01
6.291075899999999876e+01
6.382959699999999970e+01
6.477258299999999736e+01
6.546193300000000193e+01
6.673897300000000143e+01
6.785737399999999298e+01
6.872596900000000630e+01
6.943132099999999696e+01
7.066249600000000441e+01
7.187130000000000507e+01
7.367883700000000147e+01
7.494067699999999377e+01
7.648882600000000309e+01
7.835966299999999762e+01
7.945627700000000004e+01
8.001904000000000394e+01
8.059483500000000333e+01
8.131256500000000642e+01
8.193129299999999660e+01
8.267811799999999778e+01
8.369289000000000556e+01
8.374589299999999525e+01
8.439679300000000239e+01
8.517019399999999507e+01
8.564347100000000523e+01
8.542389300000000674e+01
8.593688000000000216e+01
8.554251100000000463e+01
8.589013799999999321e+01
8.658346600000000137e+01
8.751954999999999529e+01
8.843718099999999538e+01
8.884453999999999496e+01
8.933851900000000512e+01
9.028529799999999739e+01
9.079413599999999462e+01
9.152419799999999839e+01
9.147016700000000355e+01
9.305250999999999806e+01
9.373451199999999517e+01
9.341971499999999651e+01
9.327096299999999474e+01
9.384803700000000504e+01
9.384364700000000425e+01
9.362411600000000078e+01
9.308320899999999654e+01
9.250247799999999643e+01
9.269657399999999825e+01
9.250590599999999597e+01
9.147382100000000094e+01
9.062590099999999893e+01
9.017555000000000121e+01
8.837162299999999959e+01
8.735127500000000111e+01
8.630957700000000443e+01
8.475813300000000083e+01
8.389111699999999416e+01
8.287241600000000119e+01
8.204272600000000182e+01
8.123516800000000160e+01
8.084949299999999539e+01
7.976734600000000341e+01
7.864714600000000644e+01
7.776901800000000264e+01
7.612522199999999373e+01
7.545276099999999531e+01
7.483841700000000685e+01
7.414724400000000060e+01
7.342043800000000431e+01
7.248934599999999762e+01
7.129324900000000298e+01
7.040046499999999696e+01
7.016108900000000403e+01
6.952543799999999408e+01
6.882770899999999870e+01
6.866827999999999577e+01
6.865034699999999646e+01
6.896549799999999664e+01
6.877670200000000023e+01
6.859305000000000518e+01
6.819791200000000231e+01
6.809684599999999932e+01
6.744718600000000208e+01
6.693780599999999481e+01
6.687523299999999438e+01
6.616311000000000320e+01
6.519629299999999716e+01
6.474664500000000089e+01
6.461728399999999795e+01
6.307258399999999909e+01
6.242419199999999790e+01
6.193961600000000089e+01
6.235237000000000052e+01
6.222115300000000104e+01
6.113369500000000301e+01
6.088554400000000300e+01
6.045171200000000056e+01
5.996118500000000040e+01
5.936721599999999910e+01
5.854147600000000295e+01
5.883272399999999891e+01
5.905604900000000157e+01
5.793162900000000093e+01
5.821730099999999908e+01
5.823457700000000159e+01
5.876258599999999888e+01
5.803794700000000262e+01
5.841347100000000125e+01
5.813432699999999897e+01
5.827139999999999986e+01
5.810011699999999735e+01
5.766045199999999937e+01
5.749081499999999778e+01
5.751099399999999662e+01
5.676837100000000191e+01
5.727713800000000077e+01
5.710148600000000130e+01
5.711384699999999981e+01
5.682121399999999767e+01
5.673002900000000182e+01
5.741747399999999857e+01
5.727073599999999942e+01
5.767618099999999970e+01
5.756986500000000007e+01
5.739016399999999862e+01
5.792900999999999812e+01
5.813985600000000176e+01
5.775778100000000137e+01
5.660940999999999690e+01
5.678749400000000236e+01
5.668205900000000241e+01
5.683513099999999696e+01
5.663143999999999778e+01
5.659703499999999821e+01
5.700974800000000187e+01
5.627699499999999944e+01
5.653884800000000155e+01
5.674312799999999868e+01
5.641812699999999836e+01
5.665076599999999729e+01
5.702540400000000176e+01
5.751948500000000308e+01
5.756921100000000280e+01
5.686063999999999652e+01
5.683136400000000066e+01
5.697224800000000045e+01
5.712290699999999788e+01
5.719089600000000218e+01
5.807102400000000131e+01
5.819685199999999980e+01
5.830682300000000140e+01
5.757407800000000009e+01
5.739934999999999832e+01
5.823441600000000307e+01
5.863598300000000307e+01
5.805038400000000109e+01
5.784152000000000271e+01
5.780554999999999666e+01
5.739408699999999897e+01
5.762034299999999831e+01
5.764280099999999862e+01
5.725062700000000149e+01
5.687056299999999709e+01
5.628112399999999838e+01
5.601835400000000220e+01
5.636522399999999777e+01
5.627681799999999868e+01
5.578853300000000104e+01
5.584471200000000124e+01
5.602395800000000037e+01
5.601473699999999667e+01
5.609273900000000168e+01
5.646934199999999748e+01
5.643143100000000345e+01
5.652306800000000209e+01
5.621999900000000139e+01
5.676238899999999887e+01
5.699014799999999781e+01
5.785104599999999664e+01
5.867445800000000133e+01
5.939273800000000136e+01
6.119168899999999667e+01
6.258579300000000245e+01
6.372330600000000089e+01
6.507604499999999348e+01
6.632515600000000688e+01
6.837476999999999805e+01
7.003464599999999507e+01
7.155140199999999595e+01
7.309746400000000222e+01
7.473138299999999390e+01
7.547147400000000061e+01
7.750886300000000517e+01
7.890504099999999710e+01
8.018775800000000231e+01
8.158877400000000080e+01
8.265850600000000270e+01
8.354089000000000453e+01
8.368604600000000460e+01
8.383931200000000672e+01
8.460703700000000538e+01
8.455734300000000303e+01
8.567856799999999851e+01
8.630968400000000429e+01
8.617179000000000144e+01
8.695182400000000200e+01
8.777864900000000148e+01
8.829222599999999943e+01
8.928618799999999567e+01
9.036296600000000012e+01
9.039371800000000690e+01
9.042657300000000475e+01
9.139504599999999357e+01
9.185492800000000102e+01
9.322180600000000084e+01
9.451891100000000279e+01
9.505738999999999805e+01
9.483191999999999666e+01
9.577110899999999560e+01
9.609142699999999593e+01
9.645342999999999734e+01
9.672115999999999758e+01
9.661213999999999658e+01
9.670100399999999752e+01
9.610273899999999969e+01
9.613211599999999635e+01
9.661327099999999746e+01
9.586607399999999757e+01
9.565514899999999443e+01
9.562084199999999612e+01
9.541435900000000458e+01
9.488333799999999485e+01
9.355415700000000356e+01
9.253678299999999979e+01
9.090539800000000525e+01
8.906721799999999689e+01
8.730981500000000040e+01
8.555745299999999531e+01
8.461812600000000373e+01
8.327436699999999803e+01
8.221403499999999553e+01
8.076466899999999782e+01
7.997351700000000108e+01
7.834818799999999328e+01
7.722942999999999358e+01
7.656368700000000160e+01
7.579661000000000115e+01
7.502871700000000033e+01
7.394884999999999309e+01
7.322092299999999909e+01
7.247739699999999630e+01
7.122899400000000014e+01
7.131899099999999692e+01
7.074985399999999913e+01
6.983750200000000063e+01
6.904850600000000327e+01
6.797091199999999844e+01
6.750409199999999998e+01
6.735584799999999461e+01
6.730492099999999311e+01
6.684999399999999525e+01
6.628324800000000039e+01
6.645402400000000398e+01
6.609951800000000333e+01
6.636878199999999595e+01
6.570421299999999576e+01
6.480790000000000362e+01
6.421003899999999476e+01
6.463932499999999948e+01
6.412762700000000393e+01
6.418844500000000153e+01
6.399716899999999953e+01
6.332772200000000140e+01
6.327673999999999666e+01
6.276489300000000071e+01
6.307868299999999806e+01
6.308377600000000029e+01
6.335537000000000063e+01
6.278335100000000324e+01
6.288563899999999762e+01
6.233586300000000335e+01
6.221479899999999930e+01
6.199681000000000353e+01
6.132028900000000249e+01
6.093117000000000161e+01
6.144428700000000276e+01
6.172869699999999682e+01
6.144634800000000041e+01
6.198140000000000072e+01
6.143571699999999680e+01
6.159614499999999992e+01
6.154764500000000282e+01
6.104705599999999777e+01
6.063905499999999904e+01
6.036693400000000054e+01
6.037414600000000320e+01
6.008740900000000096e+01
6.000503199999999993e+01
5.993646700000000038e+01
5.971580600000000061e+01
5.936889299999999992e+01
5.937271299999999741e+01
6.000341999999999842e+01
6.044629799999999875e+01
6.039099099999999964e+01
6.057567499999999683e+01
6.138450199999999768e+01
6.143562599999999918e+01
6.150295799999999957e+01
6.099233799999999661e+01
6.071468200000000337e+01
6.080262400000000156e+01
6.129795699999999670e+01
6.120240900000000295e+01
6.135252799999999951e+01
6.103564000000000078e+01
6.096379999999999910e+01
6.143512100000000231e+01
6.140920299999999799e+01
6.121027200000000335e+01
6.112078499999999792e+01
6.114874999999999972e+01
6.080703599999999653e+01
6.137667799999999829e+01
6.113945900000000222e+01
6.134370599999999740e+01
6.144673800000000341e+01
6.112428100000000342e+01
6.097602400000000245e+01
6.130407999999999902e+01
6.102238499999999988e+01
6.107023399999999924e+01
6.083014599999999916e+01
6.077081799999999845e+01
6.122440000000000282e+01
6.109246799999999666e+01
6.071140599999999665e+01
6.024239200000000238e+01
6.079573700000000258e+01
5.960700299999999885e+01
6.010343000000000302e+01
6.001051400000000058e+01
5.975601300000000293e+01
6.039189100000000110e+01
6.060697499999999849e+01
6.079734700000000203e+01
6.063728900000000266e+01
6.075763299999999845e+01
6.029310699999999912e+01
6.010453900000000260e+01
6.046481599999999901e+01
6.104213599999999929e+01
6.065648600000000101e+01
5.989703099999999836e+01
6.002792300000000125e+01
6.002489599999999825e+01
6.045686899999999753e+01
6.034838700000000244e+01
6.090973999999999933e+01
6.176319199999999654e+01
6.240375199999999722e+01
6.330824199999999990e+01
6.504572199999999782e+01
6.565606300000000317e+01
6.688377699999999493e+01
6.812844699999999420e+01
6.925831700000000524e+01
7.132452000000000680e+01
7.244046500000000322e+01
7.372812000000000410e+01
7.556262999999999863e+01
7.671675999999999362e+01
7.788810599999999340e+01
7.925955500000000598e+01
8.025413700000000006e+01
8.181609100000000012e+01
8.299522699999999986e+01
8.388218899999999678e+01
8.456883799999999951e+01
8.526011900000000310e+01
8.600570899999999597e+01
8.655921200000000226e+01
8.715602300000000469e+01
8.816265699999999583e+01
8.854161899999999719e+01
8.964116099999999676e+01
9.083860699999999611e+01
9.159576599999999758e+01
9.256079599999999630e+01
9.319150299999999731e+01
9.413874099999999601e+01
9.447194500000000517e+01
9.530355900000000702e+01
9.628531700000000626e+01
9.659772499999999695e+01
9.731115200000000698e+01
9.767569699999999955e+01
9.831403799999999649e+01
9.869995299999999361e+01
9.867131000000000540e+01
9.931232199999999466e+01
9.976461100000000215e+01
1.002373699999999985e+02
1.005966300000000047e+02
1.014545899999999961e+02
1.011007900000000035e+02
1.009277299999999968e+02
1.006276600000000059e+02
1.004880699999999933e+02
1.002795899999999989e+02
9.972543100000000038e+01
9.938531999999999300e+01
9.908861600000000180e+01
9.772652499999999520e+01
9.712883999999999673e+01
9.658392600000000527e+01
9.551453499999999508e+01
9.468762900000000116e+01
9.304256800000000283e+01
9.047754299999999716e+01
8.951346399999999903e+01
8.790399499999999477e+01
8.675714899999999830e+01
8.555115700000000345e+01
8.473593400000000031e+01
8.346575300000000652e+01
8.245032600000000400e+01
8.132583800000000451e+01
8.038428500000000554e+01
7.957138100000000236e+01
7.906215100000000007e+01
7.775070200000000398e+01
7.761849499999999580e+01
7.742853900000000067e+01
7.657203199999999299e+01
7.589189500000000521e+01
7.496694399999999803e+01
7.361880999999999631e+01
7.340183600000000297e+01
7.256678899999999999e+01
7.213908999999999594e+01
7.196542100000000630e+01
7.189168700000000456e+01
7.149252099999999643e+01
7.056376500000000362e+01
6.994045699999999499e+01
6.973540599999999756e+01
6.958870899999999438e+01
6.911376900000000489e+01
6.860488800000000253e+01
6.880919600000000003e+01
6.881617500000000121e+01
6.884098400000000595e+01
6.798654500000000667e+01
6.752411600000000647e+01
6.738193300000000363e+01
6.745506500000000472e+01
6.676848999999999990e+01
6.646519399999999678e+01
6.625117400000000600e+01
6.584202600000000416e+01
6.572309799999999314e+01
6.507436199999999360e+01
6.501754300000000342e+01
6.461443300000000534e+01
6.441391900000000703e+01
6.459523500000000240e+01
6.422558100000000536e+01
6.348290399999999778e+01
6.371491499999999775e+01
6.402587300000000425e+01
6.331570299999999918e+01
6.333445999999999998e+01
6.313963499999999840e+01
6.357593200000000166e+01
6.305627100000000240e+01
6.269842599999999777e+01
6.213621400000000250e+01
6.204102400000000017e+01
6.184099299999999744e+01
6.188447200000000237e+01
6.161337600000000236e+01
6.213389399999999796e+01
6.188744400000000212e+01
6.131237999999999744e+01
6.133545500000000317e+01
6.159137599999999679e+01
6.131007699999999971e+01
6.205003099999999705e+01
6.180686599999999942e+01
6.228492399999999662e+01
6.263589699999999993e+01
6.243699600000000061e+01
6.221329800000000176e+01
6.228492200000000167e+01
6.246026100000000270e+01
6.301023299999999949e+01
6.276674599999999771e+01
6.273910800000000165e+01
6.269494900000000115e+01
6.273314899999999739e+01
6.257278699999999816e+01
6.235058599999999984e+01
6.215577199999999891e+01
6.202949199999999763e+01
6.195739400000000074e+01
6.147376400000000274e+01
6.097008300000000247e+01
6.109597600000000028e+01
6.120644099999999810e+01
6.161771600000000149e+01
6.146937499999999943e+01
6.104829399999999850e+01
6.115663200000000188e+01
6.084773400000000265e+01
6.077631800000000339e+01
6.060761399999999810e+01
6.030837499999999807e+01
5.964686499999999825e+01
6.004866700000000179e+01
5.944966000000000150e+01
5.953947600000000051e+01
5.920165999999999684e+01
5.921456400000000286e+01
5.816211799999999954e+01
5.752828000000000230e+01
5.731136300000000006e+01
5.748714100000000116e+01
5.734339299999999895e+01
5.679542899999999861e+01
5.674440700000000248e+01
5.653757999999999839e+01
5.657637299999999669e+01
5.644776699999999892e+01
5.637544499999999914e+01
5.639016999999999769e+01
5.627549100000000237e+01
5.627395400000000336e+01
5.721907999999999817e+01
5.768322400000000272e+01
5.808247800000000183e+01
5.799739399999999989e+01
5.834517600000000215e+01
5.964876199999999784e+01
6.035635099999999653e+01
6.228394699999999773e+01
6.338147299999999973e+01
6.461875999999999465e+01
6.606057599999999752e+01
6.737337800000000243e+01
6.911656899999999837e+01
7.050021300000000224e+01
7.247399500000000216e+01
7.393805999999999301e+01
7.505297799999999597e+01
7.664708199999999749e+01
7.856421500000000435e+01
7.929294600000000059e+01
8.102672200000000657e+01
8.190977200000000380e+01
8.267647200000000396e+01
8.379648799999999653e+01
8.471760799999999847e+01
8.574940800000000252e+01
8.648940100000000086e+01
8.695598800000000494e+01
8.805021899999999846e+01
8.850079999999999814e+01
8.929239599999999655e+01
9.015833499999999390e+01
9.097795700000000352e+01
9.233732799999999941e+01
9.320676699999999926e+01
9.409477900000000261e+01
9.548963500000000693e+01
9.727841499999999542e+01
9.848336999999999364e+01
9.935068800000000522e+01
1.004741999999999962e+02
1.018690899999999999e+02
1.027443399999999940e+02
1.035689699999999931e+02
1.046859699999999975e+02
1.043888199999999955e+02
1.046527999999999992e+02
1.046261899999999940e+02
1.052610600000000005e+02
1.050915300000000059e+02
1.053032199999999960e+02
1.049996500000000026e+02
1.040941799999999944e+02
1.040651000000000010e+02
1.041173000000000002e+02
1.038742699999999957e+02
1.034479999999999933e+02
1.025669400000000024e+02
1.016123199999999969e+02
9.994983000000000573e+01
9.902032300000000475e+01
9.803781800000000146e+01
9.630158400000000540e+01
9.482916199999999662e+01
9.357976600000000644e+01
9.190582299999999805e+01
8.974964799999999343e+01
8.870238000000000511e+01
8.692213900000000137e+01
8.588001300000000526e+01
8.464831999999999823e+01
8.400289800000000184e+01
8.270945600000000297e+01
8.208589100000000371e+01
8.077508199999999761e+01
8.038716399999999851e+01
7.994652700000000323e+01
7.912016699999999503e+01
7.867746900000000210e+01
7.749382900000000518e+01
7.637045399999999518e+01
7.635750099999999918e+01
7.585621199999999931e+01
7.534798000000000684e+01
7.478705700000000434e+01
7.363279400000000408e+01
7.339142999999999972e+01
7.266354099999999505e+01
7.171042500000000075e+01
7.098049299999999562e+01
7.073342399999999941e+01
6.999836799999999926e+01
6.961869599999999991e+01
6.949301400000000228e+01
6.847635699999999304e+01
6.838343199999999911e+01
6.851646499999999662e+01
6.805645499999999970e+01
6.829758400000000051e+01
6.709224500000000546e+01
6.680708300000000577e+01
6.639530600000000504e+01
6.587267099999999687e+01
6.598519199999999785e+01
6.557239800000000685e+01
6.517502100000000098e+01
6.501781200000000638e+01
6.450314500000000351e+01
6.479447799999999802e+01
6.435133000000000436e+01
6.470778900000000533e+01
6.421601900000000285e+01
6.371743899999999883e+01
6.347633100000000184e+01
6.314468500000000262e+01
6.357823700000000144e+01
6.367766600000000210e+01
6.384658199999999795e+01
6.379135899999999992e+01
6.381278700000000015e+01
6.363808699999999874e+01
6.407934799999999598e+01
6.365202299999999980e+01
6.371112899999999968e+01
6.347205399999999997e+01
6.338971800000000201e+01
6.342152800000000212e+01
6.296679199999999810e+01
6.267991899999999816e+01
6.262504700000000213e+01
6.271505400000000208e+01
6.245406400000000247e+01
6.178442199999999929e+01
6.193969500000000039e+01
6.171653700000000242e+01
6.167757799999999690e+01
6.219098799999999727e+01
6.264937599999999662e+01
6.316557600000000150e+01
6.323079500000000053e+01
6.326456499999999750e+01
6.303016399999999919e+01
6.281622300000000081e+01
6.242794700000000319e+01
6.252069699999999841e+01
6.271261100000000255e+01
6.238256200000000007e+01
6.213617500000000149e+01
6.262042300000000239e+01
6.250618699999999706e+01
6.256623199999999940e+01
6.284027799999999786e+01
6.256924899999999923e+01
6.237192600000000198e+01
6.246443099999999760e+01
6.185177199999999686e+01
6.185054800000000341e+01
6.171433700000000044e+01
6.184369499999999675e+01
6.167560499999999735e+01
6.130697099999999722e+01
6.151688000000000045e+01
6.130925100000000327e+01
6.164630499999999813e+01
6.170473199999999991e+01
6.220609199999999817e+01
6.152021200000000078e+01
6.108653300000000286e+01
6.139447799999999944e+01
6.093159899999999851e+01
6.051235100000000244e+01
6.035685500000000303e+01
5.967990600000000256e+01
6.003682899999999734e+01
5.993369899999999717e+01
5.977401499999999857e+01
5.916565400000000352e+01
5.911540800000000218e+01
5.900152200000000136e+01
5.871862899999999996e+01
5.847736299999999687e+01
5.856056800000000351e+01
5.871605300000000227e+01
5.971332300000000259e+01
5.952494300000000038e+01
5.935637700000000194e+01
5.906786100000000062e+01
5.899410300000000262e+01
5.906080999999999648e+01
5.937568000000000268e+01
6.067842900000000128e+01
6.128038600000000002e+01
6.278069399999999689e+01
6.388583700000000221e+01
6.539030400000000043e+01
6.679991900000000271e+01
6.829472400000000221e+01
6.970399899999999604e+01
7.120544599999999491e+01
7.202958099999999320e+01
7.310810200000000236e+01
7.488713500000000067e+01
7.688818600000000458e+01
7.776949199999999962e+01
7.910879900000000475e+01
8.033495899999999779e+01
8.216552299999999320e+01
8.350184099999999887e+01
8.448287399999999536e+01
8.539688099999999338e+01
8.595995999999999526e+01
8.706071199999999521e+01
8.765512699999999313e+01
8.883389699999999323e+01
8.923577699999999879e+01
9.027584799999999632e+01
9.050805300000000386e+01
9.084673600000000704e+01
9.116850900000000024e+01
9.180575799999999731e+01
9.284248599999999385e+01
9.429659599999999386e+01
9.528528199999999515e+01
9.643325900000000672e+01
9.693773400000000606e+01
9.729392199999999491e+01
9.801135999999999626e+01
9.945599199999999485e+01
9.994020600000000343e+01
1.008584500000000048e+02
1.016652100000000019e+02
1.022706000000000017e+02
1.024964300000000037e+02
1.026894800000000032e+02
1.020470799999999940e+02
1.023654599999999988e+02
1.032573299999999961e+02
1.031799299999999988e+02
1.028539499999999975e+02
1.023624400000000065e+02
1.021253200000000021e+02
1.010854000000000070e+02
1.005309599999999932e+02
9.989860699999999838e+01
9.893698600000000454e+01
9.785230900000000531e+01
9.603669499999999459e+01
9.481904199999999605e+01
9.338943299999999681e+01
9.123502200000000073e+01
8.992653099999999711e+01
8.832105799999999363e+01
8.712284599999999557e+01
8.535283099999999479e+01
8.480190199999999834e+01
8.364956999999999709e+01
8.240739800000000059e+01
8.075029000000000678e+01
7.973538800000000037e+01
7.880928600000000017e+01
7.785444400000000087e+01
7.705538199999999449e+01
7.619202599999999848e+01
7.526904600000000300e+01
7.395586699999999780e+01
7.339774900000000457e+01
7.237891100000000222e+01
7.166479900000000214e+01
7.155832700000000557e+01
7.136288000000000409e+01
7.079261599999999532e+01
7.077964299999999298e+01
7.047662099999999441e+01
6.922736500000000603e+01
6.879448100000000466e+01
6.833249299999999948e+01
6.844655799999999601e+01
6.815719900000000564e+01
6.709698400000000618e+01
6.664847500000000480e+01
6.638154099999999858e+01
6.608119999999999550e+01
6.551809799999999484e+01
6.517072899999999436e+01
6.520730399999999349e+01
6.538786199999999837e+01
6.506360200000000304e+01
6.348869100000000287e+01
6.384510300000000171e+01
6.366458200000000289e+01
6.367412399999999906e+01
6.356346700000000283e+01
6.331368899999999655e+01
6.332133900000000182e+01
6.279648199999999747e+01
6.243453099999999978e+01
6.271713600000000355e+01
6.344799199999999928e+01
6.262152300000000338e+01
6.246567300000000245e+01
6.257288900000000353e+01
6.257979999999999876e+01
6.233058900000000335e+01
6.242062800000000067e+01
6.262863600000000019e+01
6.201377399999999795e+01
6.133999699999999677e+01
6.155880599999999703e+01
6.199512399999999701e+01
6.187845599999999990e+01
6.163557699999999784e+01
6.160461099999999846e+01
6.253334699999999913e+01
6.264293500000000137e+01
6.256945999999999941e+01
6.233639099999999900e+01
6.254831399999999775e+01
6.267069000000000045e+01
6.283154900000000254e+01
6.297010900000000078e+01
6.317003700000000066e+01
6.375772099999999654e+01
6.338289999999999935e+01
6.344404200000000316e+01
6.376869800000000055e+01
6.334257999999999811e+01
6.378649800000000170e+01
6.324432000000000187e+01
6.326729000000000269e+01
6.357888799999999918e+01
6.396383999999999759e+01
6.359365400000000079e+01
6.334926200000000307e+01
6.367745000000000033e+01
6.302670200000000023e+01
6.297218399999999860e+01
6.257203400000000215e+01
6.240424699999999802e+01
6.285535699999999792e+01
6.276613600000000304e+01
6.279085100000000352e+01
6.233957399999999893e+01
6.189200600000000208e+01
6.175966700000000031e+01
6.216387399999999985e+01
6.199732099999999946e+01
6.202869299999999697e+01
6.132625399999999871e+01
6.103693100000000271e+01
6.126270900000000097e+01
6.192933099999999769e+01
6.191067199999999815e+01
6.190723500000000001e+01
6.184933999999999799e+01
6.170729899999999901e+01
6.116724200000000167e+01
6.131326299999999918e+01
6.158232300000000237e+01
6.159066299999999927e+01
6.090629400000000260e+01
6.074885199999999941e+01
6.036402199999999851e+01
6.012419899999999728e+01
5.960221500000000106e+01
5.897161299999999784e+01
5.961338800000000049e+01
5.985895699999999664e+01
5.985183099999999712e+01
5.996072399999999902e+01
6.009839300000000151e+01
5.931098699999999724e+01
5.929339900000000085e+01
5.921356099999999856e+01
6.002906099999999867e+01
6.023195599999999672e+01
6.074324800000000124e+01
6.115182500000000232e+01
6.199709699999999657e+01
6.329609500000000111e+01
6.426415000000000077e+01
6.531636500000000467e+01
6.670968200000000081e+01
6.786345500000000186e+01
6.919998599999999556e+01
7.065046100000000706e+01
7.220431899999999814e+01
7.296279699999999480e+01
7.395504200000000594e+01
7.450816799999999773e+01
7.560504699999999900e+01
7.676618799999999965e+01
7.817791699999999366e+01
7.881307900000000188e+01
8.046974000000000160e+01
8.095256999999999437e+01
8.131065499999999702e+01
8.175790700000000299e+01
8.243166399999999783e+01
8.282714699999999652e+01
8.309470100000000059e+01
8.389247400000000709e+01
8.345098299999999369e+01
8.448640100000000075e+01
8.509256799999999998e+01
8.586417799999999545e+01
8.629387099999999577e+01
8.720031099999999924e+01
8.760487299999999777e+01
8.830102100000000576e+01
8.898624100000000681e+01
8.969859399999999994e+01
8.980055699999999774e+01
9.095891699999999958e+01
9.135193200000000502e+01
9.094832900000000109e+01
9.203775100000000009e+01
9.173211799999999982e+01
9.210573899999999981e+01
9.208350799999999481e+01
9.176769500000000335e+01
9.156217100000000642e+01
9.239893800000000113e+01
9.222305699999999717e+01
9.154304299999999728e+01
9.100477300000000014e+01
9.010899899999999718e+01
8.961690299999999354e+01
8.971137899999999377e+01
8.897974100000000419e+01
8.801708100000000456e+01
8.724700199999999484e+01
8.659294699999999523e+01
8.546412100000000578e+01
8.429316099999999778e+01
8.349223200000000134e+01
8.228865600000000313e+01
8.170345199999999863e+01
8.132206200000000251e+01
8.029195099999999741e+01
7.959576599999999758e+01
7.958328000000000202e+01
7.819545899999999961e+01
7.714979499999999746e+01
7.687391800000000330e+01
7.626109200000000499e+01
7.563082699999999647e+01
7.509168999999999983e+01
7.483573800000000631e+01
7.461492499999999950e+01
7.395504900000000248e+01
7.347274799999999573e+01
7.324625299999999584e+01
7.295825499999999408e+01
7.246145400000000336e+01
7.200519599999999798e+01
7.083654199999999435e+01
7.087032399999999654e+01
7.024887999999999977e+01
6.928272900000000334e+01
6.886772999999999456e+01
6.782181199999999421e+01
6.769662900000000150e+01
6.821593099999999765e+01
6.721596599999999455e+01
6.695960200000000384e+01
6.756489999999999441e+01
6.634635699999999758e+01
6.565659800000000246e+01
6.511946500000000526e+01
6.499887800000000482e+01
6.449665799999999649e+01
6.449036800000000369e+01
6.390138400000000019e+01
6.336839400000000211e+01
6.350925500000000312e+01
6.317186900000000094e+01
6.330995300000000015e+01
6.289287099999999953e+01
6.259408299999999770e+01
6.248989699999999914e+01
6.211475599999999986e+01
6.169432199999999966e+01
6.068204999999999671e+01
6.043660599999999761e+01
6.023051099999999991e+01
5.995949600000000146e+01
6.080295900000000131e+01
6.058859600000000256e+01
6.076874999999999716e+01
6.099575800000000214e+01
6.122189900000000051e+01
6.043986400000000003e+01
6.067521800000000098e+01
6.072966600000000170e+01
6.032230200000000053e+01
6.008455399999999713e+01
6.032013500000000050e+01
6.024381100000000089e+01
6.038057100000000332e+01
6.032214100000000201e+01
6.043897700000000128e+01
6.054668099999999953e+01
6.096747599999999778e+01
6.026871200000000073e+01
5.975377399999999994e+01
5.977781300000000186e+01
5.993079800000000290e+01
5.999383300000000219e+01
6.039737499999999670e+01
6.071046799999999877e+01
6.034831700000000154e+01
6.049851699999999965e+01
6.057112399999999752e+01
6.025945600000000013e+01
6.029896999999999707e+01
6.064991299999999796e+01
5.983050500000000227e+01
6.019858500000000134e+01
6.074319500000000005e+01
6.125843100000000163e+01
6.097558899999999937e+01
6.093549399999999849e+01
6.108857499999999874e+01
6.079437399999999769e+01
6.101780000000000115e+01
6.064717999999999876e+01
5.994564400000000148e+01
5.992753400000000141e+01
5.995797900000000169e+01
5.982912100000000066e+01
6.004075399999999973e+01
6.040242599999999840e+01
6.014202600000000132e+01
6.041425100000000015e+01
6.024342399999999742e+01
6.041983199999999954e+01
6.026148700000000247e+01
5.960235999999999734e+01
5.924248899999999907e+01
5.873649199999999837e+01
5.876059899999999914e+01
5.864480600000000265e+01
5.821696099999999774e+01
5.807702100000000200e+01
5.783792100000000147e+01
5.873893699999999995e+01
5.790726699999999738e+01
5.766140699999999697e+01
5.732474400000000259e+01
5.725598800000000210e+01
5.744542899999999719e+01
5.814060200000000123e+01
5.824605100000000135e+01
5.792999400000000065e+01
5.836855599999999811e+01
5.903867699999999985e+01
5.991310000000000002e+01
6.005899900000000002e+01
6.085269900000000121e+01
6.114619100000000174e+01
6.201483199999999840e+01
6.252722299999999933e+01
6.387404800000000193e+01
6.513381300000000351e+01
6.588471499999999992e+01
6.697635800000000472e+01
6.797012900000000002e+01
6.989463800000000049e+01
7.161491100000000642e+01
7.223858500000000049e+01
7.287918799999999919e+01
7.353771399999999403e+01
7.489600000000000080e+01
7.585364400000000273e+01
7.668904499999999302e+01
7.757314100000000678e+01
7.880063400000000229e+01
8.027937199999999507e+01
8.074121399999999937e+01
8.100584999999999525e+01
8.164875600000000588e+01
8.149960799999999495e+01
8.156600899999999399e+01
8.221370400000000700e+01
8.304682400000000086e+01
8.391066700000000367e+01
8.429422099999999318e+01
8.548938800000000526e+01
8.633168600000000481e+01
8.649490699999999777e+01
8.686462600000000123e+01
8.815904000000000451e+01
8.903847000000000378e+01
8.985760399999999493e+01
9.062410199999999350e+01
9.153393599999999708e+01
9.170506399999999303e+01
9.259823299999999335e+01
9.332076800000000105e+01
9.383873300000000484e+01
9.400160900000000197e+01
9.383054500000000075e+01
9.369175599999999804e+01
9.378026300000000504e+01
9.297926800000000469e+01
9.329056300000000590e+01
9.269640200000000618e+01
9.195250199999999552e+01
9.269473299999999938e+01
9.213360799999999529e+01
9.159569100000000219e+01
9.060483399999999676e+01
9.038590499999999395e+01
8.925358199999999442e+01
8.783870299999999531e+01
8.677965199999999868e+01
8.647453899999999294e+01
8.517806099999999958e+01
8.385855599999999299e+01
8.230682299999999429e+01
8.186791999999999803e+01
8.103216999999999359e+01
8.089438499999999976e+01
8.004878700000000435e+01
7.905675800000000208e+01
7.889646299999999712e+01
7.797614099999999837e+01
7.698057199999999511e+01
7.615046100000000706e+01
7.582511999999999830e+01
7.541808299999999576e+01
7.377879299999999319e+01
7.375763700000000256e+01
7.335454000000000008e+01
7.346661600000000192e+01
7.237158399999999858e+01
7.225701300000000060e+01
7.103219400000000405e+01
7.020835999999999899e+01
6.979332899999999995e+01
6.976389199999999846e+01
6.954033800000000554e+01
6.845909699999999987e+01
6.788226600000000133e+01
6.762738000000000227e+01
6.749546399999999835e+01
6.696606500000000040e+01
6.683300400000000252e+01
6.647693700000000661e+01
6.659983599999999626e+01
6.596545100000000161e+01
6.594855499999999893e+01
6.541434099999999319e+01
6.489599499999999921e+01
6.447139500000000112e+01
6.472559599999999591e+01
6.395904300000000120e+01
6.368251200000000267e+01
6.386452899999999744e+01
6.330988599999999877e+01
6.277320499999999726e+01
6.256025199999999842e+01
6.266024699999999825e+01
6.230896299999999854e+01
6.256689399999999779e+01
6.258261999999999858e+01
6.304530799999999857e+01
6.259314899999999682e+01
6.299813199999999824e+01
6.293278600000000012e+01
6.237527500000000202e+01
6.219089400000000012e+01
6.250293400000000332e+01
6.210235300000000080e+01
6.128292900000000287e+01
6.110067000000000093e+01
6.096398899999999799e+01
6.135470200000000318e+01
6.139763899999999808e+01
6.120414999999999850e+01
6.095255900000000082e+01
6.141903400000000346e+01
6.154053900000000255e+01
6.150919199999999876e+01
6.130854599999999976e+01
6.125519899999999751e+01
6.107115799999999695e+01
6.112518399999999730e+01
6.115066900000000061e+01
6.084310800000000086e+01
6.078044700000000233e+01
6.084907100000000213e+01
6.058934800000000109e+01
6.114636300000000091e+01
6.131556700000000149e+01
6.100218199999999769e+01
6.085459500000000332e+01
6.045454399999999850e+01
5.976340700000000083e+01
5.957869199999999665e+01
5.880053699999999850e+01
5.866502499999999998e+01
5.814787400000000162e+01
5.859936400000000134e+01
5.872211999999999676e+01
5.819087300000000340e+01
5.816109500000000310e+01
5.840031900000000320e+01
5.846080899999999758e+01
5.814063699999999812e+01
5.743036000000000030e+01
5.708222899999999811e+01
5.675888700000000142e+01
5.669552300000000145e+01
5.610619599999999707e+01
5.574719900000000194e+01
5.524893900000000002e+01
5.481272200000000083e+01
5.473109699999999833e+01
5.399397400000000147e+01
5.399328700000000225e+01
5.414187900000000297e+01
5.436676099999999678e+01
5.426618400000000264e+01
5.483578099999999722e+01
5.545911499999999705e+01
5.538661599999999652e+01
5.468119500000000244e+01
5.429816199999999782e+01
5.458476199999999778e+01
5.503896999999999906e+01
5.516145399999999910e+01
5.466981400000000235e+01
5.482611200000000196e+01
5.485844099999999912e+01
5.520125900000000030e+01
5.570487200000000172e+01
5.660676300000000083e+01
5.743253800000000098e+01
5.889038500000000198e+01
6.010419600000000173e+01
6.120706700000000211e+01
6.283620200000000011e+01
6.444507299999999361e+01
6.539253800000000183e+01
6.687287000000000603e+01
6.750592600000000232e+01
6.889311999999999614e+01
7.052493599999999674e+01
7.236501599999999712e+01
7.389177999999999713e+01
7.519444799999999418e+01
7.680136299999999494e+01
7.796743800000000135e+01
7.867853599999999403e+01
7.998127599999999404e+01
8.046020900000000609e+01
8.125564699999999618e+01
8.186233300000000668e+01
8.251968999999999710e+01
8.329313399999999490e+01
8.438850399999999752e+01
8.497348399999999913e+01
8.644189599999999984e+01
8.676395999999999731e+01
8.765763200000000666e+01
8.859071500000000299e+01
8.956695399999999552e+01
8.959883100000000411e+01
9.071215100000000575e+01
9.149919699999999523e+01
9.185590299999999786e+01
9.241763400000000672e+01
9.291327499999999873e+01
9.252929500000000473e+01
9.276954800000000034e+01
9.352366399999999658e+01
9.343544400000000394e+01
9.423041800000000023e+01
9.509076399999999296e+01
9.523428599999999733e+01
9.477343999999999369e+01
9.490101099999999690e+01
9.490762200000000348e+01
9.462871400000000222e+01
9.486316200000000265e+01
9.446007699999999829e+01
9.386248399999999492e+01
9.265974900000000503e+01
9.209521100000000615e+01
9.116612700000000302e+01
9.003970499999999788e+01
8.863820499999999925e+01
8.671290000000000475e+01
8.597784299999999291e+01
8.483257999999999299e+01
8.321442600000000311e+01
8.218803699999999424e+01
8.122795600000000604e+01
7.979815899999999829e+01
7.829373999999999967e+01
7.762079500000000110e+01
7.690810700000000111e+01
7.538090699999999345e+01
7.454908700000000010e+01
7.393456899999999621e+01
7.284939500000000123e+01
7.184805900000000634e+01
7.142859400000000392e+01
7.077648399999999640e+01
7.014697599999999511e+01
6.937084400000000528e+01
6.842594400000000121e+01
6.829045000000000698e+01
6.701062600000000202e+01
6.665590799999999660e+01
6.642552000000000589e+01
6.599132400000000587e+01
6.583176199999999767e+01
6.614815199999999606e+01
6.600663600000000031e+01
6.551974900000000446e+01
6.462838299999999947e+01
6.479624900000000309e+01
6.430543799999999521e+01
6.419757500000000050e+01
6.393006100000000202e+01
6.393310499999999763e+01
6.350369599999999792e+01
6.282922700000000304e+01
6.240399500000000188e+01
6.216035500000000269e+01
6.209743000000000279e+01
6.219487600000000072e+01
6.210198799999999864e+01
6.218142300000000233e+01
6.173448299999999733e+01
6.134574400000000338e+01
6.198507599999999940e+01
6.258573799999999920e+01
6.230908000000000158e+01
6.212781400000000076e+01
6.176017800000000335e+01
6.158328199999999697e+01
6.173248000000000246e+01
6.110734899999999925e+01
6.131215499999999707e+01
6.155367300000000341e+01
6.133654400000000351e+01
6.131451599999999758e+01
6.125030199999999780e+01
6.138755799999999851e+01
6.088026500000000141e+01
6.105661400000000327e+01
6.157677600000000240e+01
6.136166000000000054e+01
6.097876800000000230e+01
6.166611000000000331e+01
6.175041399999999925e+01
6.114797399999999783e+01
6.095705000000000240e+01
6.096978000000000009e+01
6.091234399999999738e+01
6.091958600000000246e+01
6.095172600000000074e+01
6.062814199999999687e+01
6.086588700000000074e+01
6.066630700000000331e+01
6.097505300000000261e+01
6.054431799999999697e+01
6.045711399999999713e+01
6.021159300000000059e+01
6.087725900000000223e+01
6.109450300000000311e+01
6.127677099999999655e+01
6.164962400000000287e+01
6.120420099999999763e+01
6.081558700000000073e+01
6.051724600000000009e+01
6.089183599999999785e+01
6.120605299999999716e+01
6.088380399999999781e+01
6.111810899999999691e+01
6.099920199999999681e+01
6.090882100000000321e+01
6.084603599999999801e+01
6.082806000000000068e+01
6.101277100000000075e+01
6.114219299999999890e+01
6.103122900000000328e+01
6.080039599999999922e+01
6.123598299999999739e+01
6.156655399999999645e+01
6.167941400000000129e+01
6.201283200000000306e+01
6.127783199999999653e+01
6.174650900000000320e+01
6.099239899999999892e+01
6.065624100000000141e+01
6.031163699999999750e+01
6.038995400000000302e+01
5.985209700000000055e+01
5.975787700000000058e+01
5.970062000000000069e+01
5.938587199999999910e+01
5.928727099999999695e+01
5.909865599999999830e+01
5.959741000000000355e+01
5.890809200000000345e+01
5.879380799999999851e+01
5.920067199999999730e+01
5.952958100000000030e+01
5.922418499999999852e+01
5.993575200000000081e+01
5.976586499999999802e+01
5.973613100000000031e+01
5.961804500000000218e+01
5.976891299999999774e+01
6.022217899999999702e+01
6.080970899999999801e+01
6.186134899999999703e+01
6.294409600000000182e+01
6.406922600000000045e+01
6.525237500000000068e+01
6.663217199999999707e+01
6.806972500000000537e+01
6.956701499999999783e+01
7.100900599999999940e+01
7.282669799999999327e+01
7.426684199999999691e+01
7.519764600000000598e+01
7.707446500000000356e+01
7.832414799999999389e+01
7.925288600000000372e+01
8.099027599999999438e+01
8.214529000000000281e+01
8.269765700000000663e+01
8.432625299999999413e+01
8.494155200000000150e+01
8.596284300000000655e+01
8.668510999999999456e+01
8.719711200000000417e+01
8.775299300000000358e+01
8.813124899999999684e+01
8.886916600000000699e+01
8.988263700000000256e+01
9.099995099999999582e+01
9.155612200000000200e+01
9.276603900000000635e+01
9.388164700000000096e+01
9.507343500000000347e+01
9.545550500000000227e+01
9.653816700000000139e+01
9.726824799999999982e+01
9.840136599999999589e+01
9.908113400000000581e+01
1.000986800000000017e+02
1.009495500000000021e+02
1.015376399999999961e+02
1.018169400000000024e+02
1.023267599999999931e+02
1.024855100000000050e+02
1.027174499999999995e+02
1.030499200000000002e+02
1.029210300000000018e+02
1.030713300000000032e+02
1.029866899999999958e+02
1.031596899999999977e+02
1.026113399999999984e+02
1.029957100000000025e+02
1.026492700000000013e+02
1.013766600000000011e+02
1.008846300000000014e+02
9.988633900000000665e+01
9.800485999999999365e+01
9.706986899999999707e+01
9.600686799999999721e+01
9.449219499999999528e+01
9.333695099999999911e+01
9.169689400000000035e+01
9.000063799999999503e+01
8.895129099999999767e+01
8.738677300000000514e+01
8.636314699999999789e+01
8.517742300000000455e+01
8.384722299999999962e+01
8.233755100000000482e+01
8.158934200000000203e+01
8.001595399999999358e+01
7.941954699999999434e+01
7.837163200000000529e+01
7.731657500000000027e+01
7.682109499999999969e+01
7.571168900000000690e+01
7.498984000000000094e+01
7.409599400000000458e+01
7.352404699999999593e+01
7.296732000000000085e+01
7.240713999999999828e+01
7.214229400000000680e+01
7.179534999999999911e+01
7.177238400000000240e+01
7.137507100000000548e+01
7.083568800000000465e+01
7.048314100000000337e+01
6.969828499999999849e+01
6.911585800000000290e+01
6.800688700000000608e+01
6.753226100000000542e+01
6.659458899999999915e+01
6.610185799999999290e+01
6.615357199999999693e+01
6.597512299999999641e+01
6.583586699999999325e+01
6.596666299999999694e+01
6.473024499999999648e+01
6.474032800000000520e+01
6.471394999999999698e+01
6.462946800000000280e+01
6.430410399999999527e+01
6.392770399999999853e+01
6.363504199999999855e+01
6.343544299999999936e+01
6.319111500000000348e+01
6.322612399999999866e+01
6.314495500000000305e+01
6.327797499999999786e+01
6.315593100000000248e+01
6.243863499999999789e+01
6.244196300000000122e+01
6.245362899999999939e+01
6.290187399999999940e+01
6.300613500000000045e+01
6.258633999999999986e+01
6.276115399999999767e+01
6.273778999999999684e+01
6.299452200000000346e+01
6.319469099999999884e+01
6.341889799999999866e+01
6.309610599999999891e+01
6.325146099999999905e+01
6.267172300000000007e+01
6.225140600000000290e+01
6.236555899999999752e+01
6.251628199999999680e+01
6.226419899999999785e+01
6.241477799999999831e+01
6.160387800000000169e+01
6.260220499999999788e+01
6.170478800000000064e+01
6.162210499999999769e+01
6.183235700000000179e+01
6.141774600000000106e+01
6.174462799999999874e+01
6.121163399999999655e+01
6.070712199999999825e+01
6.064623300000000228e+01
6.044521600000000205e+01
6.059515199999999879e+01
6.006663600000000258e+01
6.073764500000000055e+01
6.099676500000000345e+01
6.091781199999999785e+01
6.112095399999999756e+01
6.055451800000000162e+01
6.024036199999999752e+01
6.009140299999999968e+01
5.950930600000000226e+01
5.939169400000000110e+01
5.924675200000000075e+01
5.958979200000000276e+01
5.941410100000000227e+01
5.959036799999999801e+01
5.953212400000000315e+01
5.919015900000000130e+01
5.902568500000000284e+01
5.946315200000000090e+01
5.916418800000000289e+01
5.859756200000000348e+01
5.842222600000000199e+01
5.811521499999999918e+01
5.757424999999999926e+01
5.685891500000000320e+01
5.633919000000000210e+01
5.656489100000000292e+01
5.583287700000000342e+01
5.535937899999999701e+01
5.436924700000000144e+01
5.444500299999999982e+01
5.430832800000000304e+01
5.381236499999999978e+01
5.401899800000000340e+01
5.448474999999999824e+01
5.424580000000000268e+01
5.359108799999999917e+01
5.349513900000000177e+01
5.398276100000000355e+01
5.379343099999999822e+01
5.426934700000000333e+01
5.422604499999999916e+01
5.469710500000000053e+01
5.458472900000000294e+01
5.559116000000000213e+01
5.687586100000000044e+01
5.682538699999999920e+01
5.801099399999999662e+01
5.951732799999999912e+01
6.094185600000000136e+01
6.240087700000000126e+01
6.398663100000000270e+01
6.576481499999999869e+01
6.736537500000000023e+01
6.884014000000000522e+01
7.019768600000000447e+01
7.117740600000000484e+01
7.235999499999999784e+01
7.467075800000000640e+01
7.721299199999999985e+01
7.874782899999999586e+01
7.955472299999999564e+01
8.100038499999999431e+01
8.251167999999999836e+01
8.322150600000000509e+01
8.351832000000000278e+01
8.418225800000000447e+01
8.539666300000000376e+01
8.616985699999999326e+01
8.671439300000000117e+01
8.698666400000000465e+01
8.830769200000000296e+01
8.985082699999999534e+01
9.094457300000000544e+01
9.185433199999999943e+01
9.324912399999999479e+01
9.410881999999999437e+01
9.442924100000000465e+01
9.565724299999999403e+01
9.672028500000000406e+01
9.762337100000000589e+01
9.841131599999999935e+01
9.882676899999999875e+01
1.004992199999999940e+02
1.004373899999999935e+02
1.006646400000000057e+02
1.013131400000000042e+02
1.021814600000000013e+02
1.023128399999999942e+02
1.022649799999999942e+02
1.025877200000000045e+02
1.021560099999999949e+02
1.019318099999999987e+02
1.018976399999999956e+02
1.016618600000000043e+02
1.008747500000000059e+02
9.975171000000000276e+01
1.003068399999999940e+02
9.972259599999999580e+01
9.849832200000000171e+01
9.729355499999999779e+01
9.626155599999999879e+01
9.466097100000000353e+01
9.301038800000000606e+01
9.163085700000000600e+01
8.991145299999999452e+01
8.800300300000000675e+01
8.732197899999999890e+01
8.603117899999999452e+01
8.394620700000000113e+01
8.251378200000000618e+01
8.181135899999999594e+01
8.056050500000000625e+01
7.968394100000000435e+01
7.840859600000000285e+01
7.737234200000000328e+01
7.700527099999999336e+01
7.680522899999999709e+01
7.644204600000000482e+01
7.614773800000000392e+01
7.556418200000000240e+01
7.547429700000000707e+01
7.480289899999999648e+01
7.399696099999999888e+01
7.385411499999999307e+01
7.285011799999999482e+01
7.266621299999999906e+01
7.234377499999999372e+01
7.288020699999999863e+01
7.218704599999999516e+01
7.153054000000000201e+01
7.091495299999999702e+01
7.073727100000000689e+01
7.002724200000000110e+01
6.917128399999999999e+01
6.872211699999999723e+01
6.872126000000000090e+01
6.811430300000000670e+01
6.795808399999999949e+01
6.737698899999999469e+01
6.739686000000000377e+01
6.695501000000000147e+01
6.653927299999999434e+01
6.600648099999999374e+01
6.630962499999999693e+01
6.642416699999999707e+01
6.683831600000000606e+01
6.675603800000000376e+01
6.625860500000000286e+01
6.672674700000000314e+01
6.741853700000000060e+01
6.740633400000000108e+01
6.755843199999999626e+01
6.732539300000000537e+01
6.736446100000000570e+01
6.744163199999999847e+01
6.739277500000000032e+01
6.765553800000000706e+01
6.714002100000000439e+01
6.731524899999999434e+01
6.725724099999999339e+01
6.752060299999999415e+01
6.681633800000000178e+01
6.713922499999999616e+01
6.714318299999999340e+01
6.749911500000000331e+01
6.774146100000000104e+01
6.782411299999999699e+01
6.739608800000000599e+01
6.699869800000000453e+01
6.598060200000000464e+01
6.616738800000000253e+01
6.614433999999999969e+01
6.583750899999999717e+01
6.589637399999999445e+01
6.619732799999999884e+01
6.674190000000000111e+01
6.595627199999999846e+01
6.610141600000000039e+01
6.539897100000000307e+01
6.539548899999999776e+01
6.598143500000000472e+01
6.624390800000000468e+01
6.634975900000000593e+01
6.680127600000000143e+01
6.688503199999999538e+01
6.696193499999999688e+01
6.642029599999999334e+01
6.684637100000000487e+01
6.665089799999999798e+01
6.647443699999999467e+01
6.613382799999999406e+01
6.659778500000000179e+01
6.640080899999999531e+01
6.659849499999999978e+01
6.643868600000000413e+01
6.615995700000000568e+01
6.539338200000000256e+01
6.546760799999999847e+01
6.532267799999999625e+01
6.480944300000000169e+01
6.394825099999999907e+01
6.369156600000000168e+01
6.324764400000000109e+01
6.267157499999999715e+01
6.230558299999999861e+01
6.207994200000000262e+01
6.258160000000000167e+01
6.252053999999999689e+01
6.249454200000000270e+01
6.236742699999999928e+01
6.245777799999999758e+01
6.146069500000000119e+01
6.128182300000000282e+01
6.140879699999999985e+01
6.088845799999999997e+01
6.056711399999999657e+01
5.963299299999999903e+01
5.892304899999999890e+01
5.872627200000000158e+01
5.873252899999999954e+01
5.957562699999999722e+01
5.919935000000000258e+01
5.870163000000000153e+01
5.860247100000000131e+01
5.848826600000000298e+01
5.834749399999999753e+01
5.881231799999999765e+01
5.979294999999999760e+01
6.030013300000000243e+01
6.114401699999999806e+01
6.217757499999999737e+01
6.282857500000000073e+01
6.426025500000000079e+01
6.495187400000000366e+01
6.622240299999999991e+01
6.773365699999999379e+01
6.925775199999999643e+01
7.128452000000000055e+01
7.240363600000000588e+01
7.413485000000000014e+01
7.534411799999999459e+01
7.689651700000000289e+01
7.875166500000000269e+01
8.068287899999999979e+01
8.183708000000000027e+01
8.236894599999999400e+01
8.343009600000000603e+01
8.522701600000000610e+01
8.628452599999999961e+01
8.672361499999999523e+01
8.696788899999999956e+01
8.770606800000000192e+01
8.876759599999999750e+01
8.987352300000000582e+01
9.100244899999999859e+01
9.122382799999999747e+01
9.203549099999999328e+01
9.215755199999999547e+01
9.249574699999999439e+01
9.293541999999999348e+01
9.376808499999999924e+01
9.411004800000000614e+01
9.521029299999999296e+01
9.622324299999999653e+01
9.688660600000000045e+01
9.711699199999999621e+01
9.776199499999999887e+01
9.882979400000000680e+01
9.995205699999999638e+01
1.006282300000000021e+02
1.014799900000000008e+02
1.013735599999999977e+02
1.016474800000000016e+02
1.020512200000000007e+02
1.020619300000000038e+02
1.021758899999999954e+02
1.020695999999999941e+02
1.019775499999999937e+02
1.006887700000000052e+02
1.003320700000000016e+02
1.003897900000000050e+02
9.919042600000000220e+01
9.853516899999999623e+01
9.752970600000000445e+01
9.718901599999999519e+01
9.618307000000000073e+01
9.487078999999999951e+01
9.333357800000000282e+01
9.133224599999999782e+01
9.041045800000000554e+01
8.853823199999999360e+01
8.777920500000000459e+01
8.630599499999999580e+01
8.443733500000000447e+01
8.375233599999999967e+01
8.255437200000000075e+01
8.181080599999999947e+01
8.049892499999999984e+01
7.915646200000000476e+01
7.806316400000000044e+01
7.764025800000000288e+01
7.660765899999999817e+01
7.594446800000000053e+01
7.523873500000000547e+01
7.434135299999999802e+01
7.422594200000000342e+01
7.396945399999999893e+01
7.332954599999999346e+01
7.330727199999999755e+01
7.314716400000000363e+01
7.346089100000000371e+01
7.338283400000000256e+01
7.343823600000000340e+01
7.362085500000000593e+01
7.310227299999999673e+01
7.236171600000000126e+01
7.268844099999999742e+01
7.183196399999999926e+01
7.128212700000000268e+01
7.094892400000000521e+01
7.090069200000000649e+01
7.040876699999999744e+01
7.043668599999999458e+01
7.033326999999999884e+01
7.069872499999999604e+01
7.048881599999999992e+01
7.070269700000000057e+01
7.039649400000000412e+01
7.036130300000000659e+01
7.113612899999999684e+01
7.133362700000000700e+01
7.056280599999999481e+01
7.083075499999999636e+01
7.036094699999999591e+01
7.000711499999999887e+01
6.948877000000000237e+01
6.953510699999999645e+01
6.954303500000000327e+01
6.961989199999999300e+01
6.947819300000000453e+01
6.905423299999999642e+01
6.963429600000000619e+01
6.919805800000000318e+01
6.893066399999999305e+01
6.867588100000000395e+01
6.800414600000000576e+01
6.818130299999999977e+01
6.774012600000000361e+01
6.784176100000000531e+01
6.792478800000000660e+01
6.765937200000000473e+01
6.807717499999999688e+01
6.904246100000000297e+01
6.861698499999999967e+01
6.835116200000000219e+01
6.781654899999999486e+01
6.742097300000000359e+01
6.760465000000000657e+01
6.804194099999999423e+01
6.823563799999999446e+01
6.774548500000000217e+01
6.744857199999999864e+01
6.736455499999999574e+01
6.745320200000000455e+01
6.710240000000000293e+01
6.759120900000000631e+01
6.789494100000000287e+01
6.753487800000000618e+01
6.754225800000000390e+01
6.832716100000000381e+01
6.806155499999999847e+01
6.777559200000000317e+01
6.707516699999999332e+01
6.690006200000000547e+01
6.654282499999999345e+01
6.603758799999999951e+01
6.587718200000000479e+01
6.545640099999999961e+01
6.523231900000000394e+01
6.441683500000000606e+01
6.378796400000000233e+01
6.310709099999999694e+01
6.358955100000000016e+01
6.361616399999999771e+01
6.375625800000000254e+01
6.381672900000000226e+01
6.355737400000000292e+01
6.295774600000000021e+01
6.274056000000000211e+01
6.297835200000000100e+01
6.318981000000000137e+01
6.320707399999999865e+01
6.212552699999999817e+01
6.251087700000000069e+01
6.207616600000000062e+01
6.199512699999999654e+01
6.180643400000000298e+01
6.156216799999999978e+01
6.171202399999999955e+01
6.155204499999999967e+01
6.140393999999999863e+01
6.118994399999999700e+01
6.049134200000000305e+01
6.000381099999999890e+01
6.029655199999999837e+01
6.000872300000000337e+01
6.031368700000000160e+01
6.046836700000000064e+01
6.044625299999999868e+01
6.003818100000000157e+01
5.993179899999999805e+01
6.003850299999999862e+01
5.974463599999999985e+01
5.957693700000000092e+01
5.970473700000000150e+01
6.030855100000000135e+01
6.068128000000000100e+01
6.136547300000000149e+01
6.256041100000000199e+01
6.398417200000000093e+01
6.480313200000000506e+01
6.576523299999999495e+01
6.699557000000000073e+01
6.915752399999999511e+01
6.967937700000000234e+01
7.081333300000000008e+01
7.193479899999999816e+01
7.346252699999999436e+01
7.432157599999999320e+01
7.604746600000000001e+01
7.749876600000000337e+01
7.823248999999999853e+01
7.957671200000000056e+01
8.058652899999999875e+01
8.103891400000000544e+01
8.154436900000000321e+01
8.251061900000000549e+01
8.330100699999999847e+01
8.414707300000000600e+01
8.481074499999999716e+01
8.486357300000000237e+01
8.535831100000000049e+01
8.577541100000000540e+01
8.686056299999999908e+01
8.743130399999999725e+01
8.866723899999999503e+01
8.932582899999999881e+01
8.986421699999999646e+01
9.038387500000000330e+01
9.104317799999999750e+01
9.212564899999999568e+01
9.287840099999999666e+01
9.385922600000000671e+01
9.476344899999999427e+01
9.506153500000000633e+01
9.485760199999999998e+01
9.551094299999999748e+01
9.606756099999999776e+01
9.602328799999999376e+01
9.518010700000000668e+01
9.518407000000000551e+01
9.468015200000000675e+01
9.438552199999999459e+01
9.467095199999999977e+01
9.414000400000000468e+01
9.353992200000000423e+01
9.298270999999999731e+01
9.162697300000000666e+01
9.059568299999999397e+01
8.927140699999999640e+01
8.840109200000000556e+01
8.687347200000000669e+01
8.631372299999999598e+01
8.555193300000000534e+01
8.442731700000000217e+01
8.373680299999999477e+01
8.339752500000000168e+01
8.303052900000000136e+01
8.174156700000000342e+01
8.147895699999999408e+01
8.050012200000000462e+01
7.971982300000000521e+01
7.940786300000000608e+01
7.845020399999999938e+01
7.701110099999999647e+01
7.693703399999999704e+01
7.656430600000000197e+01
7.540154800000000535e+01
7.499112200000000428e+01
7.410757900000000120e+01
7.326323999999999614e+01
7.298985000000000412e+01
7.303818499999999858e+01
7.206060999999999694e+01
7.177654699999999366e+01
7.105755100000000368e+01
7.034468099999999424e+01
6.983482399999999757e+01
6.941077500000000100e+01
6.920029999999999859e+01
6.880033199999999738e+01
6.820496900000000551e+01
6.758323599999999942e+01
6.695283799999999985e+01
6.655843099999999879e+01
6.620100700000000415e+01
6.594334000000000628e+01
6.590855399999999520e+01
6.523210199999999759e+01
6.481131200000000092e+01
6.445532400000000450e+01
6.415719699999999648e+01
6.336377699999999891e+01
6.390321800000000252e+01
6.360746499999999770e+01
6.361460199999999787e+01
6.323950399999999661e+01
6.259239300000000128e+01
6.243596600000000052e+01
6.247249899999999911e+01
6.180595900000000142e+01
6.132274300000000267e+01
6.128219200000000200e+01
6.071689599999999842e+01
6.040974400000000344e+01
6.036137399999999786e+01
6.049124900000000338e+01
5.981083900000000142e+01
5.914837800000000101e+01
5.913355599999999868e+01
5.951421100000000308e+01
5.929509000000000185e+01
5.944440199999999663e+01
5.937916299999999836e+01
5.886848100000000272e+01
5.955399700000000252e+01
5.944162399999999735e+01
5.940534300000000201e+01
5.945634499999999889e+01
5.935280800000000312e+01
5.937366399999999800e+01
5.997245699999999857e+01
6.034068500000000057e+01
6.004941000000000173e+01
6.028345900000000057e+01
5.984348599999999863e+01
6.023918799999999862e+01
6.006076600000000099e+01
6.064348300000000336e+01
6.081144700000000114e+01
6.096384299999999712e+01
6.088584600000000080e+01
6.028778899999999652e+01
6.021728399999999937e+01
6.013907499999999828e+01
5.923980699999999899e+01
5.945709899999999948e+01
5.962696300000000349e+01
5.908640900000000329e+01
5.918011500000000069e+01
5.903247600000000261e+01
5.975663600000000031e+01
5.957166500000000298e+01
5.944122600000000034e+01
5.847169000000000239e+01
5.830718199999999740e+01
5.780000199999999921e+01
5.806989300000000043e+01
5.878895200000000187e+01
5.883876000000000062e+01
5.874788399999999911e+01
5.890680199999999900e+01
5.886040500000000009e+01
5.860668900000000292e+01
5.850521100000000274e+01
5.794283599999999979e+01
5.743174100000000237e+01
5.737450400000000172e+01
5.708127999999999957e+01
5.733490299999999706e+01
5.726729600000000175e+01
5.666557300000000197e+01
5.656660999999999717e+01
5.590474400000000088e+01
5.593772799999999989e+01
5.614224500000000262e+01
5.617465899999999834e+01
5.589319400000000115e+01
5.538123800000000330e+01
5.515121299999999849e+01
5.557223599999999664e+01
5.544241499999999689e+01
5.523420000000000130e+01
5.515181100000000214e+01
5.549986100000000278e+01
5.561753699999999867e+01
5.680982099999999946e+01
5.722651199999999960e+01
5.762986599999999981e+01
5.820891199999999799e+01
5.883145999999999987e+01
6.017132399999999848e+01
6.082180799999999721e+01
6.222177299999999889e+01
6.344598700000000235e+01
6.547902999999999452e+01
6.679058299999999804e+01
6.824976999999999805e+01
6.935709300000000610e+01
7.116648200000000202e+01
7.224868899999999883e+01
7.350118000000000507e+01
7.374184099999999376e+01
7.554448299999999961e+01
7.670403299999999547e+01
7.796877999999999531e+01
7.847665899999999795e+01
7.945474699999999757e+01
8.010202499999999759e+01
8.036456099999999481e+01
8.079719699999999705e+01
8.172071099999999433e+01
8.262960499999999797e+01
8.368641900000000078e+01
8.406226100000000656e+01
8.472697499999999593e+01
8.625700299999999743e+01
8.749541299999999922e+01
8.777546399999999949e+01
8.842370499999999822e+01
8.853968799999999817e+01
8.939945799999999565e+01
8.985697000000000401e+01
9.050418000000000518e+01
9.129585400000000561e+01
9.127683000000000391e+01
9.218419600000000003e+01
9.223620900000000233e+01
9.291287199999999302e+01
9.328160800000000563e+01
9.390920400000000257e+01
9.334018199999999865e+01
9.351844300000000487e+01
9.403877799999999354e+01
9.382273100000000454e+01
9.364121699999999748e+01
9.357614499999999680e+01
9.288597000000000037e+01
9.189894999999999925e+01
9.192640400000000511e+01
9.069493900000000508e+01
8.968411299999999642e+01
8.783575600000000350e+01
8.733929100000000290e+01
8.606957900000000450e+01
8.474435599999999624e+01
8.324438600000000577e+01
8.261829299999999421e+01
8.120183299999999349e+01
8.053445800000000077e+01
7.924554600000000448e+01
7.839029700000000389e+01
7.796426900000000160e+01
7.725502899999999329e+01
7.622340400000000216e+01
7.596377499999999827e+01
7.515821300000000349e+01
7.474141099999999938e+01
7.406111799999999334e+01
7.327060299999999415e+01
7.269069000000000358e+01
7.260595399999999700e+01
7.219115899999999897e+01
7.135288699999999551e+01
7.043748600000000692e+01
7.083555099999999527e+01
7.095220700000000136e+01
6.985957299999999748e+01
6.921076600000000667e+01
6.868362500000000637e+01
6.847934800000000166e+01
6.857086499999999774e+01
6.796767099999999573e+01
6.794971599999999512e+01
6.741407300000000191e+01
6.753344500000000039e+01
6.740416899999999600e+01
6.673735499999999377e+01
6.666483800000000315e+01
6.609085299999999563e+01
6.584143199999999752e+01
6.548927700000000129e+01
6.518557699999999500e+01
6.501177699999999504e+01
6.458043899999999837e+01
6.409912099999999668e+01
6.423241000000000156e+01
6.436526600000000542e+01
6.442876800000000515e+01
6.452693899999999871e+01
6.413709799999999461e+01
6.475095199999999807e+01
6.450709999999999411e+01
6.500979300000000194e+01
6.477262500000000500e+01
6.482509299999999541e+01
6.531900600000000168e+01
6.482257799999999293e+01
6.459297399999999811e+01
6.503703699999999799e+01
6.459216000000000690e+01
6.499067399999999850e+01
6.500613500000000045e+01
6.496311599999999942e+01
6.503613099999999747e+01
6.515522699999999645e+01
6.486222399999999766e+01
6.495262300000000266e+01
6.488809399999999528e+01
6.473247399999999629e+01
6.493675100000000100e+01
6.482160000000000366e+01
6.459925900000000354e+01
6.446407499999999402e+01
6.482451899999999512e+01
6.524028099999999597e+01
6.479208099999999604e+01
6.402615099999999870e+01
6.378912100000000152e+01
6.353039400000000114e+01
6.386557599999999724e+01
6.403897200000000112e+01
6.368588400000000149e+01
6.356267199999999917e+01
6.339554799999999801e+01
6.416789799999999389e+01
6.398871199999999959e+01
6.382026199999999960e+01
6.343421200000000226e+01
6.322126800000000202e+01
6.337373800000000301e+01
6.345250699999999711e+01
6.393404699999999963e+01
6.437216899999999953e+01
6.383955999999999875e+01
6.326983599999999797e+01
6.326417599999999908e+01
6.222128800000000126e+01
6.179902200000000079e+01
6.110564800000000218e+01
6.127512300000000067e+01
6.083394100000000293e+01
5.977449800000000124e+01
5.957365699999999720e+01
5.922920700000000238e+01
5.913711200000000190e+01
5.896515999999999735e+01
5.846424900000000235e+01
5.875672099999999887e+01
5.890998100000000193e+01
5.843432299999999913e+01
5.848536899999999861e+01
5.821673700000000196e+01
5.844972599999999829e+01
5.838591399999999965e+01
5.789262200000000291e+01
5.760311999999999699e+01
5.651769099999999924e+01
5.628401300000000163e+01
5.712958700000000078e+01
5.689716599999999858e+01
5.657457099999999883e+01
5.678200799999999759e+01
5.734613399999999928e+01
5.756733700000000198e+01
5.750503700000000151e+01
5.788331999999999766e+01
5.845945100000000139e+01
5.955551599999999723e+01
6.025602200000000153e+01
6.148168199999999928e+01
6.219268399999999986e+01
6.296827499999999844e+01
6.465644899999999495e+01
6.523452500000000498e+01
6.667528299999999319e+01
6.753056899999999985e+01
6.866271999999999309e+01
7.001069800000000498e+01
7.153294599999999548e+01
7.263010900000000447e+01
7.383352899999999863e+01
7.505929999999999325e+01
7.550790899999999795e+01
7.636597500000000593e+01
7.743566199999999355e+01
7.892923399999999390e+01
8.051765000000000327e+01
8.202174999999999727e+01
8.247286200000000633e+01
8.312779100000000199e+01
8.355887099999999634e+01
8.471695900000000279e+01
8.519027199999999311e+01
8.620570899999999881e+01
8.702080399999999827e+01
8.769880600000000470e+01
8.791537599999999486e+01
8.891643500000000699e+01
8.944313300000000311e+01
8.983178700000000561e+01
9.110003600000000290e+01
9.203490100000000496e+01
9.230152599999999552e+01
9.298887200000000064e+01
9.324244799999999600e+01
9.404569499999999493e+01
9.474950200000000677e+01
9.638403099999999313e+01
9.722179199999999355e+01
9.699593799999999533e+01
9.748188299999999629e+01
9.780302299999999605e+01
9.758330700000000490e+01
9.711768800000000113e+01
9.701408700000000351e+01
9.707641900000000135e+01
9.664007700000000511e+01
9.594986799999999505e+01
9.520550299999999311e+01
9.455800100000000441e+01
9.339557399999999632e+01
9.256536499999999990e+01
9.131652900000000272e+01
9.034316099999999494e+01
8.956435999999999353e+01
8.816187700000000405e+01
8.608091400000000704e+01
8.458564200000000710e+01
8.324970700000000079e+01
8.165530499999999847e+01
8.068415799999999649e+01
7.930684599999999307e+01
7.830137999999999465e+01
7.715757700000000341e+01
7.662832899999999370e+01
7.615340199999999982e+01
7.475401999999999703e+01
7.352043199999999956e+01
7.214110999999999763e+01
7.163746100000000183e+01
7.070475399999999411e+01
6.978846500000000219e+01
6.872658400000000256e+01
6.863869599999999593e+01
6.808026700000000631e+01
6.799408900000000244e+01
6.717819500000000232e+01
6.748210799999999665e+01
6.733631300000000408e+01
6.699493800000000476e+01
6.646712399999999832e+01
6.618594899999999370e+01
6.532835400000000448e+01
6.478513200000000438e+01
6.465936299999999903e+01
6.464509599999999523e+01
6.460140599999999722e+01
6.436325399999999775e+01
6.336899799999999772e+01
6.338139300000000276e+01
6.322190499999999957e+01
6.278001700000000085e+01
6.252012899999999718e+01
6.202680099999999896e+01
6.169113399999999814e+01
6.117949300000000079e+01
6.092519899999999922e+01
6.073675599999999974e+01
6.084206999999999965e+01
6.083854300000000137e+01
6.144814499999999668e+01
6.107727899999999721e+01
6.142618600000000129e+01
6.150190599999999819e+01
6.114461399999999713e+01
6.113941499999999962e+01
6.096374000000000137e+01
6.063096199999999669e+01
6.073659200000000169e+01
6.096103800000000206e+01
6.104380400000000151e+01
6.093916500000000269e+01
6.101075800000000271e+01
6.077161999999999864e+01
6.066415500000000094e+01
6.031041900000000311e+01
6.029933900000000335e+01
6.056599899999999792e+01
6.071606100000000339e+01
6.055614500000000078e+01
6.117836199999999991e+01
6.175903600000000182e+01
6.221571999999999747e+01
6.231781999999999755e+01
6.242093200000000053e+01
6.229371199999999931e+01
6.275618099999999799e+01
6.275443800000000039e+01
6.215192400000000106e+01
6.219284100000000137e+01
6.182259499999999974e+01
6.200150000000000006e+01
6.129218099999999936e+01
6.149404799999999938e+01
6.122769999999999868e+01
6.071038899999999927e+01
6.024383399999999966e+01
5.998441199999999895e+01
5.935602099999999837e+01
5.941787399999999764e+01
5.903383999999999787e+01
5.921901100000000184e+01
5.908306100000000072e+01
5.895832800000000162e+01
5.923061799999999977e+01
5.891778000000000048e+01
5.874526099999999929e+01
5.927551900000000273e+01
5.876752199999999959e+01
5.934130199999999888e+01
5.949483500000000191e+01
5.942597500000000110e+01
5.938081700000000041e+01
5.886553200000000174e+01
5.890601699999999852e+01
5.848877699999999891e+01
5.855380199999999746e+01
5.886650399999999905e+01
5.868179500000000104e+01
5.838327000000000311e+01
5.803978299999999990e+01
5.806013099999999838e+01
5.709696999999999889e+01
5.649918199999999757e+01
5.626141199999999998e+01
5.615243699999999905e+01
5.620895000000000152e+01
5.592726199999999892e+01
5.573067799999999750e+01
5.565086800000000267e+01
5.611354399999999742e+01
5.531395100000000298e+01
5.473936799999999891e+01
5.404571899999999829e+01
5.425800199999999762e+01
5.411820699999999817e+01
5.473323599999999800e+01
5.504110699999999667e+01
5.527518599999999793e+01
5.642045600000000150e+01
5.701913400000000109e+01
5.865802899999999909e+01
5.978246500000000196e+01
6.153291200000000316e+01
6.295571199999999834e+01
6.423045799999999872e+01
6.517533899999999392e+01
6.720067500000000393e+01
6.893825699999999301e+01
7.034751799999999378e+01
7.175815299999999297e+01
7.291221299999999417e+01
7.383231700000000330e+01
7.520572799999999347e+01
7.627081200000000649e+01
7.789211899999999389e+01
7.916987699999999961e+01
8.054966500000000451e+01
8.067489199999999983e+01
8.184288999999999703e+01
8.231643099999999436e+01
8.242056399999999883e+01
8.328815099999999916e+01
8.373126800000000003e+01
8.433416499999999871e+01
8.548246600000000228e+01
8.627196399999999699e+01
8.789409499999999298e+01
8.873678800000000422e+01
8.951526200000000699e+01
9.040414499999999975e+01
9.180568499999999688e+01
9.299983299999999531e+01
9.471262400000000525e+01
9.582558899999999369e+01
9.680236899999999878e+01
9.770282100000000014e+01
9.793886600000000442e+01
9.909411299999999301e+01
9.934583200000000147e+01
9.961017400000000066e+01
9.993577000000000510e+01
1.003785000000000025e+02
1.011429799999999943e+02
1.019083399999999955e+02
1.018430400000000020e+02
1.019492300000000000e+02
1.013401700000000005e+02
1.006312599999999975e+02
1.007798099999999977e+02
1.001752299999999991e+02
9.925722600000000284e+01
9.795499599999999418e+01
9.722672599999999932e+01
9.562157700000000204e+01
9.393672599999999306e+01
9.275366099999999392e+01
9.147952100000000542e+01
9.030809100000000456e+01
8.859665400000000091e+01
8.721171200000000567e+01
8.608311899999999639e+01
8.487251999999999441e+01
8.379814600000000269e+01
8.275699299999999425e+01
8.149054800000000398e+01
8.089078600000000563e+01
8.047078399999999476e+01
7.880244100000000174e+01
7.818261300000000347e+01
7.681976199999999722e+01
7.578390600000000177e+01
7.506857499999999561e+01
7.441546499999999753e+01
7.409557900000000075e+01
7.292193100000000072e+01
7.194115100000000496e+01
7.182774999999999466e+01
7.151831300000000624e+01
7.114630999999999972e+01
7.103250300000000550e+01
7.062690999999999519e+01
6.965929300000000524e+01
6.927417800000000625e+01
6.924080499999999461e+01
6.915806299999999851e+01
6.895297100000000512e+01
6.834750499999999818e+01
6.824611799999999562e+01
6.711737599999999304e+01
6.712633700000000658e+01
6.659685299999999586e+01
6.635116299999999967e+01
6.618494200000000660e+01
6.582199099999999703e+01
6.537368899999999883e+01
6.552628699999999640e+01
6.529440200000000516e+01
6.468568199999999990e+01
6.484026199999999562e+01
6.472718299999999658e+01
6.516450500000000545e+01
6.491869300000000464e+01
6.523476999999999748e+01
6.513999300000000403e+01
6.515522099999999739e+01
6.537618500000000665e+01
6.534711599999999976e+01
6.555922499999999786e+01
6.521923999999999921e+01
6.462780399999999759e+01
6.487281000000000120e+01
6.518471700000000624e+01
6.527667200000000491e+01
6.534303500000000042e+01
6.459486800000000528e+01
6.487658199999999908e+01
6.435200299999999629e+01
6.417015999999999565e+01
6.495854300000000592e+01
6.456612300000000459e+01
6.495704100000000381e+01
6.564675499999999886e+01
6.594645900000000438e+01
6.609380500000000325e+01
6.672310799999999631e+01
6.733753099999999847e+01
6.741845399999999700e+01
6.693932399999999916e+01
6.558946000000000254e+01
6.524160100000000284e+01
6.559108899999999664e+01
6.553596199999999783e+01
6.552935899999999947e+01
6.476595399999999358e+01
6.453723399999999799e+01
6.409932899999999734e+01
6.453214400000000239e+01
6.446636499999999614e+01
6.460570099999999627e+01
6.472057800000000327e+01
6.436636699999999678e+01
6.463963200000000597e+01
6.475257299999999816e+01
6.391264400000000023e+01
6.351899300000000181e+01
6.356653699999999674e+01
6.298568600000000117e+01
6.327867200000000025e+01
6.318350499999999670e+01
6.311475300000000033e+01
6.213005600000000328e+01
6.121229600000000204e+01
6.136928100000000086e+01
6.100442900000000179e+01
6.098198299999999961e+01
6.118965000000000032e+01
6.085667899999999975e+01
6.115637499999999704e+01
6.073361599999999783e+01
6.093745599999999740e+01
6.056850200000000228e+01
6.047032800000000208e+01
5.960099699999999956e+01
5.949149700000000252e+01
5.913908200000000193e+01
5.928180100000000152e+01
5.869414299999999685e+01
5.875764600000000115e+01
5.825553000000000026e+01
5.817536700000000138e+01
5.817464400000000069e+01
5.843261400000000094e+01
5.786494100000000174e+01
5.729890699999999981e+01
5.625290799999999791e+01
5.619821600000000217e+01
5.581322500000000275e+01
5.546563700000000097e+01
5.548181199999999791e+01
5.605763600000000224e+01
5.747757200000000211e+01
5.773464500000000044e+01
5.897135699999999758e+01
5.989809300000000292e+01
6.132531600000000083e+01
6.225447900000000345e+01
6.370908399999999716e+01
6.479026100000000099e+01
6.556662799999999436e+01
6.713168299999999533e+01
6.846795400000000598e+01
7.020215399999999306e+01
7.142050299999999652e+01
7.327075800000000072e+01
7.506441700000000594e+01
7.692588100000000395e+01
7.800675900000000240e+01
7.887169600000000003e+01
7.999435499999999877e+01
8.138984000000000663e+01
8.221530199999999411e+01
8.372488099999999633e+01
8.518330100000000016e+01
8.560477199999999698e+01
8.639278799999999592e+01
8.696891800000000217e+01
8.739404999999999291e+01
8.828755800000000420e+01
8.875784199999999657e+01
8.988308499999999412e+01
9.055518899999999860e+01
9.208094400000000235e+01
9.245659799999999962e+01
9.332069799999999304e+01
9.399718199999999513e+01
9.524713099999999599e+01
9.591317600000000709e+01
9.681987200000000371e+01
9.724010199999999315e+01
9.814481100000000424e+01
9.837556600000000628e+01
9.880858600000000536e+01
9.902368900000000451e+01
9.927004999999999768e+01
1.003110700000000008e+02
1.011584000000000003e+02
1.006432599999999979e+02
1.009461500000000029e+02
1.011130299999999949e+02
1.011572500000000048e+02
1.008122400000000027e+02
9.994573499999999910e+01
9.930475500000000011e+01
9.851806299999999794e+01
9.845537199999999700e+01
9.759688800000000697e+01
9.612686399999999765e+01
9.546486000000000161e+01
9.355286599999999453e+01
9.269914699999999641e+01
9.150815400000000466e+01
9.021168299999999363e+01
8.839026300000000447e+01
8.736215500000000134e+01
8.533292600000000050e+01
8.396873399999999776e+01
8.234662000000000148e+01
8.179102799999999718e+01
8.149707499999999527e+01
8.028834799999999916e+01
7.978840900000000147e+01
7.831472599999999318e+01
7.731089799999999457e+01
7.642853399999999908e+01
7.537279700000000560e+01
7.478830299999999909e+01
7.442153999999999314e+01
7.362390800000000013e+01
7.260682300000000566e+01
7.215788100000000327e+01
7.162017400000000578e+01
7.069916700000000276e+01
7.046418400000000304e+01
7.048928800000000194e+01
7.006247600000000375e+01
6.954597200000000612e+01
6.875804300000000069e+01
6.934153299999999831e+01
6.847570299999999577e+01
6.790714400000000239e+01
6.763495899999999494e+01
6.787949700000000064e+01
6.797148599999999874e+01
6.775188599999999894e+01
6.688209100000000262e+01
6.592976400000000581e+01
6.566273700000000701e+01
6.555966200000000299e+01
6.524832499999999413e+01
6.531861499999999410e+01
6.561982299999999668e+01
6.572432200000000080e+01
6.576044899999999416e+01
6.577217899999999418e+01
6.559393500000000188e+01
6.576555899999999610e+01
6.548400700000000541e+01
6.612040100000000109e+01
6.549285799999999824e+01
6.598479299999999625e+01
6.619420599999999411e+01
6.633593600000000379e+01
6.659369800000000339e+01
6.678642600000000584e+01
6.657108999999999810e+01
6.717018400000000611e+01
6.680639600000000655e+01
6.689897999999999456e+01
6.612289599999999723e+01
6.550617099999999482e+01
6.485546800000000189e+01
6.452808799999999678e+01
6.477391299999999319e+01
6.536750499999999420e+01
6.506949899999999332e+01
6.551795500000000061e+01
6.543595999999999435e+01
6.535957799999999907e+01
6.536703099999999722e+01
6.527130099999999402e+01
6.565955099999999334e+01
6.546730100000000618e+01
6.602458500000000186e+01
6.569833699999999510e+01
6.563999699999999393e+01
6.547603399999999851e+01
6.584172399999999925e+01
6.578606600000000526e+01
6.538758799999999383e+01
6.589508100000000468e+01
6.613350599999999702e+01
6.613334399999999391e+01
6.589646899999999619e+01
6.514443400000000395e+01
6.528457500000000380e+01
6.520440399999999670e+01
6.593411500000000558e+01
6.579863500000000442e+01
6.613456999999999653e+01
6.600190999999999519e+01
6.587905299999999897e+01
6.578920100000000559e+01
6.598325900000000388e+01
6.537993699999999819e+01
6.522680200000000639e+01
6.546130899999999997e+01
6.528936099999999954e+01
6.460207200000000682e+01
6.473499900000000196e+01
6.452171099999999626e+01
6.455477000000000487e+01
6.441623300000000540e+01
6.353593000000000046e+01
6.286621600000000143e+01
6.259235400000000027e+01
6.302813900000000302e+01
6.260154699999999650e+01
6.204780199999999724e+01
6.184325299999999714e+01
