6.683391500000000462e+01
6.676579499999999712e+01
6.597011200000000031e+01
6.571254600000000323e+01
6.621097000000000321e+01
6.539268199999999354e+01
6.435570199999999375e+01
6.429633800000000576e+01
6.429564100000000337e+01
6.357161299999999926e+01
6.330375899999999945e+01
6.307902800000000099e+01
6.255020999999999987e+01
6.226685100000000261e+01
6.141709099999999921e+01
6.169184700000000277e+01
6.140830900000000270e+01
6.067320999999999742e+01
6.078345099999999945e+01
6.090933299999999662e+01
6.096124900000000224e+01
6.086851899999999915e+01
6.067095599999999678e+01
6.034446700000000163e+01
6.021841700000000230e+01
5.999218799999999874e+01
6.000052500000000322e+01
6.074710900000000180e+01
6.044730899999999707e+01
5.919524899999999690e+01
5.897709900000000260e+01
5.852279300000000006e+01
5.883113600000000076e+01
5.903549399999999991e+01
5.862854800000000211e+01
5.921509499999999804e+01
5.903830399999999656e+01
5.851656599999999742e+01
5.845228900000000039e+01
5.819685100000000233e+01
5.835519099999999781e+01
5.798773899999999770e+01
5.801075500000000318e+01
5.785501399999999705e+01
5.771516199999999941e+01
5.751492300000000313e+01
5.737965499999999963e+01
5.752937299999999965e+01
5.735101699999999880e+01
5.731615200000000243e+01
5.710737600000000214e+01
5.666156699999999802e+01
5.614712099999999850e+01
5.635228899999999896e+01
5.632413300000000334e+01
5.554671900000000306e+01
5.578380899999999798e+01
5.613308099999999712e+01
5.580057899999999904e+01
5.528019199999999955e+01
5.516974600000000351e+01
5.517746499999999799e+01
5.492196200000000061e+01
5.513538100000000242e+01
5.499146300000000309e+01
5.516239000000000203e+01
5.488153299999999746e+01
5.483185900000000146e+01
5.491134499999999719e+01
5.479150800000000032e+01
5.417343699999999984e+01
5.431623199999999940e+01
5.414526299999999992e+01
5.439474200000000081e+01
5.418548799999999943e+01
5.399770900000000040e+01
5.402580700000000036e+01
5.356406400000000190e+01
5.311425700000000205e+01
5.260841700000000287e+01
5.331148199999999804e+01
5.341420699999999755e+01
5.372142600000000101e+01
5.449913300000000049e+01
5.465060299999999671e+01
5.436309800000000081e+01
5.452020100000000014e+01
5.492306099999999702e+01
5.531324000000000041e+01
5.681309799999999655e+01
5.765212700000000012e+01
5.813289999999999935e+01
5.906546699999999817e+01
6.009066599999999880e+01
6.087390700000000265e+01
6.182497500000000201e+01
6.350750399999999729e+01
6.514894700000000682e+01
6.653053099999999631e+01
6.804178799999999683e+01
6.969152200000000619e+01
7.085939100000000224e+01
7.211292000000000257e+01
7.371642599999999845e+01
7.500051899999999705e+01
7.587802299999999889e+01
7.706126500000000590e+01
7.807519700000000284e+01
7.934356999999999971e+01
8.009779500000000496e+01
8.097008099999999331e+01
8.150063699999999756e+01
8.214225100000000168e+01
8.337351499999999760e+01
8.402053999999999689e+01
8.444850599999999474e+01
8.507676399999999717e+01
8.497725400000000207e+01
8.621476300000000492e+01
8.685445599999999899e+01
8.761846799999999291e+01
8.831244999999999834e+01
8.869048200000000293e+01
8.906247000000000469e+01
8.940121399999999596e+01
8.981004500000000235e+01
9.049748099999999340e+01
9.141039999999999566e+01
9.222389499999999884e+01
9.273952099999999632e+01
9.375438900000000331e+01
9.321809700000000021e+01
9.335659200000000624e+01
9.331320100000000650e+01
9.261575700000000211e+01
9.278620600000000707e+01
9.325197199999999498e+01
9.256677899999999681e+01
9.204413999999999874e+01
9.167455800000000465e+01
9.044857299999999611e+01
8.946752299999999991e+01
8.900469599999999559e+01
8.809524199999999894e+01
8.644639700000000460e+01
8.636450399999999661e+01
8.555467299999999398e+01
8.370820200000000000e+01
8.227376700000000653e+01
8.063055300000000614e+01
7.976642800000000477e+01
7.904133500000000367e+01
7.775978600000000540e+01
7.738383000000000322e+01
7.613555800000000318e+01
7.550800900000000127e+01
7.519278099999999654e+01
7.399198800000000631e+01
7.321597699999999520e+01
7.173100599999999361e+01
7.080107999999999890e+01
7.114060100000000375e+01
7.035237899999999911e+01
6.984179699999999968e+01
6.855636699999999450e+01
6.779604600000000403e+01
6.756384500000000060e+01
6.762581400000000542e+01
6.819837800000000527e+01
6.801540900000000534e+01
6.712626799999999605e+01
6.667233299999999474e+01
6.663759100000000046e+01
6.645127399999999795e+01
6.616022900000000107e+01
6.563685300000000211e+01
6.579090899999999920e+01
6.526518000000000086e+01
6.428860500000000400e+01
6.415754300000000399e+01
6.340390299999999968e+01
6.305474699999999899e+01
6.335611300000000057e+01
6.310157300000000191e+01
6.330836699999999695e+01
6.332383699999999749e+01
6.250789799999999730e+01
6.210996500000000253e+01
6.269168799999999919e+01
6.256782799999999867e+01
6.207774799999999971e+01
6.164258300000000190e+01
6.141317200000000298e+01
6.079404900000000112e+01
6.058272699999999844e+01
6.030187600000000003e+01
6.000689500000000010e+01
5.960189700000000101e+01
5.951364999999999839e+01
5.946045900000000017e+01
5.955947900000000317e+01
5.897739200000000181e+01
5.865117999999999654e+01
5.869162599999999941e+01
5.851904100000000142e+01
5.844056700000000149e+01
5.764426900000000131e+01
5.779311299999999818e+01
5.839974899999999991e+01
5.847963599999999929e+01
5.857890600000000347e+01
5.897288499999999800e+01
5.830898100000000284e+01
5.902052900000000335e+01
5.956512699999999683e+01
5.983391300000000257e+01
6.003631399999999729e+01
5.989121099999999842e+01
6.001098600000000260e+01
5.956398599999999988e+01
5.881685499999999678e+01
5.959593999999999880e+01
6.010665199999999686e+01
5.971439500000000322e+01
5.912075000000000102e+01
5.896976699999999738e+01
5.925034999999999741e+01
5.908249299999999948e+01
5.893979999999999819e+01
5.917545100000000247e+01
5.878648299999999693e+01
5.968747299999999711e+01
5.911954899999999924e+01
5.884861399999999776e+01
5.882870700000000141e+01
5.849927399999999977e+01
5.866471399999999647e+01
5.874657499999999999e+01
5.862960000000000349e+01
5.771465700000000254e+01
5.818886599999999731e+01
5.829688099999999906e+01
5.851161400000000157e+01
5.848373200000000338e+01
5.882368000000000308e+01
5.894064600000000098e+01
5.963606200000000257e+01
5.901320299999999719e+01
5.915550400000000053e+01
5.846168500000000279e+01
5.887759100000000245e+01
5.870953399999999789e+01
5.849913800000000208e+01
5.834913999999999845e+01
5.895396199999999709e+01
5.862830699999999950e+01
5.830918799999999891e+01
5.814931099999999731e+01
5.823624199999999718e+01
5.759583700000000306e+01
5.753910700000000134e+01
5.740468400000000315e+01
5.713832899999999881e+01
5.722211800000000181e+01
5.706230099999999794e+01
5.759763600000000139e+01
5.775612000000000279e+01
5.788108799999999832e+01
5.786061999999999728e+01
5.841216899999999868e+01
5.918814199999999914e+01
5.995096399999999903e+01
6.028972399999999965e+01
6.074251900000000148e+01
6.183713699999999847e+01
6.336833800000000139e+01
6.475532699999999409e+01
6.608056000000000552e+01
6.705450700000000097e+01
6.904200000000000159e+01
7.040645299999999907e+01
7.206398699999999735e+01
7.281494999999999607e+01
7.362256299999999953e+01
7.524565400000000182e+01
7.615340999999999383e+01
7.721264399999999739e+01
7.828487099999999543e+01
7.925557700000000239e+01
8.021265999999999963e+01
8.094042399999999304e+01
8.113724600000000464e+01
8.240468400000000315e+01
8.309174500000000307e+01
8.381899400000000355e+01
8.413320500000000379e+01
8.490111799999999675e+01
8.505265799999999388e+01
8.617130899999999372e+01
8.771334799999999632e+01
8.869148300000000518e+01
8.929418200000000638e+01
8.981450300000000198e+01
9.114998300000000597e+01
9.174661899999999548e+01
9.160800000000000409e+01
9.250902899999999818e+01
9.353089300000000605e+01
9.435321100000000172e+01
9.433188800000000640e+01
9.493469799999999736e+01
9.514291900000000624e+01
9.545674099999999385e+01
9.549991500000000144e+01
9.568667499999999393e+01
9.481064100000000394e+01
9.444923400000000413e+01
9.437170399999999404e+01
9.474197100000000660e+01
9.472568300000000363e+01
9.380747900000000072e+01
9.337075500000000261e+01
9.301091700000000628e+01
9.225431199999999876e+01
9.164929100000000517e+01
9.107744700000000648e+01
8.991488699999999312e+01
8.831990999999999303e+01
8.701628800000000297e+01
8.598220999999999492e+01
8.431693500000000085e+01
8.347306799999999782e+01
8.177433899999999767e+01
8.065268100000000118e+01
7.980337600000000009e+01
7.947210099999999500e+01
7.869406600000000651e+01
7.777984700000000373e+01
7.677341199999999333e+01
7.601138299999999504e+01
7.555907500000000709e+01
7.448644699999999830e+01
7.414019899999999552e+01
7.271323399999999992e+01
7.205391299999999433e+01
7.157259200000000021e+01
7.143432500000000118e+01
7.042098500000000172e+01
7.018448700000000429e+01
6.933105999999999369e+01
6.871958899999999915e+01
6.862228399999999340e+01
6.827375399999999672e+01
6.783643999999999608e+01
6.757315300000000491e+01
6.711209900000000061e+01
6.659477699999999345e+01
6.623026099999999872e+01
6.616989900000000091e+01
6.625890099999999450e+01
6.592725299999999322e+01
6.554068300000000136e+01
6.644257600000000252e+01
6.608539799999999786e+01
6.600507100000000094e+01
6.581836099999999590e+01
6.618231199999999603e+01
6.602636599999999589e+01
6.572368000000000166e+01
6.503664499999999293e+01
6.471387199999999496e+01
6.447776100000000099e+01
6.391484499999999969e+01
6.373585700000000287e+01
6.379915100000000194e+01
6.394051300000000282e+01
6.371189499999999839e+01
6.384206499999999807e+01
6.426878399999999658e+01
6.409244800000000453e+01
6.388814800000000105e+01
6.479796100000000081e+01
6.413728500000000565e+01
6.386240600000000001e+01
6.366902499999999776e+01
6.375257100000000321e+01
6.303040800000000132e+01
6.303940200000000260e+01
6.255484500000000025e+01
6.234329400000000021e+01
6.269998600000000266e+01
6.284767399999999782e+01
6.319537700000000058e+01
6.314678399999999669e+01
6.314494299999999782e+01
6.302364899999999892e+01
6.250406799999999663e+01
6.209623799999999960e+01
6.213101799999999741e+01
6.197508899999999699e+01
6.238453799999999916e+01
6.188136000000000081e+01
6.173295900000000103e+01
6.188509899999999675e+01
6.158849899999999877e+01
6.157463099999999656e+01
6.150017499999999870e+01
6.178168399999999849e+01
6.159311199999999786e+01
6.163564699999999874e+01
6.102117100000000249e+01
6.111190500000000014e+01
6.095528699999999844e+01
6.010741399999999857e+01
5.985642099999999743e+01
5.986768399999999701e+01
5.994897499999999724e+01
5.930465099999999978e+01
5.941437700000000177e+01
5.869796099999999939e+01
5.884537399999999963e+01
5.934110499999999888e+01
5.994120800000000315e+01
6.021035100000000284e+01
5.966987600000000214e+01
5.954055900000000179e+01
5.912414700000000067e+01
5.925863499999999817e+01
5.892894100000000179e+01
5.810237599999999958e+01
5.771466399999999908e+01
5.753706900000000246e+01
5.683470499999999959e+01
5.713547599999999704e+01
5.740564499999999981e+01
5.766933399999999921e+01
5.763289400000000029e+01
5.769446200000000147e+01
5.734492600000000095e+01
5.791257099999999980e+01
5.794744200000000234e+01
5.737101400000000240e+01
5.690824299999999880e+01
5.643289599999999950e+01
5.585077299999999667e+01
5.647917999999999950e+01
5.690035699999999963e+01
5.673482099999999662e+01
5.742124700000000104e+01
5.818431100000000100e+01
5.928110499999999661e+01
6.011337300000000283e+01
6.083474400000000060e+01
6.205342199999999764e+01
6.358031199999999927e+01
6.480374899999999627e+01
6.635834499999999991e+01
6.781978499999999599e+01
6.890300899999999729e+01
7.026216200000000356e+01
7.120371500000000253e+01
7.229577799999999854e+01
7.345038499999999715e+01
7.460253699999999810e+01
7.625670999999999822e+01
7.794595800000000452e+01
7.958719299999999919e+01
8.078302600000000666e+01
8.232385999999999626e+01
8.279796199999999828e+01
8.446896399999999971e+01
8.547731100000000026e+01
8.604088900000000706e+01
8.653483799999999349e+01
8.717536200000000690e+01
8.793640000000000612e+01
8.841221899999999323e+01
8.898412000000000432e+01
8.988700099999999793e+01
9.071459400000000528e+01
9.186981000000000108e+01
9.348995399999999734e+01
9.433409899999999482e+01
9.520938599999999497e+01
9.581550400000000423e+01
9.621079000000000292e+01
9.659830900000000042e+01
9.739789500000000544e+01
9.730943000000000609e+01
9.788737600000000327e+01
9.799825099999999622e+01
9.830526999999999305e+01
9.894505100000000652e+01
9.969767199999999718e+01
1.000139999999999958e+02
9.986991399999999430e+01
9.959619000000000710e+01
9.965520200000000273e+01
1.001780499999999989e+02
1.000068799999999953e+02
9.909929999999999950e+01
9.844596199999999442e+01
9.787756899999999405e+01
9.723435499999999365e+01
9.616110899999999617e+01
9.493729600000000346e+01
9.387042300000000239e+01
9.334993400000000463e+01
9.221180999999999983e+01
9.122667800000000682e+01
9.017686700000000144e+01
8.911387999999999465e+01
8.795952900000000341e+01
8.737757200000000068e+01
8.580960500000000479e+01
8.430937900000000695e+01
8.254722900000000152e+01
8.086170500000000061e+01
7.970519799999999577e+01
7.834161600000000192e+01
7.817206199999999683e+01
7.719967300000000421e+01
7.633275999999999328e+01
7.558291099999999574e+01
7.512081100000000333e+01
7.454611699999999530e+01
7.438152399999999886e+01
7.304946400000000040e+01
7.310030500000000586e+01
7.228148699999999849e+01
7.173363299999999754e+01
7.126269200000000126e+01
7.025669299999999851e+01
7.009033200000000363e+01
6.958464200000000233e+01
6.941330000000000666e+01
6.868880699999999706e+01
6.924693000000000609e+01
6.903218499999999835e+01
6.888283800000000667e+01
6.896439900000000023e+01
6.902863700000000335e+01
6.886310400000000698e+01
6.863902899999999363e+01
6.829408800000000213e+01
6.808517500000000666e+01
6.840157299999999907e+01
6.832722099999999443e+01
6.824683100000000024e+01
6.784219099999999969e+01
6.768691499999999905e+01
6.818985200000000191e+01
6.823275700000000654e+01
6.793419699999999750e+01
6.756855600000000095e+01
6.767309299999999439e+01
6.755167099999999891e+01
6.817201599999999928e+01
6.768430700000000400e+01
6.750819400000000314e+01
6.711343899999999962e+01
6.716216799999999409e+01
6.666179499999999791e+01
6.612141300000000399e+01
6.612932299999999941e+01
6.619163899999999501e+01
6.600184199999999635e+01
6.671454599999999857e+01
6.650125099999999634e+01
6.673895699999999920e+01
6.675414600000000576e+01
6.632079400000000646e+01
6.567811299999999619e+01
6.525354699999999752e+01
6.460053000000000623e+01
6.427233599999999569e+01
6.421741400000000510e+01
6.381616000000000355e+01
6.523629300000000342e+01
6.496178000000000452e+01
6.497450000000000614e+01
6.489603999999999928e+01
6.420122399999999629e+01
6.454826900000000478e+01
6.452577100000000598e+01
6.439947200000000294e+01
6.447531499999999482e+01
6.471356299999999351e+01
6.409956800000000499e+01
6.414118499999999301e+01
6.410044100000000356e+01
6.357399399999999901e+01
6.352029699999999934e+01
6.314201299999999861e+01
6.294430100000000294e+01
6.267868099999999743e+01
6.247629700000000241e+01
6.262140099999999876e+01
6.221544800000000208e+01
6.231332100000000196e+01
6.198198200000000213e+01
6.148331600000000208e+01
6.170633699999999777e+01
6.151763100000000151e+01
6.123487500000000239e+01
6.097532199999999847e+01
6.085105099999999823e+01
6.060543899999999695e+01
5.959104299999999910e+01
5.967925600000000230e+01
5.944570499999999669e+01
5.980221399999999932e+01
6.005488199999999921e+01
6.010313099999999764e+01
6.064609800000000206e+01
6.072548400000000157e+01
6.022639499999999657e+01
6.014013700000000284e+01
5.961381200000000291e+01
5.909971900000000034e+01
5.854544099999999673e+01
5.817634199999999822e+01
5.784174099999999896e+01
5.744429800000000341e+01
5.763846800000000314e+01
5.757423500000000161e+01
5.744953600000000193e+01
5.780082500000000323e+01
5.816218400000000344e+01
5.789052399999999921e+01
5.781198700000000201e+01
5.805696700000000021e+01
5.859460200000000185e+01
5.984176800000000185e+01
6.014336099999999874e+01
6.074711899999999787e+01
6.178335400000000277e+01
6.341479199999999850e+01
6.504901900000000126e+01
6.606940199999999663e+01
6.697815400000000352e+01
6.862722599999999318e+01
7.034636399999999412e+01
7.103766099999999994e+01
7.225899800000000539e+01
7.369522499999999354e+01
7.577704699999999605e+01
7.727173799999999915e+01
7.882348399999999344e+01
8.008718399999999349e+01
8.175395799999999724e+01
8.262178099999999858e+01
8.394800600000000657e+01
8.444275899999999524e+01
8.514556100000000072e+01
8.621048500000000558e+01
8.667706599999999639e+01
8.754259199999999908e+01
8.888941300000000467e+01
8.913747899999999902e+01
9.047421799999999337e+01
9.097136999999999318e+01
9.139489600000000280e+01
9.182644999999999413e+01
9.220064200000000199e+01
9.236625999999999692e+01
9.319750299999999754e+01
9.431073399999999651e+01
9.558842099999999675e+01
9.609417600000000448e+01
9.727226899999999432e+01
9.873532299999999395e+01
9.974737700000000018e+01
1.000681500000000028e+02
1.014020299999999963e+02
1.016432700000000011e+02
1.022623899999999963e+02
1.023354199999999992e+02
1.022890299999999968e+02
1.021972399999999936e+02
1.020632899999999950e+02
1.018776000000000010e+02
1.016072000000000060e+02
1.012519800000000032e+02
1.007200200000000052e+02
9.993569700000000466e+01
9.941099900000000389e+01
9.894056799999999896e+01
9.801902900000000329e+01
9.709202000000000510e+01
9.636552199999999857e+01
9.541220300000000520e+01
9.392297299999999893e+01
9.303537900000000604e+01
9.221379500000000462e+01
9.116312399999999627e+01
8.970958699999999908e+01
8.822864300000000526e+01
8.691158799999999474e+01
8.551713499999999613e+01
8.414283799999999758e+01
8.293795400000000484e+01
8.152068900000000440e+01
7.995074900000000184e+01
7.907815300000000036e+01
7.860528700000000413e+01
7.767701399999999978e+01
7.673776599999999348e+01
7.663105000000000189e+01
7.557290700000000072e+01
7.506210000000000093e+01
7.386367799999999306e+01
7.321295499999999379e+01
7.306319299999999828e+01
7.298650499999999397e+01
7.266958599999999535e+01
7.307162999999999897e+01
7.260822699999999941e+01
7.234613299999999469e+01
7.188277200000000278e+01
7.211307999999999652e+01
7.200142900000000168e+01
7.122540800000000161e+01
7.127292799999999318e+01
7.103593600000000663e+01
7.118148100000000511e+01
7.048366500000000201e+01
7.066446500000000697e+01
7.099440900000000454e+01
7.074087099999999850e+01
7.065319200000000421e+01
7.009184500000000639e+01
6.953636299999999437e+01
6.957754500000000064e+01
6.917110700000000634e+01
6.888232200000000205e+01
6.943112600000000612e+01
6.950256100000000004e+01
6.887533799999999928e+01
6.871858400000000699e+01
6.824152100000000587e+01
6.801156199999999785e+01
6.794194199999999739e+01
6.812812999999999874e+01
6.749702800000000025e+01
6.705510599999999499e+01
6.722888199999999870e+01
6.691427600000000098e+01
6.635946099999999603e+01
6.657396199999999453e+01
6.689146900000000073e+01
6.667516200000000026e+01
6.722143699999999455e+01
6.789680099999999641e+01
6.801164300000000651e+01
6.770372799999999813e+01
6.756235300000000166e+01
6.733124300000000062e+01
6.784532900000000666e+01
6.722093300000000227e+01
6.653606700000000274e+01
6.648777400000000171e+01
6.688148999999999944e+01
6.665337900000000104e+01
6.652463500000000352e+01
6.638850600000000668e+01
6.642996499999999571e+01
6.615518699999999797e+01
6.631060499999999536e+01
6.602237800000000334e+01
6.620002399999999909e+01
6.590354299999999910e+01
6.555210800000000404e+01
6.534992099999999482e+01
6.522089300000000378e+01
6.534939400000000376e+01
6.502666600000000585e+01
6.492452799999999513e+01
6.426486099999999624e+01
6.398472699999999946e+01
6.371116500000000116e+01
6.380818200000000218e+01
6.371598600000000090e+01
6.398014700000000232e+01
6.380250900000000058e+01
6.364318300000000050e+01
6.400334599999999341e+01
6.363851400000000069e+01
6.278269999999999840e+01
6.270343799999999845e+01
6.210976800000000253e+01
6.209804499999999905e+01
6.211859199999999959e+01
6.200546200000000141e+01
6.146580800000000266e+01
6.156288500000000141e+01
6.187204400000000248e+01
6.152783699999999811e+01
6.144651499999999800e+01
6.146699199999999763e+01
6.104055699999999973e+01
6.005449399999999827e+01
5.952155799999999886e+01
5.947617499999999779e+01
5.856402500000000089e+01
5.868272000000000332e+01
5.831885499999999922e+01
5.780205600000000032e+01
5.762278700000000242e+01
5.765350899999999967e+01
5.742664099999999650e+01
5.774551000000000300e+01
5.730874599999999930e+01
5.742796899999999738e+01
5.703836100000000187e+01
5.653231399999999951e+01
5.692677599999999671e+01
5.740802699999999703e+01
5.809528000000000247e+01
5.867777800000000354e+01
5.939858000000000260e+01
6.003182699999999983e+01
6.115247899999999959e+01
6.206851199999999835e+01
6.384964599999999990e+01
6.517459900000000061e+01
6.670472100000000637e+01
6.817948300000000472e+01
6.997962300000000369e+01
7.173199499999999773e+01
7.320894099999999582e+01
7.430970299999999895e+01
7.594833400000000267e+01
7.738526600000000144e+01
7.874028800000000672e+01
7.989946600000000387e+01
8.109598599999999635e+01
8.225727000000000544e+01
8.348424799999999379e+01
8.515821800000000508e+01
8.642459800000000314e+01
8.751881699999999853e+01
8.872506500000000074e+01
8.867325099999999338e+01
8.896700900000000445e+01
8.952476099999999803e+01
9.059775199999999984e+01
9.090220300000000009e+01
9.246662100000000351e+01
9.347035499999999786e+01
9.407780900000000202e+01
9.496586100000000386e+01
9.548535900000000254e+01
9.682437099999999930e+01
9.741975800000000163e+01
9.843119500000000244e+01
9.882731499999999869e+01
9.973899000000000115e+01
1.009631300000000067e+02
1.015686599999999942e+02
1.009515399999999943e+02
1.018053799999999995e+02
1.020632300000000043e+02
1.027023499999999956e+02
1.026449499999999944e+02
1.033200400000000059e+02
1.040564799999999934e+02
1.038635500000000036e+02
1.032572600000000023e+02
1.023219100000000026e+02
1.020943000000000040e+02
1.016325499999999948e+02
1.008245399999999989e+02
1.002275099999999952e+02
9.912951200000000540e+01
9.719537400000000105e+01
9.593914999999999793e+01
9.408516299999999433e+01
9.301740300000000161e+01
9.144594600000000639e+01
8.982162900000000150e+01
8.866589600000000360e+01
8.796901200000000642e+01
8.634138199999999586e+01
8.467379499999999837e+01
8.326859799999999723e+01
8.190406000000000120e+01
8.138947799999999688e+01
7.980808399999999381e+01
7.851498300000000086e+01
7.757950599999999497e+01
7.664075200000000621e+01
7.583965100000000348e+01
7.484574299999999880e+01
7.397629999999999484e+01
7.436890200000000561e+01
7.384607599999999650e+01
7.274027999999999849e+01
7.236356399999999667e+01
7.135135200000000566e+01
7.135452600000000700e+01
7.124335200000000157e+01
7.093541100000000199e+01
7.144954099999999642e+01
7.118864100000000406e+01
7.024082300000000600e+01
6.956736800000000187e+01
6.958940699999999424e+01
6.923507899999999893e+01
6.909131999999999607e+01
6.883964600000000189e+01
6.956663700000000006e+01
6.925575999999999510e+01
6.861718999999999369e+01
6.869055899999999326e+01
6.863144900000000348e+01
6.838768500000000472e+01
6.754593300000000511e+01
6.712084099999999864e+01
6.696300599999999292e+01
6.658713099999999940e+01
6.569710100000000352e+01
6.547956200000000138e+01
6.516497999999999990e+01
6.511914000000000158e+01
6.459729500000000257e+01
6.481189700000000187e+01
6.488171699999999475e+01
6.532128699999999810e+01
6.550367799999999363e+01
6.537674900000000378e+01
6.543751699999999971e+01
6.467900600000000111e+01
6.407447600000000421e+01
6.388037200000000126e+01
6.373767899999999997e+01
6.365953600000000279e+01
6.393766699999999759e+01
6.317853900000000067e+01
6.369524400000000242e+01
6.409242399999999407e+01
6.389731400000000150e+01
6.399908500000000089e+01
6.402904100000000653e+01
6.383297999999999917e+01
6.470957500000000095e+01
6.401282000000000494e+01
6.412858699999999601e+01
6.470188500000000431e+01
6.443272699999999986e+01
6.423157999999999390e+01
6.369464399999999671e+01
6.323824599999999663e+01
6.357674800000000204e+01
6.319312299999999993e+01
6.306802100000000166e+01
6.337270399999999881e+01
6.404181599999999719e+01
6.427440199999999493e+01
6.421096199999999499e+01
6.485451999999999373e+01
6.468592900000000157e+01
6.416723199999999849e+01
6.371243400000000179e+01
6.397048900000000060e+01
6.361634500000000259e+01
6.313239699999999743e+01
6.297777700000000323e+01
6.354540599999999984e+01
6.338368200000000030e+01
6.362651799999999724e+01
6.359227700000000283e+01
6.408388499999999510e+01
6.383925399999999684e+01
6.384202700000000164e+01
6.368472500000000025e+01
6.409474500000000319e+01
6.395062500000000227e+01
6.432688699999999926e+01
6.385450000000000159e+01
6.286877100000000240e+01
6.231922300000000092e+01
6.232865699999999975e+01
6.230231700000000217e+01
6.269007299999999816e+01
6.228614199999999812e+01
6.228311699999999718e+01
6.173831899999999706e+01
6.138680099999999840e+01
6.151278200000000140e+01
6.133145700000000033e+01
6.082297499999999957e+01
6.079755000000000109e+01
6.042282300000000106e+01
6.042466999999999899e+01
5.989407700000000290e+01
5.916249400000000236e+01
5.912540099999999654e+01
5.900870400000000160e+01
5.829853599999999858e+01
5.822631299999999754e+01
5.801051799999999758e+01
5.801784099999999711e+01
5.862549299999999874e+01
5.878491999999999962e+01
5.926659899999999936e+01
5.982555700000000343e+01
6.033393099999999976e+01
6.150300200000000217e+01
6.217832299999999890e+01
6.322420600000000235e+01
6.375224699999999700e+01
6.499089700000000391e+01
6.639838500000000465e+01
6.809580499999999859e+01
6.911850099999999486e+01
7.046099700000000610e+01
7.155699199999999394e+01
7.243791400000000635e+01
7.316689800000000332e+01
7.479191899999999293e+01
7.600239200000000039e+01
7.686234500000000480e+01
7.792025800000000402e+01
7.916897000000000162e+01
7.940468900000000474e+01
8.043519100000000321e+01
8.099352600000000280e+01
8.175680199999999331e+01
8.199000800000000311e+01
8.201065800000000650e+01
8.268668399999999963e+01
8.367168700000000570e+01
8.398536000000000001e+01
8.444484599999999830e+01
8.486459700000000339e+01
8.531445300000000032e+01
8.606308799999999337e+01
8.778037399999999479e+01
8.863628300000000593e+01
8.910351099999999747e+01
8.983375900000000058e+01
9.074622800000000211e+01
9.137772400000000061e+01
9.164418799999999976e+01
9.207124199999999803e+01
9.290737099999999771e+01
9.331547700000000134e+01
9.362424400000000446e+01
9.288346500000000106e+01
9.271729700000000207e+01
9.277328699999999628e+01
9.270082999999999629e+01
9.256652900000000272e+01
9.213510599999999329e+01
9.108336599999999805e+01
9.039326199999999290e+01
8.970558099999999513e+01
8.879832799999999793e+01
8.698104499999999462e+01
8.628482300000000293e+01
8.514099000000000217e+01
8.452509000000000583e+01
8.328861299999999801e+01
8.221270300000000475e+01
8.143280199999999525e+01
8.072746499999999514e+01
7.952073400000000447e+01
7.882887499999999648e+01
7.855896900000000471e+01
7.768083599999999933e+01
7.681363699999999994e+01
7.548940799999999740e+01
7.464593700000000354e+01
7.391691199999999640e+01
7.291803899999999317e+01
7.264688800000000413e+01
7.186710600000000682e+01
7.153554800000000569e+01
7.111762099999999975e+01
7.055567399999999623e+01
7.110440400000000238e+01
7.050450299999999970e+01
6.980749199999999632e+01
6.998534300000000030e+01
6.913692199999999843e+01
6.920955600000000629e+01
6.903346799999999917e+01
6.799924900000000605e+01
6.694951299999999605e+01
6.679787100000000066e+01
6.632853500000000224e+01
6.586033100000000218e+01
6.474317800000000034e+01
6.405562100000000214e+01
6.389255099999999743e+01
6.348030599999999879e+01
6.305518800000000113e+01
6.323262499999999875e+01
6.280495700000000170e+01
6.307147799999999904e+01
6.313731599999999844e+01
6.317197000000000173e+01
6.301926600000000178e+01
6.309330400000000338e+01
6.313317200000000184e+01
6.329043899999999923e+01
6.333183799999999763e+01
6.332754899999999765e+01
6.398667300000000324e+01
6.406863900000000456e+01
6.359837699999999927e+01
6.368713499999999783e+01
6.349474599999999924e+01
6.386474700000000126e+01
6.371101699999999823e+01
6.411848100000000272e+01
6.381055400000000333e+01
6.411865899999999385e+01
6.377011900000000111e+01
6.382777500000000259e+01
6.372807799999999645e+01
6.324661499999999847e+01
6.337430599999999714e+01
6.360435100000000119e+01
6.365595299999999668e+01
6.403382799999999975e+01
6.367050299999999652e+01
6.379769100000000037e+01
6.408837599999999668e+01
6.387589899999999687e+01
6.402761800000000392e+01
6.372832499999999811e+01
6.406035099999999716e+01
6.434592600000000573e+01
6.427987799999999652e+01
6.431748199999999827e+01
6.436606399999999439e+01
6.458454700000000059e+01
6.460741099999999904e+01
6.475717600000000118e+01
6.468308100000000138e+01
6.467223199999999395e+01
6.485477899999999352e+01
6.471234300000000417e+01
6.546588099999999599e+01
6.584952699999999481e+01
6.572441600000000506e+01
6.548970500000000072e+01
6.533888299999999560e+01
6.523452500000000498e+01
6.479918899999999837e+01
6.471393799999999885e+01
6.376576000000000022e+01
6.390864200000000039e+01
6.352569499999999891e+01
6.320579399999999737e+01
6.264257899999999779e+01
6.235994300000000123e+01
6.114708499999999702e+01
6.100910400000000067e+01
6.059178200000000203e+01
6.059307499999999891e+01
6.001309700000000191e+01
5.961344299999999663e+01
5.898038100000000128e+01
5.880942399999999992e+01
5.803968299999999658e+01
5.791917699999999769e+01
5.728472699999999662e+01
5.754925999999999675e+01
5.761753300000000166e+01
5.782224699999999729e+01
5.853167799999999943e+01
5.829152700000000209e+01
5.875711100000000187e+01
5.849616400000000027e+01
5.848526999999999987e+01
5.908125199999999921e+01
5.899018199999999723e+01
5.878021499999999833e+01
5.913182799999999872e+01
5.885330100000000186e+01
5.917608700000000255e+01
5.929234699999999947e+01
5.952441000000000315e+01
6.012755400000000350e+01
6.118141299999999916e+01
6.184894800000000004e+01
6.222377000000000180e+01
6.411638899999999808e+01
6.507411600000000362e+01
6.659930799999999351e+01
6.778050199999999847e+01
6.860831100000000049e+01
7.057915500000000009e+01
7.088592900000000441e+01
7.196853699999999776e+01
7.365254400000000601e+01
7.492211000000000354e+01
7.605575399999999320e+01
7.728296000000000276e+01
7.863254399999999578e+01
7.995760599999999840e+01
8.118745699999999488e+01
8.220867900000000361e+01
8.337545000000000073e+01
8.407846700000000340e+01
8.545098099999999874e+01
8.608594800000000191e+01
8.701680000000000348e+01
8.769714700000000107e+01
8.844219599999999559e+01
8.923221800000000314e+01
9.031294200000000671e+01
9.119798000000000116e+01
9.153352900000000147e+01
9.257285799999999654e+01
9.398141699999999332e+01
9.434532699999999750e+01
9.492274199999999951e+01
9.561202000000000112e+01
9.599732600000000105e+01
9.569609699999999464e+01
9.524899899999999775e+01
9.595405499999999677e+01
9.612250400000000639e+01
9.694890999999999792e+01
9.692150100000000634e+01
9.685091699999999548e+01
9.671844000000000108e+01
9.677397700000000214e+01
9.708220000000000027e+01
9.641647000000000389e+01
9.525999400000000605e+01
9.492917599999999823e+01
9.453984300000000474e+01
9.330485299999999427e+01
9.272632000000000119e+01
9.225418200000000013e+01
9.146323800000000404e+01
8.927304300000000126e+01
8.775201900000000421e+01
8.589792099999999664e+01
8.448267900000000452e+01
8.282921600000000240e+01
8.188910900000000481e+01
8.041445799999999622e+01
7.961902499999999350e+01
7.837750099999999520e+01
7.788132199999999727e+01
7.696622800000000097e+01
7.639934200000000430e+01
7.607747600000000432e+01
7.505727500000000418e+01
7.460724500000000603e+01
7.328185899999999720e+01
7.205464999999999520e+01
7.152725300000000175e+01
7.044912899999999922e+01
6.946047799999999484e+01
6.869554800000000228e+01
6.713991300000000706e+01
6.678731399999999496e+01
6.650150700000000370e+01
6.618008799999999781e+01
6.550719700000000500e+01
6.565006099999999378e+01
6.462985600000000375e+01
6.372447199999999867e+01
6.323777700000000124e+01
6.345867599999999698e+01
6.344446700000000305e+01
6.318681600000000032e+01
6.294396700000000067e+01
6.352772499999999667e+01
6.324546000000000134e+01
6.264698700000000287e+01
6.179142699999999877e+01
6.152419600000000344e+01
6.096116299999999910e+01
6.079523199999999861e+01
6.055035300000000120e+01
6.009416600000000130e+01
6.021299499999999938e+01
6.109358399999999989e+01
6.118930100000000039e+01
6.106321899999999658e+01
6.125248100000000306e+01
6.093810599999999766e+01
6.007808500000000151e+01
5.999687699999999779e+01
6.055276299999999878e+01
6.081192300000000017e+01
6.165953400000000073e+01
6.255270999999999759e+01
6.262516699999999759e+01
6.196356500000000267e+01
6.257297700000000162e+01
6.185309199999999663e+01
6.202634100000000217e+01
6.128506099999999890e+01
6.124141399999999891e+01
6.124538100000000185e+01
6.087360100000000074e+01
6.126428400000000352e+01
6.097674800000000062e+01
6.166816000000000031e+01
6.201957099999999912e+01
6.242646400000000284e+01
6.223275100000000037e+01
6.268754799999999960e+01
6.333974400000000315e+01
6.361314099999999883e+01
6.326506299999999783e+01
6.330019500000000221e+01
6.276597499999999741e+01
6.287829700000000344e+01
6.290976400000000268e+01
6.282003699999999924e+01
6.271659100000000109e+01
6.314630999999999972e+01
6.249743000000000137e+01
6.235791600000000301e+01
6.241617500000000263e+01
6.296874600000000299e+01
6.234637299999999982e+01
6.266702800000000195e+01
6.238152800000000298e+01
6.266273600000000243e+01
6.282530799999999971e+01
6.336428800000000194e+01
6.338070700000000102e+01
6.279367299999999830e+01
6.281851600000000246e+01
6.243463700000000216e+01
6.166114199999999812e+01
6.100701699999999761e+01
6.084381700000000137e+01
6.090520000000000067e+01
6.095448600000000283e+01
6.097458199999999806e+01
6.109098600000000090e+01
6.073674799999999863e+01
5.995097200000000015e+01
5.998552899999999966e+01
5.903728399999999965e+01
5.894450299999999743e+01
5.939396599999999893e+01
5.883493599999999901e+01
5.835725500000000210e+01
5.740555499999999967e+01
5.776628500000000344e+01
5.708808499999999952e+01
5.715033900000000244e+01
5.715985200000000077e+01
5.682664499999999919e+01
5.701067799999999863e+01
5.651255499999999898e+01
5.668377499999999714e+01
5.597718400000000116e+01
5.631812599999999946e+01
5.572926100000000105e+01
5.495734399999999908e+01
5.533572600000000108e+01
5.563782400000000194e+01
5.624514400000000336e+01
5.725089200000000034e+01
5.815970999999999691e+01
5.873258100000000326e+01
6.011881400000000042e+01
6.089792899999999776e+01
6.189097799999999694e+01
6.329043899999999923e+01
6.434128499999999917e+01
6.574614800000000514e+01
6.641350199999999404e+01
6.780313700000000665e+01
6.842855299999999374e+01
7.002126800000000628e+01
7.129881500000000472e+01
7.273589699999999425e+01
7.318611699999999587e+01
7.472167299999999557e+01
7.589202500000000384e+01
7.663115100000000268e+01
7.739777700000000493e+01
7.858185400000000698e+01
7.935505200000000059e+01
7.996795000000000186e+01
8.063401399999999342e+01
8.106945100000000082e+01
8.202134900000000073e+01
8.279860899999999901e+01
8.340325599999999895e+01
8.432789900000000216e+01
8.452074100000000101e+01
8.538812199999999564e+01
8.635319099999999537e+01
8.705628299999999342e+01
8.821753499999999804e+01
8.931588800000000106e+01
9.067074300000000164e+01
9.171864999999999668e+01
9.200211299999999426e+01
9.270317000000000007e+01
9.295658600000000149e+01
9.314540599999999415e+01
9.313758400000000393e+01
9.386831100000000561e+01
9.423000500000000557e+01
9.444299599999999373e+01
9.440800600000000031e+01
9.469768899999999689e+01
9.460454300000000671e+01
9.477809899999999743e+01
9.438272999999999513e+01
9.393099499999999580e+01
9.278693099999999561e+01
9.271332499999999754e+01
9.200830600000000459e+01
9.109457199999999943e+01
9.057754900000000475e+01
8.920341100000000267e+01
8.861778400000000033e+01
8.794203100000000006e+01
8.651614999999999611e+01
8.507076200000000199e+01
8.398305799999999977e+01
8.211571200000000204e+01
8.090457299999999918e+01
7.931486499999999751e+01
7.835274800000000539e+01
7.744406899999999894e+01
7.576111500000000376e+01
7.580056700000000092e+01
7.535127199999999448e+01
7.497931499999999971e+01
7.422115499999999599e+01
7.376467200000000446e+01
7.349191600000000335e+01
7.277992500000000575e+01
7.235539799999999389e+01
7.189004900000000475e+01
7.113889899999999500e+01
7.068990100000000609e+01
7.031579100000000437e+01
7.029897499999999866e+01
6.937934099999999660e+01
6.903044699999999523e+01
6.889381299999999442e+01
6.816921499999999412e+01
6.802797599999999534e+01
6.778343099999999311e+01
6.746950300000000311e+01
6.742004400000000430e+01
6.643457700000000443e+01
6.611886499999999955e+01
6.584499200000000485e+01
6.633179900000000373e+01
6.586612200000000428e+01
6.544272200000000339e+01
6.542756300000000635e+01
6.543726800000000310e+01
6.579269600000000651e+01
6.578581499999999949e+01
6.596845000000000425e+01
6.544741799999999898e+01
6.548747000000000185e+01
6.565406099999999867e+01
6.520437699999999381e+01
6.461815400000000409e+01
6.480871899999999641e+01
6.447597299999999620e+01
6.468887800000000254e+01
6.417515899999999363e+01
6.353259400000000312e+01
6.315562200000000104e+01
6.344163700000000006e+01
6.405194000000000187e+01
6.433720800000000395e+01
6.416633000000000209e+01
6.433524199999999382e+01
6.404493899999999940e+01
6.423791799999999341e+01
6.448385600000000295e+01
6.392553800000000308e+01
6.369932299999999969e+01
6.332288100000000242e+01
6.353188500000000261e+01
6.367102700000000226e+01
6.369305200000000156e+01
6.388032799999999867e+01
6.326422699999999821e+01
6.330190100000000086e+01
6.268766300000000058e+01
6.292671599999999899e+01
6.342142799999999880e+01
6.320275600000000082e+01
6.357840199999999697e+01
6.362143900000000230e+01
6.390145799999999809e+01
6.411291500000000099e+01
6.367007999999999868e+01
6.295329999999999870e+01
6.277962300000000084e+01
6.260261700000000218e+01
6.257725500000000096e+01
6.313867599999999669e+01
6.234912899999999780e+01
6.218501499999999993e+01
6.197153000000000134e+01
6.173260199999999998e+01
6.156129899999999822e+01
6.203824800000000295e+01
6.130186400000000191e+01
6.173080099999999959e+01
6.105808700000000044e+01
6.120145800000000236e+01
6.092961999999999989e+01
6.057786000000000115e+01
6.085303499999999843e+01
6.117561700000000258e+01
6.050418799999999919e+01
6.081392499999999757e+01
5.990692399999999651e+01
6.061440199999999834e+01
6.079272799999999677e+01
6.095046399999999664e+01
6.063736699999999757e+01
6.008923899999999918e+01
5.956138299999999930e+01
5.943250499999999903e+01
5.942693400000000281e+01
5.914433600000000268e+01
5.909951399999999921e+01
5.843462600000000151e+01
5.835196200000000033e+01
5.828943300000000249e+01
5.821948299999999676e+01
5.818970600000000104e+01
5.773199900000000184e+01
5.676444000000000045e+01
5.749278199999999828e+01
5.779663599999999946e+01
5.824869799999999742e+01
5.890117300000000000e+01
5.900692099999999840e+01
5.996632199999999813e+01
6.061311200000000099e+01
6.107448699999999775e+01
6.203304200000000179e+01
6.304724800000000329e+01
6.441582300000000316e+01
6.545111300000000654e+01
6.714264300000000674e+01
6.895960300000000132e+01
7.029551100000000474e+01
7.220885800000000643e+01
7.328551000000000215e+01
7.479364300000000298e+01
7.610399300000000267e+01
7.740156799999999748e+01
7.829204199999999503e+01
7.945344699999999705e+01
8.034019700000000341e+01
8.149378400000000511e+01
8.259469699999999648e+01
8.376099200000000167e+01
8.462503300000000195e+01
8.548653299999999433e+01
8.596994499999999562e+01
8.627199400000000651e+01
8.641289500000000601e+01
8.710180300000000386e+01
8.772259200000000590e+01
8.892432999999999765e+01
8.903458600000000445e+01
8.967234100000000296e+01
9.041328599999999938e+01
9.107588599999999701e+01
9.164603800000000433e+01
9.264552899999999624e+01
9.406572500000000048e+01
9.458198799999999551e+01
9.540823699999999974e+01
9.619844200000000001e+01
9.732617899999999622e+01
9.805973000000000184e+01
9.862376899999999580e+01
9.931391899999999850e+01
9.942610299999999768e+01
9.959208599999999478e+01
1.002772199999999998e+02
9.971804699999999855e+01
9.978084400000000187e+01
9.915675799999999640e+01
9.863965600000000222e+01
9.831429300000000637e+01
9.684977999999999554e+01
9.623902400000000057e+01
9.568446099999999888e+01
9.460752300000000048e+01
9.354560100000000489e+01
9.239202600000000132e+01
9.149713699999999506e+01
9.046963300000000174e+01
8.843417599999999368e+01
8.685134299999999996e+01
8.501311499999999910e+01
8.349363800000000424e+01
8.216603100000000381e+01
8.104778000000000304e+01
7.980717400000000339e+01
7.871185599999999738e+01
7.793931800000000010e+01
7.691784699999999475e+01
7.610630000000000450e+01
7.508904400000000123e+01
7.399265900000000329e+01
7.341796999999999684e+01
7.222364500000000476e+01
7.213145099999999843e+01
7.169552299999999434e+01
7.161803600000000358e+01
7.138558999999999344e+01
7.087653400000000659e+01
7.035339100000000201e+01
6.973002900000000182e+01
6.888272100000000364e+01
6.835613999999999635e+01
6.786001799999999662e+01
6.747144199999999614e+01
6.702455700000000149e+01
6.631820799999999849e+01
6.622669999999999391e+01
6.595822900000000288e+01
6.545043400000000133e+01
6.490350700000000472e+01
6.496459900000000687e+01
6.457872000000000412e+01
6.382223100000000215e+01
6.347621900000000039e+01
6.321506399999999815e+01
6.269060000000000343e+01
6.230896200000000107e+01
6.193924700000000172e+01
6.179796300000000286e+01
6.166020799999999724e+01
6.155425000000000324e+01
6.136339600000000161e+01
6.159755299999999778e+01
6.203766000000000247e+01
6.214217899999999872e+01
6.190218699999999785e+01
6.160045999999999822e+01
6.143752299999999877e+01
6.128662899999999780e+01
6.084572699999999656e+01
6.135968700000000098e+01
6.157891200000000254e+01
6.192410100000000028e+01
6.147417699999999741e+01
6.109205099999999788e+01
6.073858700000000255e+01
6.085590499999999992e+01
6.051641500000000207e+01
6.118503100000000217e+01
6.058630300000000091e+01
6.072600200000000115e+01
6.110543299999999789e+01
6.055790199999999857e+01
6.095060800000000256e+01
6.135474500000000120e+01
6.099808900000000023e+01
6.040687900000000354e+01
5.996090300000000184e+01
5.939326100000000253e+01
6.026680700000000002e+01
6.002299699999999660e+01
6.055278100000000308e+01
6.096699900000000127e+01
6.159293300000000215e+01
6.201864100000000235e+01
6.158324700000000007e+01
6.162622999999999962e+01
6.146175699999999864e+01
6.122531800000000146e+01
6.126775299999999902e+01
6.095198899999999753e+01
6.060897200000000140e+01
6.080925500000000028e+01
6.103575699999999671e+01
6.093519400000000275e+01
6.092799500000000279e+01
6.127894100000000321e+01
6.162752600000000314e+01
6.138592799999999983e+01
6.123693399999999798e+01
6.123367300000000313e+01
6.118337300000000312e+01
6.125276600000000116e+01
6.119002700000000061e+01
6.033140000000000214e+01
5.990500899999999973e+01
6.003110699999999866e+01
6.065187300000000192e+01
6.078573999999999700e+01
6.117401199999999761e+01
6.072469699999999904e+01
6.030306300000000164e+01
5.990531399999999707e+01
5.966163399999999939e+01
5.962004000000000303e+01
5.939435900000000146e+01
5.974587100000000106e+01
6.009704299999999932e+01
6.012965899999999664e+01
5.959433299999999889e+01
5.948812300000000164e+01
5.841231200000000001e+01
5.815069600000000349e+01
5.824970100000000173e+01
5.806074399999999969e+01
5.718782099999999957e+01
5.685499800000000192e+01
5.736585999999999785e+01
5.751811299999999960e+01
5.724878900000000215e+01
5.706260799999999733e+01
5.746215399999999818e+01
5.757660099999999659e+01
5.815847800000000234e+01
5.863936900000000207e+01
5.842521500000000145e+01
5.966254200000000196e+01
6.096519700000000341e+01
6.221634999999999849e+01
6.386778000000000333e+01
6.501318999999999448e+01
6.644526199999999960e+01
6.807558099999999968e+01
6.961056700000000319e+01
7.073532400000000564e+01
7.219844500000000664e+01
7.343356599999999901e+01
7.454322299999999757e+01
7.567971900000000574e+01
7.731115200000000698e+01
7.873469500000000210e+01
8.044046000000000163e+01
8.190742099999999937e+01
8.326443100000000186e+01
8.404138100000000122e+01
8.481601000000000568e+01
8.635066600000000392e+01
8.664236599999999555e+01
8.632197800000000143e+01
8.700058300000000600e+01
8.786915600000000381e+01
8.938781299999999419e+01
9.079413399999999967e+01
9.141834799999999461e+01
9.208690300000000661e+01
9.303882799999999520e+01
9.460966000000000520e+01
9.557432699999999670e+01
9.632701699999999789e+01
9.698830800000000352e+01
9.722488199999999381e+01
9.874216900000000408e+01
9.975573099999999727e+01
1.004885799999999989e+02
1.011887300000000067e+02
1.017294600000000031e+02
1.022677500000000066e+02
1.024482600000000048e+02
1.024878300000000024e+02
1.026514200000000017e+02
1.026550000000000011e+02
1.024732499999999931e+02
1.017738800000000055e+02
1.016515500000000003e+02
1.018138900000000007e+02
1.009589900000000000e+02
1.014513500000000050e+02
1.013347200000000043e+02
1.000839900000000000e+02
9.911000199999999438e+01
9.767356800000000305e+01
9.660046699999999475e+01
9.508122400000000596e+01
9.406064700000000300e+01
9.244958300000000406e+01
9.099497800000000325e+01
8.965776300000000276e+01
8.847914199999999596e+01
8.747545100000000673e+01
8.632569499999999607e+01
8.480184599999999762e+01
8.379168300000000613e+01
8.206148000000000309e+01
8.124933799999999451e+01
7.998856999999999573e+01
7.906072699999999998e+01
7.790420100000000048e+01
7.694524400000000242e+01
7.686565099999999973e+01
7.666199899999999445e+01
7.623664700000000494e+01
7.525872200000000589e+01
7.473425299999999538e+01
7.393451500000000465e+01
7.310482700000000023e+01
7.247225600000000156e+01
7.220823400000000447e+01
7.158743300000000431e+01
7.083392800000000022e+01
6.998144399999999621e+01
6.944997999999999649e+01
6.951717399999999714e+01
6.841792300000000182e+01
6.850041600000000130e+01
6.823551500000000658e+01
6.792718299999999942e+01
6.746069699999999614e+01
6.781233100000000036e+01
6.771636300000000119e+01
6.737855600000000322e+01
6.753527300000000366e+01
6.784419800000000578e+01
6.789866499999999405e+01
6.818394499999999425e+01
6.817437700000000689e+01
6.761212500000000603e+01
6.812300999999999362e+01
6.740805899999999440e+01
6.698412199999999928e+01
6.736276800000000264e+01
6.715439800000000048e+01
6.685209500000000560e+01
6.658954699999999605e+01
6.682173600000000135e+01
6.701213900000000478e+01
6.674069799999999475e+01
6.674319900000000416e+01
6.682679000000000258e+01
6.682301400000000058e+01
6.676035100000000000e+01
6.654377499999999657e+01
6.678697200000000578e+01
6.632103700000000401e+01
6.644930800000000204e+01
6.638917200000000207e+01
6.612456099999999992e+01
6.606134600000000034e+01
6.646620799999999463e+01
6.666489699999999630e+01
6.584954399999999453e+01
6.577305499999999938e+01
6.519071499999999730e+01
6.533085900000000379e+01
6.493661600000000078e+01
6.550235800000000097e+01
6.570530200000000320e+01
6.607018700000000422e+01
6.617784500000000492e+01
6.629194400000000087e+01
6.609807800000000100e+01
6.611613499999999988e+01
6.637329599999999630e+01
6.646222799999999609e+01
6.624669099999999844e+01
6.582719000000000165e+01
6.594309900000000368e+01
6.523464099999999632e+01
6.546997899999999504e+01
6.544485699999999895e+01
6.474188499999999635e+01
6.486991399999999430e+01
6.490091400000000021e+01
6.457946699999999396e+01
6.366235799999999756e+01
6.385517399999999810e+01
6.349757199999999813e+01
6.348281999999999670e+01
6.343071700000000135e+01
6.371441999999999695e+01
6.374611000000000161e+01
6.288626000000000005e+01
6.330111999999999739e+01
6.346677999999999997e+01
6.333313499999999863e+01
6.268339699999999937e+01
6.194781900000000263e+01
6.201513500000000079e+01
6.173602000000000345e+01
6.136029299999999864e+01
6.115366999999999820e+01
6.101184899999999800e+01
6.068013599999999741e+01
5.955473899999999787e+01
5.971505499999999955e+01
5.938403399999999976e+01
5.918051499999999976e+01
5.884971399999999875e+01
5.852013000000000176e+01
5.866001700000000341e+01
5.854106099999999913e+01
5.886965200000000209e+01
5.878817000000000093e+01
5.933523199999999775e+01
5.873677599999999899e+01
5.914236400000000060e+01
5.870880199999999860e+01
5.888974199999999826e+01
5.913674000000000319e+01
5.957361999999999824e+01
6.050925000000000153e+01
6.156090900000000232e+01
6.243991100000000216e+01
6.337013300000000271e+01
6.447009400000000312e+01
6.599750099999999975e+01
6.711408799999999530e+01
6.844842800000000693e+01
7.002362100000000567e+01
7.129999200000000315e+01
7.163043799999999806e+01
7.346887800000000368e+01
7.432739200000000324e+01
7.557660400000000323e+01
7.698031899999999439e+01
7.827621100000000354e+01
7.879259899999999561e+01
7.957112200000000257e+01
8.096812900000000468e+01
8.075787200000000610e+01
8.127617200000000253e+01
8.167412099999999953e+01
8.260473100000000102e+01
8.300371499999999969e+01
8.401866800000000524e+01
8.492961599999999578e+01
8.550547500000000412e+01
8.674865800000000604e+01
8.731147500000000150e+01
8.830639600000000655e+01
8.905166599999999733e+01
8.976313899999999535e+01
9.067898399999999981e+01
9.215990800000000149e+01
9.353514699999999493e+01
9.456019999999999470e+01
9.541304399999999930e+01
9.579026100000000099e+01
9.666722799999999438e+01
9.698827699999999652e+01
9.744612200000000257e+01
9.816677400000000375e+01
9.874200199999999938e+01
9.871288699999999494e+01
9.890384000000000242e+01
9.940901300000000163e+01
9.962132900000000291e+01
1.000697499999999991e+02
1.004818199999999990e+02
1.002052300000000002e+02
1.003224400000000003e+02
9.944862999999999431e+01
9.894994599999999707e+01
9.849955500000000086e+01
9.694391899999999396e+01
9.589052499999999668e+01
9.534756400000000554e+01
9.400740299999999650e+01
9.271464000000000283e+01
9.128089599999999848e+01
8.988572100000000376e+01
8.901473799999999414e+01
8.785768699999999853e+01
8.696159799999999507e+01
8.552368300000000545e+01
8.431512200000000234e+01
8.358189099999999883e+01
8.317801599999999951e+01
8.266044999999999732e+01
8.159976899999999489e+01
8.118228799999999978e+01
8.094397899999999879e+01
8.042213800000000390e+01
7.952294799999999952e+01
7.910829699999999320e+01
7.814241300000000479e+01
7.707729999999999393e+01
7.655636499999999955e+01
7.608876399999999762e+01
7.586017200000000571e+01
7.532687099999999703e+01
7.505245499999999481e+01
7.482096099999999694e+01
7.379676399999999603e+01
7.318529900000000055e+01
7.268920300000000623e+01
7.199785599999999874e+01
7.166579199999999616e+01
7.153731000000000506e+01
7.132529999999999859e+01
7.197344099999999401e+01
7.144022800000000473e+01
7.102618599999999560e+01
7.064658699999999669e+01
7.050337600000000293e+01
7.023544499999999857e+01
6.978570799999999963e+01
6.983252000000000237e+01
6.970761799999999653e+01
6.921347699999999747e+01
6.872940599999999733e+01
6.823841299999999421e+01
6.800898599999999306e+01
6.766508199999999817e+01
6.734369300000000180e+01
6.821696799999999428e+01
6.781704100000000324e+01
6.787717700000000320e+01
6.810806499999999630e+01
6.744890100000000643e+01
6.780460999999999672e+01
6.717058699999999760e+01
6.651471999999999696e+01
6.636638299999999902e+01
6.648105800000000443e+01
6.636456499999999892e+01
6.655120399999999847e+01
6.650493500000000324e+01
6.594483400000000017e+01
6.561663900000000638e+01
6.536554399999999987e+01
6.540400800000000459e+01
6.484893300000000238e+01
6.472116699999999412e+01
6.474414600000000064e+01
6.449911099999999919e+01
6.442848999999999648e+01
6.486887199999999609e+01
6.441151499999999430e+01
6.399892499999999984e+01
6.367077700000000107e+01
6.316206999999999994e+01
6.349195799999999679e+01
6.303424199999999900e+01
6.399601200000000034e+01
6.420922400000000607e+01
6.431087200000000337e+01
6.480128100000000302e+01
6.531411300000000608e+01
6.551563600000000065e+01
6.586966999999999928e+01
6.492509300000000394e+01
6.492963899999999455e+01
6.430527700000000380e+01
6.379574600000000117e+01
6.342137600000000219e+01
6.301088800000000134e+01
6.234107300000000151e+01
6.130270900000000012e+01
6.116523300000000063e+01
6.067875999999999692e+01
6.063738800000000140e+01
6.072992700000000355e+01
6.071933299999999889e+01
6.060787299999999789e+01
6.051013799999999776e+01
5.996153000000000333e+01
5.977281599999999884e+01
5.874710499999999769e+01
5.880028699999999731e+01
5.924127099999999757e+01
5.882483899999999721e+01
5.897688200000000336e+01
5.962708899999999801e+01
5.952504900000000276e+01
5.887757500000000022e+01
5.846237699999999649e+01
5.806850200000000228e+01
5.775913099999999645e+01
5.765643099999999777e+01
5.704387799999999942e+01
5.696143399999999701e+01
5.706092300000000250e+01
5.665351799999999827e+01
5.669361899999999821e+01
5.651894800000000174e+01
5.685845400000000183e+01
5.640992299999999915e+01
5.644463700000000017e+01
5.672625800000000140e+01
5.709626899999999949e+01
5.751429399999999958e+01
5.809249299999999749e+01
5.807214599999999649e+01
5.917324800000000096e+01
5.901975399999999894e+01
5.984153400000000289e+01
6.130554200000000264e+01
6.216821199999999692e+01
6.267140599999999750e+01
6.266541800000000251e+01
6.354566499999999962e+01
6.507393899999999576e+01
6.617376500000000306e+01
6.816984600000000682e+01
6.937170500000000573e+01
7.072078500000000645e+01
7.136874600000000157e+01
7.364380500000000040e+01
7.542515299999999456e+01
7.651624999999999943e+01
7.787277299999999514e+01
7.867799899999999980e+01
7.889403699999999731e+01
7.967996399999999824e+01
8.035937599999999748e+01
8.101965199999999356e+01
8.197042199999999923e+01
8.304957400000000689e+01
8.300423600000000590e+01
8.306425400000000536e+01
8.343150300000000641e+01
8.397876599999999314e+01
8.446200699999999983e+01
8.473092099999999505e+01
8.517216999999999416e+01
8.591833400000000154e+01
8.689096899999999835e+01
8.715959599999999341e+01
8.814518999999999949e+01
8.885474299999999914e+01
8.999893299999999385e+01
9.080562600000000373e+01
9.074852599999999825e+01
9.161054799999999432e+01
9.199978699999999776e+01
9.223618199999999945e+01
9.224409799999999393e+01
9.296577700000000277e+01
9.345540200000000652e+01
9.304892800000000364e+01
9.274416100000000540e+01
9.185745599999999911e+01
9.177408599999999694e+01
9.162734500000000537e+01
9.042344599999999843e+01
8.964664500000000658e+01
8.809908599999999979e+01
8.685184800000000394e+01
8.550722899999999527e+01
8.439415499999999781e+01
8.410108800000000429e+01
8.240970900000000654e+01
8.162135899999999822e+01
8.033110100000000386e+01
7.910547400000000096e+01
7.822220000000000084e+01
7.762805600000000084e+01
7.754739100000000462e+01
7.598755099999999629e+01
7.537809099999999773e+01
7.421998899999999821e+01
7.389145899999999756e+01
7.374719699999999989e+01
7.308331599999999639e+01
7.266029500000000496e+01
7.205908200000000363e+01
7.143969900000000450e+01
7.082692699999999775e+01
7.013802800000000559e+01
7.013246100000000638e+01
7.034681700000000149e+01
7.018412899999999865e+01
6.924481699999999762e+01
6.876136999999999944e+01
6.865566699999999400e+01
6.825458299999999667e+01
6.846499900000000594e+01
6.789326900000000364e+01
6.771445599999999843e+01
6.770826800000000389e+01
6.729461399999999571e+01
6.684908099999999820e+01
6.604226099999999633e+01
6.612971199999999783e+01
6.605619900000000655e+01
6.599877800000000150e+01
6.610503199999999424e+01
6.584923100000000318e+01
6.563552300000000628e+01
6.443933599999999728e+01
6.374689099999999797e+01
6.394924699999999973e+01
6.430312399999999684e+01
6.364244300000000010e+01
6.341593999999999909e+01
6.325156799999999890e+01
6.359216399999999680e+01
6.379330999999999818e+01
6.309609499999999827e+01
6.270993299999999948e+01
6.313115100000000268e+01
6.289862500000000267e+01
6.283559600000000245e+01
6.262326000000000192e+01
6.307512499999999989e+01
6.304396299999999798e+01
6.270417199999999980e+01
6.267354600000000175e+01
6.225934199999999663e+01
6.212521100000000018e+01
6.278068700000000035e+01
6.239509999999999934e+01
6.216256299999999868e+01
6.194257300000000299e+01
6.190632300000000043e+01
6.175809199999999777e+01
6.202632100000000293e+01
6.213476399999999700e+01
6.247319000000000244e+01
6.290650800000000231e+01
6.286985200000000162e+01
6.298391600000000068e+01
6.277699100000000243e+01
6.374300300000000163e+01
6.374060800000000171e+01
6.397725700000000160e+01
6.404495199999999500e+01
6.357436500000000024e+01
6.410460100000000239e+01
6.349835399999999908e+01
6.327479600000000204e+01
6.285919899999999672e+01
6.281321799999999911e+01
6.305039399999999716e+01
6.257530799999999971e+01
6.175988600000000162e+01
6.175287600000000054e+01
6.111068199999999706e+01
6.087498099999999823e+01
6.061731300000000289e+01
6.131074100000000016e+01
6.119990399999999653e+01
6.136217800000000011e+01
6.056108499999999850e+01
6.063472800000000262e+01
6.035423500000000274e+01
6.045600300000000260e+01
6.061794100000000185e+01
6.032625000000000171e+01
6.072607800000000111e+01
6.083155399999999702e+01
5.979951200000000000e+01
6.003590400000000216e+01
6.059052499999999952e+01
6.093708699999999823e+01
6.053421500000000322e+01
6.049799800000000261e+01
6.117367500000000291e+01
6.054120600000000252e+01
6.078049000000000035e+01
6.078020300000000020e+01
5.966897600000000068e+01
5.949886399999999753e+01
5.885791300000000348e+01
5.895724599999999782e+01
5.898106700000000302e+01
5.907770399999999711e+01
5.858976299999999782e+01
5.750955700000000093e+01
5.703146000000000271e+01
5.701138900000000120e+01
5.694594099999999770e+01
5.658306300000000277e+01
5.692236599999999669e+01
5.678423599999999993e+01
5.702853600000000256e+01
5.739871600000000029e+01
5.759406299999999845e+01
5.836195899999999881e+01
5.888665600000000211e+01
6.009870200000000295e+01
6.108566100000000176e+01
6.247127900000000267e+01
6.409011300000000233e+01
6.486314299999999378e+01
6.643998100000000306e+01
6.800500700000000620e+01
6.907350599999999474e+01
7.056099299999999630e+01
7.157158699999999385e+01
7.301480800000000215e+01
7.393715199999999754e+01
7.542471299999999701e+01
7.638690599999999620e+01
7.774464799999999798e+01
7.847588500000000522e+01
7.928058099999999797e+01
7.972823599999999544e+01
8.016411800000000198e+01
8.118503200000000675e+01
8.148930500000000166e+01
8.230764399999999625e+01
8.266553299999999638e+01
8.319941099999999778e+01
8.353512800000000027e+01
8.344298100000000318e+01
8.404922600000000443e+01
8.464802699999999902e+01
8.461891199999999458e+01
8.533714899999999659e+01
8.559145100000000639e+01
8.642603699999999378e+01
8.708059099999999830e+01
8.735998899999999878e+01
8.798040500000000463e+01
8.787086600000000658e+01
8.837215299999999729e+01
8.839868599999999788e+01
8.898029300000000319e+01
9.022690599999999961e+01
9.059177400000000091e+01
9.074834500000000048e+01
9.087851200000000063e+01
9.116015500000000316e+01
9.088781799999999578e+01
9.036337299999999573e+01
9.003258399999999995e+01
8.911939900000000137e+01
8.885273800000000222e+01
8.773207999999999629e+01
8.659489999999999554e+01
8.587635899999999367e+01
8.503309400000000551e+01
8.400696100000000399e+01
8.227601400000000353e+01
8.174125200000000291e+01
8.062895199999999818e+01
7.950418500000000677e+01
7.814134300000000621e+01
7.732367299999999943e+01
7.696981599999999446e+01
7.605051699999999926e+01
7.559617299999999318e+01
7.493128600000000006e+01
7.443064499999999839e+01
7.290421499999999355e+01
7.257483899999999721e+01
7.249444099999999480e+01
7.172275999999999385e+01
7.189216299999999649e+01
7.058497900000000413e+01
6.990991999999999962e+01
6.932553299999999297e+01
6.937402899999999306e+01
6.871244500000000244e+01
6.855125300000000266e+01
6.880611600000000294e+01
6.826584900000000289e+01
6.791831000000000529e+01
6.803538700000000006e+01
6.755190399999999329e+01
6.759373499999999524e+01
6.691039200000000164e+01
6.720947400000000016e+01
6.783084700000000566e+01
6.771606400000000292e+01
6.831615399999999738e+01
6.792929599999999368e+01
6.832528299999999888e+01
6.781269000000000347e+01
6.715258699999999692e+01
6.663520300000000418e+01
6.667716699999999719e+01
6.689699500000000398e+01
6.687910899999999970e+01
6.592974999999999852e+01
6.580933600000000183e+01
6.553309699999999793e+01
6.565961000000000070e+01
6.615170899999999676e+01
6.563977199999999357e+01
6.542858200000000579e+01
6.534766799999999876e+01
6.539734599999999887e+01
6.556106599999999673e+01
6.550219699999999534e+01
6.529889000000000010e+01
6.543109099999999501e+01
6.530987600000000270e+01
6.568806100000000470e+01
6.544687999999999306e+01
6.519924699999999973e+01
6.506589599999999507e+01
6.487422999999999718e+01
6.465019499999999653e+01
6.507079899999999384e+01
6.532756000000000540e+01
6.505383899999999642e+01
6.458292799999999545e+01
6.508233799999999292e+01
6.430668900000000576e+01
6.459196300000000690e+01
6.505488200000000631e+01
6.496419899999999359e+01
6.471685200000000293e+01
6.480412800000000573e+01
6.449483200000000238e+01
6.460394700000000512e+01
6.496287200000000439e+01
6.493143600000000504e+01
6.442136299999999949e+01
6.441804399999999475e+01
6.461709600000000364e+01
6.461511900000000708e+01
6.407261900000000310e+01
6.387399599999999822e+01
6.372824599999999862e+01
6.309538899999999728e+01
6.323380499999999671e+01
6.247722600000000170e+01
6.280729999999999791e+01
6.249081999999999937e+01
6.263933099999999854e+01
6.210313599999999923e+01
6.146644299999999816e+01
6.127477300000000326e+01
6.171873099999999823e+01
6.165583699999999823e+01
6.188303599999999705e+01
6.143998799999999960e+01
6.080385700000000071e+01
6.140002299999999735e+01
6.136655499999999819e+01
6.072114499999999992e+01
6.048217199999999849e+01
6.015855499999999978e+01
5.979400400000000104e+01
5.990579799999999722e+01
5.945523299999999978e+01
5.955096799999999746e+01
5.916036700000000081e+01
5.878052699999999930e+01
5.846307099999999934e+01
5.817949300000000079e+01
5.788120800000000088e+01
5.745201200000000341e+01
5.659564400000000006e+01
5.617320099999999883e+01
5.631629399999999919e+01
5.691969799999999680e+01
5.608060499999999848e+01
5.571349699999999672e+01
5.596618099999999885e+01
5.602889499999999856e+01
5.589562899999999956e+01
5.638374799999999709e+01
5.686999899999999997e+01
5.717946700000000249e+01
5.728143099999999777e+01
5.739557200000000137e+01
5.832333799999999968e+01
5.986901300000000248e+01
6.084953600000000051e+01
6.249519599999999997e+01
6.328727800000000059e+01
6.498415400000000375e+01
6.559176499999999521e+01
6.647292099999999948e+01
6.756522999999999968e+01
6.897520500000000254e+01
7.067366699999999469e+01
7.206524400000000696e+01
7.463342900000000668e+01
7.537250000000000227e+01
7.662662600000000168e+01
7.773826599999999587e+01
7.864110200000000361e+01
8.005814399999999864e+01
8.135738700000000279e+01
8.209309000000000367e+01
8.296780400000000100e+01
8.365946300000000235e+01
8.390457700000000330e+01
8.462885500000000150e+01
8.554646499999999776e+01
8.619413699999999778e+01
8.644306299999999510e+01
8.676276300000000674e+01
8.708560099999999693e+01
8.809214000000000055e+01
8.865838700000000472e+01
9.000347200000000214e+01
9.066953399999999874e+01
9.071981800000000362e+01
9.183147300000000257e+01
9.279940700000000220e+01
9.365762900000000002e+01
9.420132300000000214e+01
9.511849399999999832e+01
9.549969799999999509e+01
9.539263800000000515e+01
9.585122699999999440e+01
9.628981100000000026e+01
9.581871900000000153e+01
9.583007499999999368e+01
9.621073699999999462e+01
9.597766400000000431e+01
9.515242700000000298e+01
9.522416400000000181e+01
9.407245899999999494e+01
9.403911200000000292e+01
9.266282400000000052e+01
9.134955300000000022e+01
9.115002200000000698e+01
8.944041199999999492e+01
8.822334600000000648e+01
8.714793799999999635e+01
8.612275900000000206e+01
8.537274600000000646e+01
8.464603200000000527e+01
8.335717699999999297e+01
8.202504399999999407e+01
8.059605999999999426e+01
7.869869500000000073e+01
7.759669999999999845e+01
7.639457299999999407e+01
7.557175999999999760e+01
7.468777400000000455e+01
7.376892599999999334e+01
7.281486400000000003e+01
7.193069300000000510e+01
7.100212600000000407e+01
7.017902499999999577e+01
7.017508399999999824e+01
6.947520299999999338e+01
6.918085499999999399e+01
6.886295499999999947e+01
6.851077399999999784e+01
6.881215899999999408e+01
6.883128999999999564e+01
6.802861500000000206e+01
6.751126800000000117e+01
6.702607500000000584e+01
6.712094999999999345e+01
6.696698000000000661e+01
6.658545100000000616e+01
6.564852500000000646e+01
6.525517899999999827e+01
6.470184199999999919e+01
6.384140899999999874e+01
6.382509900000000158e+01
6.344722900000000010e+01
6.379641600000000068e+01
6.307510099999999653e+01
6.333493099999999743e+01
6.358631700000000109e+01
6.301796300000000173e+01
6.271883400000000108e+01
6.314780600000000277e+01
6.273246499999999770e+01
6.326624000000000336e+01
6.324206000000000216e+01
6.354991700000000066e+01
6.354600500000000096e+01
6.267211799999999755e+01
6.272836000000000212e+01
6.314859799999999979e+01
6.306285499999999900e+01
6.349360599999999977e+01
6.320440099999999717e+01
6.314499099999999743e+01
6.363918000000000319e+01
6.366643499999999989e+01
6.409717499999999291e+01
6.377733400000000330e+01
6.392848399999999742e+01
6.452507500000000107e+01
6.492075499999999977e+01
6.445484899999999584e+01
6.443915300000000457e+01
6.395951399999999865e+01
6.408477299999999843e+01
6.404979799999999557e+01
6.373801699999999926e+01
6.291862400000000122e+01
6.267863799999999941e+01
6.219336799999999954e+01
6.230308500000000294e+01
6.205758900000000011e+01
6.166353900000000010e+01
6.161383000000000010e+01
6.143579499999999882e+01
6.196641499999999780e+01
6.199634499999999804e+01
6.161107799999999912e+01
6.167694000000000187e+01
6.131198899999999696e+01
6.147865900000000039e+01
6.166120899999999949e+01
6.174654900000000168e+01
6.228700899999999763e+01
6.127796599999999927e+01
6.192646500000000032e+01
6.136965399999999704e+01
6.150317799999999835e+01
6.179032699999999778e+01
6.072109700000000032e+01
6.060662700000000314e+01
6.020240299999999678e+01
6.000719099999999884e+01
5.996970699999999965e+01
5.993484200000000328e+01
5.978657900000000325e+01
6.001157200000000103e+01
5.998891199999999913e+01
5.969005700000000303e+01
5.924128699999999981e+01
5.899121099999999984e+01
5.880517700000000048e+01
5.793613200000000063e+01
5.799368799999999879e+01
5.733993199999999746e+01
5.658590199999999726e+01
5.664527600000000263e+01
5.609518700000000280e+01
5.612033799999999673e+01
5.561175500000000227e+01
5.491519100000000009e+01
5.431266699999999759e+01
5.440168400000000304e+01
5.403106400000000065e+01
5.460015400000000341e+01
5.431293699999999802e+01
5.446925999999999846e+01
5.478414699999999726e+01
5.497457299999999947e+01
5.554378299999999768e+01
5.629458600000000246e+01
5.638177600000000211e+01
5.698971099999999979e+01
5.779895299999999736e+01
5.902926399999999774e+01
6.069097599999999915e+01
6.186247800000000296e+01
6.288146400000000114e+01
6.421820300000000259e+01
6.553067500000000223e+01
6.682165200000000027e+01
6.880146799999999985e+01
7.045194100000000503e+01
7.184680699999999831e+01
7.293775499999999568e+01
7.461274299999999471e+01
7.585013700000000370e+01
7.724336499999999717e+01
7.837112500000000637e+01
7.911921200000000454e+01
8.043353199999999958e+01
8.153181800000000123e+01
8.333018800000000681e+01
8.374172099999999830e+01
8.457235199999999509e+01
8.513018599999999481e+01
8.576579300000000217e+01
8.600952800000000309e+01
8.623240599999999745e+01
8.723030300000000636e+01
8.795456500000000233e+01
8.877367999999999881e+01
8.965848699999999383e+01
9.036579399999999396e+01
9.157598500000000286e+01
9.305552500000000293e+01
9.389091100000000267e+01
9.455601000000000056e+01
9.512746699999999578e+01
9.615579700000000685e+01
9.695004900000000703e+01
9.784612799999999311e+01
9.794033500000000458e+01
9.822097499999999570e+01
9.913037599999999827e+01
9.958866399999999430e+01
9.973600399999999411e+01
1.002248900000000020e+02
1.003958800000000053e+02
1.007634199999999964e+02
1.008686600000000055e+02
1.003660799999999966e+02
1.003111399999999946e+02
1.000760499999999951e+02
