5.008569800000000072e+01
5.031978699999999805e+01
5.013656699999999944e+01
5.012075399999999803e+01
4.958644699999999972e+01
4.926780999999999722e+01
4.871303799999999740e+01
4.836010600000000181e+01
4.830851599999999735e+01
4.780708200000000119e+01
4.817266599999999954e+01
4.862407999999999930e+01
4.814958800000000139e+01
4.837967900000000299e+01
4.847339600000000104e+01
4.766539300000000168e+01
4.720330299999999824e+01
4.664478100000000182e+01
4.628216599999999659e+01
4.579876000000000147e+01
4.530718999999999852e+01
4.492406199999999927e+01
4.474398000000000053e+01
4.515087199999999967e+01
4.454741200000000134e+01
4.482393400000000128e+01
4.539439699999999789e+01
4.593520699999999835e+01
4.573351499999999703e+01
4.581841500000000167e+01
4.579990600000000001e+01
4.595370100000000235e+01
4.598263500000000192e+01
4.572712800000000044e+01
4.625453100000000006e+01
4.709919200000000217e+01
4.856274499999999961e+01
4.976223999999999847e+01
5.180223199999999650e+01
5.312953499999999707e+01
5.414229499999999717e+01
5.622634200000000249e+01
5.780081200000000052e+01
5.906282000000000210e+01
6.078867100000000079e+01
6.179414200000000079e+01
6.319438000000000244e+01
6.412644799999999634e+01
6.503991600000000517e+01
6.620802799999999877e+01
6.633146899999999846e+01
6.679450300000000595e+01
6.688576999999999373e+01
6.728786399999999901e+01
6.746356500000000267e+01
6.817691299999999899e+01
6.837709999999999866e+01
6.852012899999999718e+01
6.889712199999999598e+01
6.907803599999999733e+01
6.975323600000000113e+01
6.963606900000000621e+01
6.974020299999999395e+01
7.050106200000000456e+01
7.072171400000000574e+01
7.073869799999999941e+01
7.207710699999999804e+01
7.297473599999999294e+01
7.380720200000000375e+01
7.467396300000000053e+01
7.584211799999999926e+01
7.668517099999999687e+01
7.750045099999999820e+01
7.799873499999999638e+01
7.840600799999999992e+01
7.919270799999999610e+01
7.942997599999999636e+01
7.941214300000000037e+01
7.932330600000000231e+01
7.920509099999999592e+01
7.930053900000000056e+01
7.946675999999999362e+01
7.982022200000000112e+01
7.960868999999999573e+01
7.960444300000000339e+01
7.956048199999999326e+01
7.923536000000000001e+01
7.881605100000000164e+01
7.824125700000000450e+01
7.761662099999999498e+01
7.719321600000000672e+01
7.623379300000000569e+01
7.505695400000000461e+01
7.368314300000000117e+01
7.176869499999999391e+01
7.031803499999999474e+01
6.945868299999999351e+01
6.831845900000000427e+01
6.799097399999999425e+01
6.764425900000000524e+01
6.729289799999999389e+01
6.726324700000000689e+01
6.716740799999999467e+01
6.669938399999999490e+01
6.561264500000000055e+01
6.531864600000000110e+01
6.500283199999999795e+01
6.472783300000000395e+01
6.469176199999999710e+01
6.467699000000000353e+01
6.478714899999999943e+01
6.455617800000000273e+01
6.477381699999999398e+01
6.450571499999999503e+01
6.401276699999999664e+01
6.405942199999999787e+01
6.427606099999999856e+01
6.337639300000000020e+01
6.250544099999999759e+01
6.221219800000000077e+01
6.237705900000000270e+01
6.128049399999999736e+01
6.107951200000000114e+01
6.058595400000000097e+01
6.022277499999999861e+01
5.980428599999999761e+01
5.931848200000000304e+01
5.917454200000000242e+01
5.859668500000000080e+01
5.850938800000000128e+01
5.820208800000000338e+01
5.764750300000000038e+01
5.791980000000000217e+01
5.761346400000000045e+01
5.833831399999999689e+01
5.766438800000000242e+01
5.784155100000000260e+01
5.767381199999999808e+01
5.704873899999999765e+01
5.656946400000000352e+01
5.665167799999999687e+01
5.679780499999999677e+01
5.697701500000000152e+01
5.704555299999999818e+01
5.701886600000000271e+01
5.723468700000000098e+01
5.767490999999999701e+01
5.757289600000000007e+01
5.787460800000000205e+01
5.765898500000000126e+01
5.746167899999999662e+01
5.648274299999999926e+01
5.613947699999999941e+01
5.635802499999999782e+01
5.631717700000000093e+01
5.689713600000000326e+01
5.634518899999999775e+01
5.662156199999999728e+01
5.659373800000000188e+01
5.643947200000000208e+01
5.661164500000000288e+01
5.613848300000000080e+01
5.577953500000000275e+01
5.506242900000000162e+01
5.503542600000000107e+01
5.482571099999999831e+01
5.456833999999999918e+01
5.421732999999999691e+01
5.480268000000000228e+01
5.489855699999999672e+01
5.493221900000000346e+01
5.417560999999999893e+01
5.421485200000000049e+01
5.405366699999999724e+01
5.416270899999999955e+01
5.380970299999999895e+01
5.352289900000000245e+01
5.362729099999999960e+01
5.311656700000000342e+01
5.316308899999999937e+01
5.314771600000000262e+01
5.310287900000000150e+01
5.287787800000000260e+01
5.242748999999999882e+01
5.247530499999999876e+01
5.144109600000000171e+01
5.142235099999999903e+01
5.040530400000000100e+01
5.027707000000000193e+01
5.044787300000000130e+01
5.046417100000000033e+01
4.996862300000000090e+01
4.977098199999999650e+01
4.965827900000000028e+01
4.896947200000000322e+01
4.874831700000000012e+01
4.898811400000000305e+01
4.899219899999999939e+01
4.870072900000000260e+01
4.865425400000000167e+01
4.798724899999999849e+01
4.786063899999999904e+01
4.786415900000000079e+01
4.755682600000000093e+01
4.716789500000000146e+01
4.708565800000000223e+01
4.713419900000000240e+01
4.749640999999999735e+01
4.756791700000000134e+01
4.759630899999999798e+01
4.776088399999999723e+01
4.758879100000000051e+01
4.791401100000000213e+01
4.899413200000000046e+01
5.081841699999999662e+01
5.248521999999999821e+01
5.377365300000000303e+01
5.559336499999999859e+01
5.704793999999999699e+01
5.859407300000000163e+01
6.032185100000000233e+01
6.216075000000000017e+01
6.414414499999999464e+01
6.590224999999999511e+01
6.719156499999999710e+01
6.822817399999999566e+01
6.937668399999999735e+01
6.997290599999999472e+01
6.989278699999999844e+01
7.023263300000000697e+01
7.072937699999999950e+01
7.086675800000000436e+01
7.111905400000000554e+01
7.123968299999999942e+01
7.181334400000000073e+01
7.207098100000000329e+01
7.265371000000000379e+01
7.300375300000000323e+01
7.409877899999999329e+01
7.451567699999999661e+01
7.512757799999999975e+01
7.521560800000000313e+01
7.590890100000000018e+01
7.652816099999999722e+01
7.725629499999999439e+01
7.779781400000000247e+01
7.831097599999999659e+01
7.896553600000000017e+01
7.949309599999999421e+01
7.991391900000000703e+01
8.024886499999999501e+01
8.103057699999999386e+01
8.187905000000000655e+01
8.299081499999999778e+01
8.389570700000000159e+01
8.460288099999999645e+01
8.501208499999999901e+01
8.475136899999999684e+01
8.500997900000000129e+01
8.471118699999999535e+01
8.491574099999999703e+01
8.455785699999999849e+01
8.465364499999999737e+01
8.454379600000000039e+01
8.374150000000000205e+01
8.320255899999999372e+01
8.245616200000000617e+01
8.231368399999999497e+01
8.134812300000000107e+01
8.064609099999999842e+01
7.978896699999999953e+01
7.838302099999999939e+01
7.658563200000000393e+01
7.560452399999999784e+01
7.407932399999999973e+01
7.297811000000000092e+01
7.207427099999999598e+01
7.115132599999999741e+01
7.102363800000000538e+01
7.089670099999999309e+01
7.073225300000000004e+01
7.027243099999999743e+01
6.966836000000000695e+01
6.930970000000000653e+01
6.856629499999999666e+01
6.850466900000000692e+01
6.817059100000000171e+01
6.762903099999999768e+01
6.741149400000000469e+01
6.653061999999999898e+01
6.619617100000000676e+01
6.625220199999999693e+01
6.558918199999999388e+01
6.536678299999999808e+01
6.531069300000000055e+01
6.481547399999999470e+01
6.514421900000000676e+01
6.488894299999999760e+01
6.465063999999999567e+01
6.484925800000000606e+01
6.413946099999999717e+01
6.408218700000000467e+01
6.399757300000000271e+01
6.283942600000000311e+01
6.163717299999999710e+01
6.119586300000000278e+01
6.069505999999999801e+01
6.041348399999999685e+01
6.067941299999999671e+01
6.028830200000000161e+01
5.984213100000000196e+01
5.953920500000000260e+01
5.902950400000000286e+01
5.894735000000000014e+01
5.912884900000000243e+01
5.900820300000000174e+01
5.880377000000000010e+01
5.856446100000000143e+01
5.818837299999999857e+01
5.828303799999999768e+01
5.829570300000000316e+01
5.830634500000000031e+01
5.824544900000000069e+01
5.832324799999999954e+01
5.827868399999999838e+01
5.845421499999999781e+01
5.861302799999999991e+01
5.846087800000000101e+01
5.880302100000000110e+01
5.873889599999999689e+01
5.829526800000000009e+01
5.857975499999999869e+01
5.837077500000000185e+01
5.861581199999999825e+01
5.805718799999999646e+01
5.883223900000000128e+01
5.823124500000000126e+01
5.781081100000000106e+01
5.806141600000000125e+01
5.772670000000000101e+01
5.775808899999999824e+01
5.782566299999999870e+01
5.741576799999999992e+01
5.767576799999999793e+01
5.704302200000000056e+01
5.651106599999999958e+01
5.618171000000000248e+01
5.614775300000000158e+01
5.597382300000000299e+01
5.547810499999999934e+01
5.501683899999999738e+01
5.493920800000000071e+01
5.447712700000000297e+01
5.452458500000000186e+01
5.462303500000000156e+01
5.489632199999999784e+01
5.466499999999999915e+01
5.455958700000000050e+01
5.416240100000000268e+01
5.365581799999999646e+01
5.362110799999999955e+01
5.353814100000000309e+01
5.358929499999999990e+01
5.377246399999999937e+01
5.379742300000000199e+01
5.339929399999999760e+01
5.340577499999999844e+01
5.358733000000000146e+01
5.352650299999999817e+01
5.334364899999999921e+01
5.325569899999999990e+01
5.273477900000000318e+01
5.267415900000000306e+01
5.225466999999999729e+01
5.249002800000000235e+01
5.271890599999999694e+01
5.259883899999999812e+01
5.205950899999999848e+01
5.183077099999999859e+01
5.133089900000000227e+01
5.172493000000000052e+01
5.120459499999999764e+01
5.074254299999999773e+01
5.050263999999999953e+01
5.043819700000000239e+01
5.053384400000000198e+01
5.062873600000000351e+01
5.082080799999999954e+01
5.103157099999999957e+01
5.095896799999999871e+01
5.153247300000000308e+01
5.155971199999999754e+01
5.207938899999999904e+01
5.254328900000000147e+01
5.418652999999999764e+01
5.582275200000000126e+01
5.763259800000000155e+01
5.908305399999999707e+01
6.121650400000000047e+01
6.334610500000000144e+01
6.543318700000000376e+01
6.669947700000000168e+01
6.889144400000000701e+01
7.056085299999999449e+01
7.138367599999999413e+01
7.306016999999999939e+01
7.371917700000000195e+01
7.462529299999999921e+01
7.457165299999999775e+01
7.507684500000000583e+01
7.562637100000000601e+01
7.605050799999999356e+01
7.604555899999999724e+01
7.599149099999999635e+01
7.596832100000000310e+01
7.627984800000000121e+01
7.667884999999999707e+01
7.695632899999999665e+01
7.683765200000000561e+01
7.760386400000000151e+01
7.806436399999999765e+01
7.841419899999999643e+01
7.899550600000000600e+01
7.952360799999999585e+01
8.065883900000000040e+01
8.125943499999999631e+01
8.161415900000000079e+01
8.171182500000000459e+01
8.277331499999999664e+01
8.371242499999999609e+01
8.476804900000000487e+01
8.532015300000000479e+01
8.607506100000000515e+01
8.688748999999999967e+01
8.723022600000000182e+01
8.817697699999999372e+01
8.823427300000000173e+01
8.821150799999999492e+01
8.832008199999999931e+01
8.862321799999999428e+01
8.848683900000000335e+01
8.817122200000000021e+01
8.809098299999999426e+01
8.772568499999999858e+01
8.758029500000000667e+01
8.672952800000000195e+01
8.638361600000000351e+01
8.586416499999999985e+01
8.502467099999999789e+01
8.379128199999999538e+01
8.249293000000000120e+01
8.125818999999999903e+01
8.019844399999999496e+01
7.850246799999999325e+01
7.719815099999999575e+01
7.551329400000000192e+01
7.450384499999999832e+01
7.367001999999999384e+01
7.262454499999999769e+01
7.249833200000000488e+01
7.196653000000000588e+01
7.129175200000000245e+01
7.135864300000000071e+01
7.048482900000000484e+01
6.987307099999999593e+01
6.953575100000000475e+01
6.951724500000000262e+01
6.930950599999999895e+01
6.892146099999999365e+01
6.912408800000000042e+01
6.834538700000000233e+01
6.820170799999999645e+01
6.816826899999999512e+01
6.774068300000000420e+01
6.776116799999999785e+01
6.704868000000000450e+01
6.600298800000000199e+01
6.549811499999999853e+01
6.556028899999999737e+01
6.484270800000000179e+01
6.440155099999999777e+01
6.373077899999999829e+01
6.326181400000000110e+01
6.298251900000000347e+01
6.235810699999999684e+01
6.174872799999999984e+01
6.122434799999999910e+01
6.108367199999999997e+01
6.072759500000000088e+01
6.010817899999999980e+01
5.981308200000000141e+01
5.995665600000000239e+01
5.981391500000000150e+01
5.937960900000000208e+01
5.909040499999999696e+01
5.935512599999999850e+01
5.953241899999999731e+01
5.955502100000000354e+01
5.974101999999999890e+01
5.968775399999999820e+01
5.947154400000000152e+01
5.952072299999999672e+01
5.942459300000000155e+01
5.980595900000000142e+01
5.979060700000000139e+01
5.911332399999999865e+01
5.971016000000000190e+01
5.942229100000000130e+01
5.936749600000000271e+01
5.965979300000000052e+01
5.970982200000000262e+01
5.960271699999999839e+01
5.965919499999999687e+01
5.926261199999999718e+01
6.004654200000000230e+01
6.012944300000000197e+01
5.986595599999999706e+01
5.983767900000000139e+01
5.951890900000000073e+01
6.023525200000000268e+01
6.003638699999999773e+01
6.022192799999999835e+01
6.018370199999999670e+01
6.029851000000000028e+01
6.003522399999999948e+01
5.954447300000000354e+01
5.993683000000000050e+01
6.075977100000000064e+01
6.059135799999999961e+01
6.026468500000000006e+01
5.976679099999999778e+01
5.958085499999999968e+01
5.934774199999999666e+01
5.920712100000000078e+01
5.906921599999999728e+01
5.930973000000000184e+01
5.949050299999999680e+01
5.901624000000000336e+01
5.906674699999999945e+01
5.912441599999999653e+01
5.886611099999999652e+01
5.874836599999999720e+01
5.844161700000000081e+01
5.828101900000000057e+01
5.813632100000000236e+01
5.779599799999999732e+01
5.777696799999999655e+01
5.713559899999999914e+01
5.667313599999999951e+01
5.619914700000000352e+01
5.645980099999999879e+01
5.691641500000000065e+01
5.700261400000000123e+01
5.694386599999999987e+01
5.633885300000000029e+01
5.626560500000000076e+01
5.637362000000000251e+01
5.563659599999999728e+01
5.537823399999999907e+01
5.504214199999999835e+01
5.469236399999999776e+01
5.412100699999999875e+01
5.410777000000000214e+01
5.457973199999999991e+01
5.387814999999999799e+01
5.393131000000000341e+01
5.395249900000000309e+01
5.408865899999999982e+01
5.414242999999999739e+01
5.405697599999999881e+01
5.372750899999999774e+01
5.365011400000000208e+01
5.381165800000000132e+01
5.409174099999999896e+01
5.525835399999999709e+01
5.673257199999999756e+01
5.844512900000000144e+01
6.023854699999999696e+01
6.192079600000000283e+01
6.380746599999999802e+01
6.548447500000000332e+01
6.743717599999999379e+01
6.897431500000000426e+01
7.095069200000000365e+01
7.235290999999999428e+01
7.357224399999999775e+01
7.433573199999999304e+01
7.490071899999999516e+01
7.592747300000000621e+01
7.646608700000000169e+01
7.687914000000000669e+01
7.754622700000000179e+01
7.736074000000000694e+01
7.772802000000000078e+01
7.738777699999999982e+01
7.818656000000000006e+01
7.860274900000000287e+01
7.903749899999999684e+01
7.961505400000000066e+01
7.983023400000000436e+01
8.061161599999999794e+01
8.114485999999999422e+01
8.105146000000000583e+01
8.120790399999999920e+01
8.134438099999999849e+01
8.239198899999999526e+01
8.325028399999999351e+01
8.378572900000000345e+01
8.466976099999999406e+01
8.558301000000000158e+01
8.658737299999999948e+01
8.754411000000000342e+01
8.876307900000000473e+01
8.937187299999999368e+01
8.997234699999999918e+01
9.077085800000000404e+01
9.132491799999999671e+01
9.135917200000000093e+01
9.132695999999999970e+01
9.086321700000000590e+01
9.059598499999999888e+01
9.017644699999999602e+01
8.997920899999999733e+01
8.934471499999999367e+01
8.944470800000000565e+01
8.849815499999999702e+01
8.810557000000000016e+01
8.722333600000000331e+01
8.621615599999999802e+01
8.542571900000000085e+01
8.432556300000000249e+01
8.380431900000000667e+01
8.247473399999999799e+01
8.181785299999999950e+01
8.029804400000000442e+01
7.911763500000000704e+01
7.755523700000000531e+01
7.641836600000000601e+01
7.552006099999999833e+01
7.478725500000000181e+01
7.395384699999999611e+01
7.336570000000000391e+01
7.282010300000000314e+01
7.201044000000000267e+01
7.156879700000000355e+01
7.142151200000000699e+01
7.076713300000000118e+01
7.043890399999999374e+01
7.008634899999999845e+01
6.991455899999999701e+01
6.972689200000000653e+01
6.922324000000000410e+01
6.893152100000000360e+01
6.918263000000000318e+01
6.864847299999999564e+01
6.853310899999999606e+01
6.846784100000000706e+01
6.787647800000000586e+01
6.769348499999999547e+01
6.727418299999999363e+01
6.661947700000000339e+01
6.641536600000000590e+01
6.595843700000000354e+01
6.528838299999999606e+01
6.457920300000000680e+01
6.392965800000000343e+01
6.355283099999999763e+01
6.292642299999999977e+01
6.217236299999999716e+01
6.224109700000000345e+01
6.198901200000000244e+01
6.199503700000000350e+01
6.185095199999999949e+01
6.133799100000000237e+01
6.167685099999999920e+01
6.072381699999999682e+01
6.104969799999999935e+01
6.034327199999999891e+01
6.072611500000000007e+01
6.038223599999999891e+01
5.993132099999999696e+01
5.961987299999999834e+01
5.970044099999999787e+01
6.006517300000000148e+01
5.986212199999999939e+01
5.972037399999999963e+01
6.002018400000000042e+01
5.991211700000000207e+01
5.966583399999999671e+01
5.932435799999999659e+01
5.888818700000000206e+01
5.891426899999999733e+01
5.855565299999999951e+01
5.871068400000000054e+01
5.881740200000000129e+01
5.853949800000000181e+01
5.845389899999999983e+01
5.816632700000000256e+01
5.703220000000000312e+01
5.673934100000000313e+01
5.666262600000000305e+01
5.633955999999999875e+01
5.621933700000000300e+01
5.614514100000000241e+01
5.557343999999999795e+01
5.546867499999999751e+01
5.506786100000000062e+01
5.432930199999999843e+01
5.464186200000000326e+01
5.456932299999999714e+01
5.415075600000000122e+01
5.430713399999999780e+01
5.350951200000000085e+01
5.254531699999999717e+01
5.224419600000000230e+01
5.215179799999999943e+01
5.214859799999999979e+01
5.170492200000000338e+01
5.092830899999999872e+01
5.142561800000000005e+01
5.093668900000000122e+01
4.990852600000000194e+01
4.971667999999999665e+01
4.961758799999999781e+01
4.960242199999999713e+01
4.922188500000000033e+01
4.938744700000000165e+01
4.889330199999999849e+01
4.880360600000000204e+01
4.861008499999999799e+01
4.826886499999999813e+01
4.842140700000000209e+01
4.840192400000000106e+01
4.740989100000000178e+01
4.741472199999999759e+01
4.694710700000000259e+01
4.716314899999999710e+01
4.650861299999999687e+01
4.683031799999999834e+01
4.652441699999999969e+01
4.692844500000000352e+01
4.684351300000000151e+01
4.662385700000000099e+01
4.655219999999999914e+01
4.614735100000000045e+01
4.638254599999999783e+01
4.602355800000000130e+01
4.615939800000000304e+01
4.614116500000000087e+01
4.666344099999999884e+01
4.672101700000000335e+01
4.680570500000000322e+01
4.700382900000000319e+01
4.705902900000000244e+01
4.755071699999999879e+01
4.872641999999999740e+01
5.019385700000000128e+01
5.177849400000000202e+01
5.404696200000000061e+01
5.592185599999999823e+01
5.731031300000000073e+01
5.951031499999999852e+01
6.076833299999999838e+01
6.252397299999999802e+01
6.465978599999999687e+01
6.635936300000000188e+01
6.750689099999999598e+01
6.843405599999999822e+01
6.927272000000000673e+01
6.971016500000000349e+01
6.997699699999999723e+01
7.053094699999999762e+01
7.189120400000000188e+01
7.210650599999999599e+01
7.248169400000000451e+01
7.270046600000000581e+01
7.318967000000000667e+01
7.334610899999999845e+01
7.369009800000000610e+01
7.392059500000000583e+01
7.466773499999999331e+01
7.513992700000000013e+01
7.596190099999999745e+01
7.629840000000000089e+01
7.723163999999999874e+01
7.767206000000000188e+01
7.845325900000000274e+01
7.906600000000000250e+01
7.955465499999999679e+01
7.981500499999999931e+01
7.988904599999999334e+01
8.041250800000000254e+01
8.099760899999999708e+01
8.228485700000000236e+01
8.234357199999999466e+01
8.327156600000000708e+01
8.331890500000000088e+01
8.428811399999999310e+01
8.424330199999999991e+01
8.425891799999999421e+01
8.459810299999999472e+01
8.423243800000000192e+01
8.412525100000000577e+01
8.396444700000000694e+01
8.363738499999999476e+01
8.305969600000000241e+01
8.222204700000000344e+01
8.117717100000000130e+01
8.039297700000000191e+01
7.931490399999999852e+01
7.815493600000000640e+01
7.711585999999999785e+01
7.564527800000000468e+01
7.479072399999999732e+01
7.345613699999999824e+01
7.198731200000000285e+01
7.127559200000000317e+01
6.991838400000000320e+01
7.001041800000000137e+01
6.967652599999999552e+01
6.923376600000000280e+01
6.844155999999999551e+01
6.808807699999999841e+01
6.737229899999999816e+01
6.724281299999999817e+01
6.745113899999999774e+01
6.675273199999999463e+01
6.644763500000000533e+01
6.638983299999999588e+01
6.638639399999999569e+01
6.536021700000000578e+01
6.534485800000000211e+01
6.509972700000000145e+01
6.460514299999999821e+01
6.437998199999999827e+01
6.386706999999999823e+01
6.322598599999999891e+01
6.238496500000000111e+01
6.180410700000000190e+01
6.113924200000000297e+01
6.038325600000000293e+01
6.040369499999999903e+01
6.024002699999999777e+01
6.018996400000000335e+01
5.945071300000000036e+01
5.942987500000000267e+01
5.880807699999999727e+01
5.860252899999999698e+01
5.804689900000000335e+01
5.800620500000000135e+01
5.802170100000000019e+01
5.711578399999999789e+01
5.690655499999999734e+01
5.646113100000000173e+01
5.621118799999999993e+01
5.671538900000000183e+01
5.622082999999999942e+01
5.669529299999999949e+01
5.651401700000000261e+01
5.649101600000000190e+01
5.664614600000000166e+01
5.630593999999999966e+01
5.625648999999999944e+01
5.688884699999999839e+01
5.602129300000000001e+01
5.576609700000000203e+01
5.631708700000000078e+01
5.577527200000000107e+01
5.614578300000000155e+01
5.545670400000000200e+01
5.550616899999999987e+01
5.618946499999999844e+01
5.631554700000000224e+01
5.631503800000000126e+01
5.624827700000000164e+01
5.560056199999999649e+01
5.497661500000000245e+01
5.530075399999999775e+01
5.497126699999999744e+01
5.476671600000000240e+01
5.420294499999999971e+01
5.433297600000000216e+01
5.424268299999999954e+01
5.351297399999999982e+01
5.293160900000000169e+01
5.341751099999999752e+01
5.313589900000000199e+01
5.323245699999999658e+01
5.372016200000000197e+01
5.372936599999999885e+01
5.416933999999999827e+01
5.441161000000000314e+01
5.396829499999999769e+01
5.343361099999999908e+01
5.273120999999999725e+01
5.279548499999999933e+01
5.234544400000000053e+01
5.201069300000000339e+01
5.165194400000000030e+01
5.155249500000000040e+01
5.126068899999999928e+01
5.081630400000000236e+01
5.112067600000000311e+01
5.110621700000000089e+01
5.126629299999999745e+01
5.114653899999999709e+01
5.055707999999999913e+01
5.067370799999999775e+01
5.068579700000000088e+01
5.074566200000000293e+01
5.041549499999999995e+01
5.016695899999999853e+01
4.988221000000000060e+01
4.951845300000000094e+01
4.883661399999999730e+01
4.909358100000000036e+01
4.933795800000000042e+01
4.850280300000000011e+01
4.828932999999999964e+01
4.803280999999999779e+01
4.868364299999999645e+01
4.896283700000000039e+01
4.859667300000000267e+01
4.879612999999999801e+01
4.837953699999999913e+01
4.849585100000000182e+01
4.885533900000000074e+01
4.822204800000000091e+01
4.848103700000000060e+01
4.890453099999999864e+01
4.867939799999999906e+01
4.885540400000000005e+01
4.931089699999999709e+01
4.988406599999999713e+01
5.158539199999999880e+01
5.335485899999999759e+01
5.459474399999999861e+01
5.622440300000000235e+01
5.772602200000000039e+01
5.879782900000000012e+01
6.046995499999999879e+01
6.143792100000000289e+01
6.329716599999999715e+01
6.461342000000000496e+01
6.550282199999999477e+01
6.624758099999999672e+01
6.680652800000000013e+01
6.752496899999999869e+01
6.836142800000000364e+01
6.874829400000000135e+01
6.858386299999999380e+01
6.881917099999999721e+01
6.906438900000000558e+01
6.922270500000000482e+01
6.947265500000000316e+01
7.008749099999999999e+01
7.034434799999999655e+01
7.033988999999999692e+01
7.085785599999999818e+01
7.119270699999999863e+01
7.189633499999999344e+01
7.203758799999999951e+01
7.272465900000000261e+01
7.307163199999999392e+01
7.351164799999999389e+01
7.424977800000000627e+01
7.512171999999999628e+01
7.536519699999999489e+01
7.665553099999999631e+01
7.665093799999999646e+01
7.757127300000000503e+01
7.747495499999999424e+01
7.729845299999999497e+01
7.792183400000000404e+01
7.773583200000000204e+01
7.844071399999999983e+01
7.895287299999999675e+01
7.841589000000000453e+01
7.915979699999999752e+01
7.875436999999999443e+01
7.879123599999999783e+01
7.850355199999999911e+01
7.795738699999999710e+01
7.771786600000000078e+01
7.768572699999999998e+01
7.670551799999999787e+01
7.548624900000000082e+01
7.438063999999999965e+01
7.279317600000000255e+01
7.123255699999999990e+01
6.997164399999999773e+01
6.939767500000000666e+01
6.843920900000000529e+01
6.784207800000000077e+01
6.727855399999999975e+01
6.719993399999999895e+01
6.688320500000000379e+01
6.633618800000000704e+01
6.574413400000000252e+01
6.584145999999999788e+01
