7.645800800000000663e+01
7.636219499999999982e+01
7.723313899999999421e+01
7.779730499999999438e+01
7.761224799999999391e+01
7.828599699999999473e+01
7.875820299999999463e+01
7.886829099999999926e+01
7.944157900000000438e+01
8.045511999999999375e+01
8.189416300000000604e+01
8.153184199999999748e+01
8.228526399999999796e+01
8.227881399999999701e+01
8.292130099999999970e+01
8.289591199999999560e+01
8.286326200000000597e+01
8.340385000000000559e+01
8.350816799999999773e+01
8.357032499999999686e+01
8.346768500000000301e+01
8.318325400000000514e+01
8.278428599999999449e+01
8.257117499999999666e+01
8.198061599999999771e+01
8.109677600000000552e+01
8.026218000000000075e+01
7.911026099999999417e+01
7.926976600000000417e+01
7.739024999999999466e+01
7.644279000000000224e+01
7.443703800000000115e+01
7.252812900000000695e+01
7.090173400000000470e+01
6.914305799999999635e+01
6.808616800000000069e+01
6.632273899999999855e+01
6.633551799999999332e+01
6.621293900000000576e+01
6.557208400000000381e+01
6.494706700000000410e+01
6.455600300000000402e+01
6.364514100000000241e+01
6.313636300000000290e+01
6.280603599999999886e+01
6.281586399999999770e+01
6.276358299999999701e+01
6.266456500000000318e+01
6.304135899999999992e+01
6.280625100000000316e+01
6.284490699999999919e+01
6.281706899999999649e+01
6.296550299999999822e+01
6.294895199999999846e+01
6.252243299999999948e+01
6.300818199999999791e+01
6.334980099999999936e+01
6.220451400000000319e+01
6.230576700000000301e+01
6.186174299999999704e+01
6.106407099999999843e+01
6.028481800000000135e+01
6.026727000000000345e+01
5.955790499999999810e+01
5.880072100000000290e+01
5.853103399999999823e+01
5.788727099999999837e+01
5.733783300000000338e+01
5.613384200000000135e+01
5.596456799999999987e+01
5.541375399999999729e+01
5.532765899999999704e+01
5.433260500000000093e+01
5.383887000000000000e+01
5.338698200000000327e+01
5.288681600000000316e+01
5.286390800000000212e+01
5.246140700000000123e+01
5.233561199999999758e+01
5.179007000000000005e+01
5.200557700000000239e+01
5.186217899999999759e+01
5.125101999999999691e+01
5.133025200000000154e+01
5.124348599999999720e+01
5.138597599999999943e+01
5.085516400000000203e+01
5.108250799999999714e+01
5.089895200000000131e+01
5.045303100000000285e+01
5.029022899999999652e+01
5.046476799999999940e+01
5.044919000000000153e+01
5.021146900000000102e+01
4.998638299999999646e+01
5.011713600000000213e+01
5.035777900000000074e+01
5.016489099999999723e+01
5.057651899999999756e+01
5.095066299999999870e+01
5.084808699999999959e+01
5.158409000000000333e+01
5.151336400000000282e+01
5.177426200000000023e+01
5.117368700000000104e+01
5.110043900000000150e+01
5.057050100000000015e+01
5.078919499999999942e+01
5.123241900000000015e+01
5.047357300000000180e+01
5.006609900000000124e+01
4.977663100000000185e+01
4.944719599999999815e+01
4.874849499999999836e+01
4.843779299999999921e+01
4.855563099999999821e+01
4.860571399999999898e+01
4.918919000000000352e+01
4.890822500000000161e+01
4.924475499999999784e+01
4.923868499999999671e+01
5.024578300000000297e+01
5.097572199999999754e+01
5.276628000000000185e+01
5.456010500000000008e+01
5.717167100000000346e+01
5.991171299999999889e+01
6.236077000000000226e+01
6.473244300000000351e+01
6.645757100000000150e+01
6.830349200000000565e+01
7.003055899999999667e+01
7.140865999999999758e+01
7.275910799999999767e+01
7.373678800000000422e+01
7.451693799999999612e+01
7.548793899999999724e+01
7.602118900000000679e+01
7.632044600000000401e+01
7.623739799999999889e+01
7.656667600000000107e+01
7.656450599999999440e+01
7.664407199999999420e+01
7.689197299999999302e+01
7.768105099999999652e+01
7.791459100000000149e+01
7.841122699999999668e+01
7.785688000000000386e+01
7.832388899999999410e+01
7.833104799999999557e+01
7.798181300000000249e+01
7.869086099999999817e+01
7.837527400000000455e+01
7.885304200000000208e+01
7.929743600000000470e+01
7.987134299999999598e+01
8.020590500000000134e+01
8.096547400000000039e+01
8.169001799999999491e+01
8.203010600000000352e+01
8.277092899999999531e+01
8.354552599999999529e+01
8.437698000000000320e+01
8.574949700000000519e+01
8.681219799999999509e+01
8.686005299999999352e+01
8.656359700000000146e+01
8.680947799999999859e+01
8.648882399999999393e+01
8.657073099999999499e+01
8.653244399999999814e+01
8.589209400000000016e+01
8.559866100000000699e+01
8.492211299999999596e+01
8.470488799999999685e+01
8.424301499999999976e+01
8.380351100000000031e+01
8.300551699999999755e+01
8.154058799999999962e+01
8.057766399999999862e+01
7.933829099999999812e+01
7.825988399999999956e+01
7.682569300000000112e+01
7.526659200000000283e+01
7.357042800000000682e+01
7.250760999999999967e+01
7.099876299999999674e+01
6.957972700000000543e+01
6.857814299999999719e+01
6.686570199999999886e+01
6.679473900000000697e+01
6.610538900000000240e+01
6.551960699999999349e+01
6.489791599999999505e+01
6.467444399999999405e+01
6.395420699999999670e+01
6.333304499999999848e+01
6.325886500000000012e+01
6.347881799999999686e+01
6.281131799999999998e+01
6.275447100000000233e+01
6.281075299999999828e+01
6.241555799999999721e+01
6.247276200000000301e+01
6.241747999999999763e+01
6.133003899999999931e+01
6.154944799999999816e+01
6.141170699999999982e+01
6.117197900000000033e+01
6.088777199999999823e+01
6.066041299999999836e+01
6.043167300000000353e+01
5.999681600000000259e+01
5.949832200000000171e+01
5.872085700000000230e+01
5.788574599999999748e+01
5.736862800000000107e+01
5.768297100000000199e+01
5.728385200000000310e+01
5.720364800000000116e+01
5.635402799999999957e+01
5.534615699999999805e+01
5.550533899999999932e+01
5.562936499999999995e+01
5.540176400000000001e+01
5.455577199999999749e+01
5.461049500000000023e+01
5.438094699999999904e+01
5.407673900000000344e+01
5.435277099999999706e+01
5.355547500000000127e+01
5.372074899999999786e+01
5.317185899999999776e+01
5.337764299999999906e+01
5.250181400000000309e+01
5.231544900000000098e+01
5.230568099999999987e+01
5.235103399999999851e+01
5.282967000000000013e+01
5.252034499999999895e+01
5.307302700000000328e+01
5.315030999999999750e+01
5.333107799999999799e+01
5.317583599999999677e+01
5.287001200000000267e+01
5.251703899999999692e+01
5.245974600000000265e+01
5.222671900000000278e+01
5.186697399999999902e+01
5.154082300000000316e+01
5.137242899999999679e+01
5.154578399999999760e+01
5.162467300000000137e+01
5.131054900000000174e+01
5.083494199999999807e+01
5.031324099999999788e+01
5.114645600000000059e+01
5.028854299999999711e+01
5.070672499999999872e+01
5.047984100000000041e+01
5.030765199999999737e+01
5.022155399999999759e+01
4.978491199999999850e+01
4.995544300000000248e+01
4.945749099999999743e+01
4.989855399999999719e+01
4.910556700000000063e+01
4.925112800000000135e+01
4.888954400000000078e+01
4.896631000000000000e+01
4.908758999999999872e+01
4.910456599999999838e+01
4.895457499999999840e+01
4.918337199999999854e+01
4.910762600000000333e+01
5.028109800000000007e+01
5.142784799999999734e+01
5.318169199999999819e+01
5.561859799999999865e+01
5.837024000000000257e+01
6.034177300000000344e+01
6.271984599999999688e+01
6.437426200000000165e+01
6.664244999999999663e+01
6.778642000000000678e+01
6.944803400000000693e+01
7.092174199999999473e+01
7.185148900000000083e+01
7.345196300000000633e+01
7.340103499999999315e+01
7.431325300000000311e+01
7.470296000000000447e+01
7.516408900000000415e+01
7.512435000000000684e+01
7.486040800000000672e+01
7.462210600000000227e+01
7.457768000000000086e+01
7.534587199999999996e+01
7.465453999999999724e+01
7.450222399999999823e+01
7.450494199999999978e+01
7.454425399999999513e+01
7.484831400000000201e+01
7.437624999999999886e+01
7.481280300000000238e+01
7.467759300000000167e+01
7.577885600000000466e+01
7.593705199999999422e+01
7.636427100000000223e+01
7.664950000000000330e+01
7.750773399999999924e+01
7.829259000000000412e+01
7.894077400000000466e+01
7.959087200000000450e+01
7.900207299999999577e+01
7.906180999999999415e+01
7.934313799999999617e+01
8.003347300000000075e+01
7.953575499999999465e+01
8.011631800000000680e+01
8.036220799999999542e+01
8.007425100000000384e+01
7.981711699999999610e+01
7.978302999999999656e+01
7.960769799999999918e+01
7.963503400000000454e+01
7.874290499999999327e+01
7.818673900000000287e+01
7.696855600000000663e+01
7.606900100000000009e+01
7.485696000000000083e+01
7.430341099999999699e+01
7.300038800000000094e+01
7.133819200000000649e+01
6.989253100000000529e+01
6.870880300000000318e+01
6.747591199999999390e+01
6.551772300000000371e+01
6.411292899999999406e+01
6.312637300000000096e+01
6.283990000000000009e+01
6.189833900000000000e+01
6.184747099999999875e+01
6.080886799999999681e+01
6.006160500000000013e+01
6.025994200000000234e+01
5.968968900000000133e+01
5.963071099999999802e+01
5.857411799999999857e+01
5.932633599999999774e+01
5.979079500000000280e+01
5.911329500000000081e+01
5.982690000000000197e+01
5.948147999999999769e+01
5.978182499999999777e+01
5.963834200000000152e+01
5.974431400000000281e+01
5.918137999999999721e+01
5.871044799999999952e+01
5.840855200000000025e+01
5.798705499999999802e+01
5.744228700000000032e+01
5.702427099999999882e+01
5.673326500000000294e+01
5.621738799999999969e+01
5.594867200000000196e+01
5.615522899999999851e+01
5.561578899999999948e+01
5.564497099999999818e+01
5.568663699999999750e+01
5.444715999999999667e+01
5.348458500000000271e+01
5.295357700000000278e+01
5.302288200000000273e+01
5.297359199999999646e+01
5.262487600000000043e+01
5.228495300000000157e+01
5.200952399999999898e+01
5.191797300000000348e+01
5.215417800000000170e+01
5.188023900000000310e+01
5.195920199999999767e+01
5.147246100000000268e+01
5.116532600000000031e+01
5.172759700000000294e+01
5.130612200000000200e+01
5.139462199999999825e+01
5.119504799999999989e+01
5.175882099999999753e+01
5.131400200000000211e+01
5.065488599999999764e+01
5.083943899999999871e+01
5.043680400000000219e+01
5.048538400000000337e+01
4.976563000000000159e+01
4.939819599999999866e+01
4.913187099999999674e+01
4.955465499999999679e+01
4.900552299999999661e+01
4.859900199999999870e+01
4.783751999999999782e+01
4.736181400000000252e+01
4.813261299999999920e+01
4.738791599999999704e+01
4.750077699999999936e+01
4.719922199999999890e+01
4.724043199999999842e+01
4.671839599999999848e+01
4.667755199999999860e+01
4.704834699999999970e+01
4.681545200000000051e+01
4.711251800000000145e+01
4.690106500000000267e+01
4.745085900000000123e+01
4.650258399999999881e+01
4.704715699999999856e+01
4.685886800000000108e+01
4.661102900000000204e+01
4.640003999999999706e+01
4.602417499999999961e+01
4.608910399999999896e+01
4.655330299999999966e+01
4.681045000000000300e+01
4.691805099999999840e+01
4.716154499999999672e+01
4.728330900000000270e+01
4.717055200000000070e+01
4.757110699999999781e+01
4.789094300000000004e+01
4.919863099999999889e+01
5.061439399999999722e+01
5.140709799999999774e+01
5.317977199999999982e+01
5.476526700000000147e+01
5.708567699999999689e+01
5.836730399999999719e+01
5.991604199999999736e+01
6.113228800000000263e+01
6.289022200000000140e+01
6.449109900000000550e+01
6.599680700000000400e+01
6.670881300000000635e+01
6.811441000000000656e+01
6.964498299999999631e+01
6.994476099999999974e+01
7.054007699999999659e+01
7.061837300000000539e+01
7.093666600000000244e+01
7.113682099999999764e+01
7.088005699999999365e+01
7.103978499999999485e+01
7.092719099999999344e+01
7.104978099999999586e+01
7.069983899999999721e+01
7.075529699999999877e+01
7.058684999999999832e+01
7.085266000000000020e+01
7.091823399999999822e+01
7.089466699999999832e+01
7.021071999999999491e+01
6.990300200000000075e+01
7.077461599999999464e+01
7.023962500000000375e+01
7.056987700000000530e+01
7.012070500000000095e+01
7.056081399999999348e+01
7.109955399999999770e+01
7.121606599999999787e+01
7.180532100000000639e+01
7.181820000000000448e+01
7.197876499999999567e+01
7.240869899999999859e+01
7.232963100000000622e+01
7.189332199999999773e+01
7.173512399999999900e+01
7.198142900000000566e+01
7.203381600000000162e+01
7.143589799999999457e+01
7.102806300000000306e+01
7.134330599999999833e+01
7.132262299999999300e+01
7.039662099999999612e+01
6.980352200000000096e+01
6.867417399999999361e+01
6.800160999999999945e+01
6.606525399999999593e+01
6.429839300000000435e+01
6.230675999999999704e+01
6.177502700000000146e+01
6.104572000000000287e+01
5.986544700000000319e+01
5.925393799999999800e+01
5.935690699999999964e+01
5.908740900000000096e+01
5.846195999999999771e+01
5.806083300000000236e+01
5.737396100000000132e+01
5.739890199999999965e+01
5.771394200000000296e+01
5.704366100000000017e+01
5.719990700000000317e+01
5.704492199999999968e+01
5.729343899999999934e+01
5.745812999999999704e+01
5.697312000000000154e+01
5.706487500000000068e+01
5.672385100000000335e+01
5.734077200000000119e+01
5.708579100000000039e+01
5.710599899999999707e+01
5.688351000000000113e+01
5.662344399999999922e+01
5.612563999999999709e+01
5.618725899999999740e+01
5.532518300000000266e+01
5.479222899999999896e+01
5.442657400000000223e+01
5.358012500000000244e+01
5.391879200000000338e+01
5.264139099999999871e+01
5.246766600000000125e+01
5.234029600000000215e+01
5.184806400000000082e+01
5.157406600000000196e+01
5.138638600000000167e+01
5.167421399999999920e+01
5.099693500000000057e+01
5.095678000000000196e+01
5.033662400000000048e+01
4.954232199999999864e+01
4.954445299999999719e+01
4.922715300000000127e+01
4.895439499999999811e+01
4.870503999999999678e+01
4.816670599999999780e+01
4.797916800000000137e+01
4.821958500000000214e+01
4.795320000000000249e+01
4.776634200000000163e+01
4.797721800000000059e+01
4.767106799999999822e+01
4.820156000000000063e+01
4.736665500000000151e+01
4.677647199999999827e+01
4.666498899999999850e+01
4.673567700000000258e+01
4.675143099999999663e+01
4.651559000000000310e+01
4.646298199999999667e+01
4.632065099999999802e+01
4.686004400000000203e+01
4.695156000000000063e+01
4.659557900000000075e+01
4.644724099999999822e+01
4.599459900000000090e+01
4.634218899999999763e+01
4.586603300000000161e+01
4.632698200000000099e+01
4.527512600000000020e+01
4.563725300000000118e+01
4.552852500000000191e+01
4.561090500000000247e+01
4.623660999999999888e+01
4.623295999999999850e+01
4.594018299999999755e+01
4.591154900000000083e+01
4.619848300000000307e+01
4.639292400000000072e+01
4.670521399999999801e+01
4.585672900000000141e+01
4.623331600000000208e+01
4.615646199999999766e+01
4.591494699999999796e+01
4.614315500000000014e+01
4.579879199999999884e+01
4.579412500000000108e+01
4.596372099999999961e+01
4.608797299999999808e+01
4.670561000000000007e+01
4.730630699999999678e+01
4.924043100000000095e+01
5.094958700000000107e+01
5.296865799999999780e+01
5.510076300000000060e+01
5.747394700000000256e+01
5.914562399999999798e+01
6.119016299999999831e+01
6.266758200000000301e+01
6.368989100000000292e+01
6.545735500000000684e+01
6.607487299999999664e+01
6.777936300000000358e+01
6.828630099999999459e+01
6.925014899999999329e+01
7.052365100000000098e+01
7.092646999999999480e+01
7.096437000000000239e+01
7.095691200000000265e+01
7.046581000000000472e+01
6.961481799999999964e+01
6.970964100000000485e+01
6.846811999999999898e+01
6.827246399999999937e+01
6.781724699999999473e+01
6.846052299999999491e+01
6.937455500000000086e+01
6.879633800000000576e+01
6.897323699999999747e+01
6.885209700000000055e+01
6.937814799999999593e+01
6.913437100000000157e+01
6.865013199999999927e+01
6.888708099999999490e+01
6.866693300000000022e+01
6.950096499999999367e+01
6.965620099999999582e+01
6.947573199999999360e+01
6.984984000000000037e+01
7.029101300000000663e+01
7.058763799999999833e+01
7.008508100000000240e+01
7.001216800000000262e+01
7.069496900000000039e+01
7.166472000000000264e+01
7.180164899999999761e+01
7.222986299999999460e+01
7.229029099999999630e+01
7.256439699999999959e+01
7.290286899999999548e+01
7.253946100000000285e+01
7.269747399999999971e+01
7.192240700000000686e+01
7.116998999999999853e+01
7.029189700000000585e+01
6.981942800000000204e+01
6.882316899999999293e+01
6.770275800000000288e+01
6.625432299999999941e+01
6.460284299999999291e+01
6.347852699999999970e+01
6.206524600000000191e+01
6.168155200000000349e+01
6.112312599999999918e+01
6.102269700000000086e+01
6.097468700000000297e+01
5.979475500000000210e+01
5.973700699999999841e+01
5.927361400000000202e+01
5.898319200000000251e+01
5.874978000000000122e+01
5.923306399999999883e+01
5.900794700000000148e+01
5.933434799999999854e+01
5.937936200000000042e+01
6.002270599999999945e+01
5.986850299999999692e+01
5.865325200000000194e+01
5.949567100000000153e+01
5.868167799999999801e+01
5.927873000000000303e+01
5.971785400000000266e+01
5.967891300000000143e+01
5.933261699999999905e+01
5.878757300000000185e+01
5.917036600000000135e+01
5.857546599999999870e+01
5.840341099999999841e+01
5.772322700000000140e+01
5.700156199999999984e+01
5.683513599999999855e+01
5.589951599999999843e+01
5.568558600000000069e+01
5.471182699999999954e+01
5.455187099999999845e+01
5.383398799999999795e+01
5.374799399999999849e+01
5.322986099999999965e+01
5.281226399999999899e+01
5.204775899999999922e+01
5.168366600000000233e+01
5.174506199999999723e+01
5.115644600000000253e+01
5.068671299999999746e+01
5.081718399999999747e+01
5.099715100000000234e+01
5.086191000000000173e+01
5.039810399999999646e+01
5.022463900000000336e+01
5.016055500000000222e+01
5.054394899999999780e+01
5.056190699999999794e+01
5.079683500000000151e+01
5.077806100000000100e+01
5.050549999999999784e+01
5.053146900000000130e+01
5.057844599999999957e+01
5.127364899999999892e+01
5.108930300000000102e+01
5.097939300000000173e+01
5.138630200000000059e+01
5.175723500000000143e+01
5.136991600000000346e+01
5.161547399999999897e+01
5.149850899999999854e+01
5.148105600000000237e+01
5.140990599999999944e+01
5.139399099999999976e+01
5.152102599999999910e+01
5.113708599999999649e+01
5.121426799999999702e+01
5.119056299999999737e+01
5.010655799999999971e+01
4.998485399999999856e+01
4.965206700000000239e+01
4.955602100000000121e+01
4.973378000000000299e+01
4.959035999999999689e+01
4.976541999999999888e+01
5.015189099999999911e+01
5.036382100000000150e+01
4.936370500000000305e+01
4.934960099999999983e+01
4.961194299999999657e+01
5.000167700000000082e+01
4.993500499999999676e+01
4.952800500000000028e+01
4.960138599999999798e+01
4.942618600000000129e+01
4.985437199999999791e+01
5.012312599999999918e+01
5.143863999999999947e+01
5.286432599999999837e+01
5.603145899999999813e+01
5.836476300000000350e+01
5.991303200000000118e+01
6.263920900000000103e+01
6.459720500000000243e+01
6.675880800000000193e+01
6.840457399999999666e+01
6.914693499999999915e+01
7.056137499999999818e+01
7.140161200000000008e+01
7.233709000000000344e+01
7.270510500000000320e+01
7.384020399999999995e+01
7.432818799999999726e+01
7.472429599999999539e+01
7.452600099999999372e+01
7.407082099999999514e+01
7.375514599999999632e+01
7.365852499999999736e+01
7.335265499999999861e+01
7.265854099999999960e+01
7.217612699999999393e+01
7.206376000000000204e+01
7.223100900000000024e+01
7.222956499999999380e+01
7.191998399999999947e+01
7.177466300000000388e+01
7.198814799999999536e+01
7.274896900000000244e+01
7.222353800000000490e+01
7.281659000000000503e+01
7.304587899999999934e+01
7.433756800000000453e+01
7.509029599999999505e+01
7.546125200000000177e+01
7.600110599999999295e+01
7.652442499999999370e+01
7.696165999999999485e+01
7.733674999999999500e+01
7.824428799999999740e+01
7.871581199999999967e+01
7.910950599999999611e+01
7.921369799999999373e+01
7.972942000000000462e+01
8.022134499999999946e+01
7.961376400000000331e+01
8.039703699999999742e+01
8.072207000000000221e+01
8.032552499999999895e+01
7.982131499999999846e+01
7.937765199999999766e+01
7.816114199999999812e+01
7.730692700000000173e+01
7.705389700000000630e+01
7.519599800000000300e+01
7.410489900000000318e+01
7.286133200000000443e+01
7.163039100000000303e+01
6.990153999999999712e+01
6.846519999999999584e+01
6.731042899999999918e+01
6.567989699999999686e+01
6.460069799999999418e+01
6.295635599999999954e+01
6.296371299999999849e+01
6.249074300000000193e+01
6.207088099999999997e+01
6.122607200000000205e+01
5.997563300000000197e+01
5.957970799999999656e+01
5.949034100000000080e+01
5.987989000000000317e+01
5.997409300000000343e+01
5.960272100000000250e+01
5.955482700000000307e+01
5.988331000000000159e+01
6.036726699999999823e+01
5.937857400000000041e+01
5.955522599999999755e+01
5.917422499999999985e+01
5.939745200000000125e+01
5.874002200000000329e+01
5.902259099999999847e+01
5.876195400000000291e+01
5.849125000000000085e+01
5.819584799999999802e+01
5.732043800000000289e+01
5.692428799999999711e+01
5.664186899999999980e+01
5.633897699999999986e+01
5.579281000000000290e+01
5.441491700000000264e+01
5.408577999999999975e+01
5.428819000000000017e+01
5.433837199999999967e+01
5.410641799999999790e+01
5.365586900000000270e+01
5.331177199999999772e+01
5.263138099999999753e+01
5.236783599999999694e+01
5.205894899999999836e+01
5.154977800000000343e+01
5.103200999999999965e+01
5.120457100000000139e+01
5.077118899999999968e+01
5.077919099999999730e+01
5.071420100000000275e+01
5.048012899999999803e+01
5.062008600000000058e+01
5.034310700000000338e+01
4.991629199999999855e+01
4.981970799999999855e+01
5.026451200000000341e+01
5.046998399999999663e+01
5.095227100000000320e+01
5.061283999999999850e+01
5.071106400000000036e+01
5.100984100000000154e+01
5.084420300000000026e+01
5.132839700000000249e+01
5.072412599999999827e+01
5.145171700000000214e+01
5.164425399999999655e+01
5.079785900000000254e+01
5.062004300000000256e+01
5.084127600000000058e+01
5.047322900000000345e+01
5.010549400000000020e+01
5.085096699999999714e+01
5.070341100000000267e+01
5.031136099999999800e+01
4.977600499999999784e+01
4.896789199999999909e+01
4.877970899999999688e+01
4.818763599999999769e+01
4.855987499999999812e+01
4.837346999999999753e+01
4.810190200000000260e+01
4.764616900000000044e+01
4.692568800000000095e+01
4.691316299999999728e+01
4.658694299999999799e+01
4.688480799999999959e+01
4.619965599999999739e+01
4.601344699999999932e+01
4.584339200000000147e+01
4.539055499999999910e+01
4.575494700000000137e+01
4.575933100000000309e+01
4.694541100000000000e+01
4.788995599999999797e+01
4.989286200000000093e+01
5.163493299999999664e+01
5.416273000000000337e+01
5.663886600000000016e+01
5.897903500000000321e+01
6.071379000000000303e+01
6.208697399999999789e+01
6.402139099999999416e+01
6.529939799999999650e+01
6.729241199999999878e+01
6.873330099999999732e+01
6.988862100000000055e+01
7.123545900000000586e+01
7.163710000000000377e+01
7.213069000000000131e+01
7.217417700000000025e+01
7.204380199999999945e+01
7.181437599999999577e+01
7.206960499999999570e+01
7.185395900000000324e+01
7.186921999999999855e+01
7.096793599999999458e+01
7.062882299999999702e+01
7.116541300000000092e+01
7.148851000000000511e+01
7.136028899999999453e+01
7.137226800000000537e+01
7.223746199999999362e+01
7.154592800000000352e+01
7.191819300000000226e+01
7.271085600000000682e+01
7.345524899999999491e+01
7.487536900000000628e+01
7.500114399999999648e+01
7.600797400000000437e+01
7.636685900000000515e+01
7.700891400000000431e+01
7.804210600000000397e+01
7.903906499999999369e+01
7.988585600000000397e+01
8.018446600000000046e+01
8.116235299999999597e+01
8.152801200000000392e+01
8.220112299999999550e+01
8.280241100000000642e+01
8.267458499999999333e+01
8.292227800000000570e+01
8.261513499999999510e+01
8.261636000000000024e+01
8.218915200000000709e+01
8.192904099999999801e+01
8.122198199999999702e+01
8.125315200000000004e+01
8.047781600000000424e+01
8.007762200000000519e+01
7.897839199999999948e+01
7.781647700000000611e+01
7.717705800000000238e+01
7.561008200000000556e+01
7.459726600000000474e+01
7.238835100000000011e+01
7.029815899999999829e+01
6.915646599999999466e+01
6.726082399999999950e+01
6.682026399999999455e+01
6.534016800000000558e+01
6.523284300000000258e+01
6.499337900000000445e+01
6.423633900000000096e+01
6.422216299999999478e+01
6.351040199999999913e+01
6.301078700000000055e+01
6.261462999999999823e+01
6.239121099999999842e+01
6.249056199999999706e+01
6.273191599999999823e+01
6.258130700000000246e+01
6.266082200000000313e+01
6.227629100000000051e+01
6.217358999999999725e+01
6.235935599999999823e+01
6.189702700000000135e+01
6.203647200000000339e+01
6.148758999999999730e+01
6.067140799999999956e+01
6.055123400000000089e+01
6.014921799999999763e+01
6.034627100000000155e+01
5.881630899999999684e+01
5.823946099999999859e+01
5.696672999999999831e+01
5.677497400000000027e+01
5.628802900000000164e+01
5.589131900000000286e+01
5.521724199999999882e+01
5.375446500000000327e+01
5.351040400000000119e+01
5.295448199999999872e+01
5.331499800000000278e+01
5.256036199999999781e+01
5.225561100000000181e+01
5.198050599999999832e+01
5.180321800000000110e+01
5.142393899999999718e+01
5.093974200000000252e+01
5.059213900000000308e+01
5.008121599999999773e+01
5.028200700000000012e+01
4.970095100000000343e+01
4.988154999999999717e+01
4.970140800000000070e+01
4.932186399999999793e+01
4.997244599999999792e+01
4.930268199999999723e+01
4.956419400000000053e+01
4.915637999999999863e+01
4.963495499999999794e+01
4.927058199999999744e+01
4.840288499999999772e+01
4.901417899999999861e+01
4.876731999999999800e+01
4.852761399999999981e+01
4.848287299999999789e+01
4.831250399999999701e+01
4.770896199999999965e+01
4.770572200000000151e+01
4.726624400000000037e+01
4.747850900000000252e+01
4.709607499999999902e+01
4.690811099999999811e+01
4.727208699999999908e+01
4.706304699999999741e+01
4.693900000000000006e+01
4.703757900000000092e+01
4.703730999999999796e+01
4.715002599999999688e+01
4.669301500000000260e+01
4.635727500000000134e+01
4.646242900000000020e+01
4.724718500000000176e+01
4.663025600000000281e+01
4.646654699999999849e+01
4.653903100000000137e+01
4.633099800000000101e+01
4.661166300000000007e+01
4.589336099999999874e+01
4.634355999999999653e+01
4.648011300000000290e+01
4.763913300000000106e+01
4.754978200000000044e+01
4.836363800000000168e+01
4.967941299999999671e+01
5.200373199999999940e+01
5.426969400000000121e+01
5.659792499999999649e+01
5.875575500000000062e+01
6.115867399999999776e+01
6.334269700000000114e+01
6.493360500000000002e+01
6.626917000000000257e+01
6.778227900000000261e+01
6.942592000000000496e+01
7.146376499999999510e+01
7.252824699999999325e+01
7.349707899999999938e+01
7.381980799999999476e+01
7.487919899999999984e+01
7.558514700000000630e+01
7.533825699999999870e+01
7.577538300000000504e+01
7.448294400000000337e+01
7.500721699999999714e+01
7.533190299999999695e+01
7.518311400000000333e+01
7.505538500000000113e+01
7.569984599999999375e+01
7.563728799999999808e+01
7.607910200000000600e+01
7.552898600000000329e+01
7.535577600000000587e+01
7.602682199999999568e+01
7.654215700000000311e+01
7.742946000000000595e+01
7.703122700000000123e+01
7.681390899999999533e+01
7.731092399999999998e+01
7.813375399999999615e+01
7.924550399999999684e+01
7.947674700000000314e+01
8.025374899999999911e+01
8.084598800000000551e+01
8.129907300000000703e+01
8.205200399999999661e+01
8.206271099999999308e+01
8.260511900000000196e+01
8.238372099999999421e+01
8.366629700000000014e+01
8.354738799999999799e+01
8.326896100000000445e+01
8.282815600000000700e+01
8.298949600000000260e+01
8.265371000000000379e+01
8.300921800000000417e+01
8.196023700000000645e+01
8.092824899999999388e+01
8.119065999999999406e+01
8.063298500000000502e+01
7.896191399999999305e+01
7.864824600000000032e+01
7.716679800000000000e+01
7.647915899999999567e+01
7.520316499999999849e+01
7.376211100000000442e+01
7.132272199999999884e+01
7.017270800000000008e+01
6.872095299999999440e+01
6.806385000000000218e+01
6.631333600000000672e+01
6.567045600000000150e+01
6.535110299999999484e+01
6.459010899999999822e+01
6.482129600000000380e+01
6.396666700000000105e+01
6.380675300000000050e+01
6.356942599999999999e+01
6.364082200000000000e+01
6.363098899999999958e+01
6.342687699999999751e+01
6.368913500000000028e+01
6.385470699999999766e+01
6.465817499999999995e+01
6.415941200000000322e+01
6.350494900000000342e+01
6.358751000000000175e+01
6.404417999999999722e+01
6.487308500000000322e+01
6.401584699999999373e+01
6.399948200000000043e+01
6.361933700000000158e+01
6.320970100000000258e+01
6.264730300000000085e+01
6.171335100000000295e+01
6.135614499999999794e+01
6.115005699999999678e+01
6.100526299999999935e+01
6.024907799999999725e+01
5.950541499999999928e+01
5.857352099999999950e+01
5.858224599999999782e+01
5.849175699999999978e+01
5.755267200000000116e+01
5.738253199999999765e+01
5.734842400000000140e+01
5.683683599999999814e+01
5.594939099999999854e+01
5.617206699999999842e+01
5.603544500000000284e+01
5.529455899999999957e+01
5.561207199999999773e+01
5.460247999999999990e+01
5.423624800000000334e+01
5.440363800000000083e+01
5.405283200000000221e+01
5.357291500000000184e+01
5.412868199999999774e+01
5.373024900000000059e+01
5.396980500000000092e+01
5.381404599999999760e+01
5.343134400000000284e+01
5.381915599999999955e+01
5.366325599999999696e+01
5.378081900000000104e+01
5.321152099999999763e+01
5.318680799999999920e+01
5.278779000000000110e+01
5.277708200000000005e+01
5.226459700000000197e+01
5.174223400000000339e+01
5.219496699999999834e+01
5.184058699999999931e+01
5.222251899999999836e+01
5.191619399999999729e+01
5.104501199999999983e+01
5.154261300000000290e+01
5.098656199999999927e+01
5.097573799999999977e+01
5.031668200000000013e+01
5.024639200000000017e+01
5.006305199999999900e+01
5.018183799999999906e+01
5.053445800000000077e+01
4.991176899999999961e+01
4.928445099999999712e+01
4.991201099999999968e+01
5.020489200000000096e+01
4.977331199999999711e+01
5.017213699999999932e+01
5.013406200000000013e+01
5.026434799999999825e+01
5.002624899999999997e+01
5.017283199999999965e+01
5.040078299999999700e+01
5.135794899999999785e+01
5.266305599999999743e+01
5.501509099999999819e+01
5.771977600000000308e+01
5.980277800000000354e+01
6.221457500000000351e+01
6.519794299999999510e+01
6.692132999999999754e+01
6.915375699999999881e+01
7.096136400000000322e+01
7.257683199999999601e+01
7.400338000000000704e+01
7.487124699999999677e+01
7.596902300000000707e+01
7.650161799999999346e+01
7.692498000000000502e+01
7.731414900000000046e+01
7.825337000000000387e+01
7.781138799999999378e+01
7.827401600000000315e+01
7.860674799999999607e+01
7.880954400000000248e+01
7.908694300000000510e+01
7.900931900000000496e+01
7.945996700000000601e+01
7.993814100000000167e+01
8.029458999999999946e+01
7.991781899999999439e+01
7.966198400000000390e+01
7.983197099999999580e+01
8.023562699999999381e+01
8.097416499999999928e+01
8.088614800000000571e+01
8.180119200000000035e+01
8.182505299999999693e+01
8.284302599999999472e+01
8.332727199999999357e+01
8.399320600000000070e+01
8.444214200000000403e+01
8.452545200000000136e+01
8.591497800000000495e+01
8.672386400000000606e+01
8.693119900000000655e+01
8.721877700000000289e+01
8.798675699999999722e+01
8.837991200000000447e+01
8.894527200000000278e+01
8.969863800000000253e+01
8.910960400000000448e+01
8.914135100000000023e+01
8.860728100000000040e+01
8.811087100000000305e+01
8.791770900000000211e+01
8.699470700000000534e+01
8.666625200000000007e+01
8.572455499999999518e+01
8.509080099999999902e+01
8.418414400000000342e+01
8.273394999999999300e+01
8.156530200000000264e+01
8.039098799999999301e+01
7.916172000000000253e+01
7.735825400000000229e+01
7.608319099999999935e+01
7.429011800000000676e+01
7.269819300000000339e+01
7.145243700000000331e+01
7.054706699999999842e+01
6.951733299999999360e+01
6.890674199999999416e+01
6.865684000000000253e+01
6.780482000000000653e+01
6.713268300000000011e+01
6.660653899999999794e+01
6.623900700000000086e+01
6.567054299999999500e+01
6.546764199999999789e+01
6.540161999999999409e+01
6.515599500000000432e+01
6.555026800000000264e+01
6.556739299999999560e+01
6.604595700000000136e+01
6.592121899999999357e+01
6.603191999999999950e+01
6.565947199999999384e+01
6.590355300000000227e+01
6.567576499999999839e+01
6.496185199999999327e+01
6.471437699999999893e+01
6.396681900000000098e+01
6.396385399999999777e+01
6.383843300000000198e+01
6.340110700000000321e+01
6.261693000000000353e+01
6.192557699999999699e+01
6.148859600000000114e+01
6.090988399999999814e+01
6.070693299999999937e+01
5.945938499999999749e+01
5.929758600000000257e+01
5.853912700000000058e+01
5.859582999999999942e+01
5.825220800000000310e+01
5.771755699999999933e+01
5.698905599999999794e+01
5.616669300000000220e+01
5.620945700000000045e+01
5.543712399999999718e+01
5.528753700000000038e+01
5.458775500000000136e+01
5.393289899999999903e+01
5.386799800000000005e+01
5.373916499999999985e+01
5.404499400000000264e+01
5.317157199999999762e+01
5.268571800000000138e+01
5.312498999999999683e+01
5.320852299999999957e+01
5.290620200000000040e+01
5.231281700000000257e+01
5.205180800000000119e+01
5.213384700000000294e+01
5.260307300000000197e+01
5.217385099999999909e+01
5.179337199999999797e+01
5.199607600000000218e+01
5.233161499999999933e+01
5.222367200000000054e+01
5.117941600000000335e+01
5.105691399999999902e+01
5.122009599999999807e+01
5.163928599999999847e+01
5.081114199999999670e+01
5.060927999999999827e+01
5.026515299999999797e+01
5.073721199999999953e+01
5.071048799999999801e+01
5.078563400000000172e+01
5.120923899999999662e+01
5.053183400000000347e+01
5.105698999999999899e+01
5.024278499999999781e+01
4.983386899999999997e+01
4.964171799999999735e+01
5.018272100000000080e+01
4.976255900000000310e+01
4.999419300000000277e+01
5.042680699999999661e+01
4.978135000000000332e+01
4.965930000000000177e+01
4.984731299999999976e+01
5.003262699999999796e+01
5.053089700000000306e+01
5.226450799999999930e+01
5.401901199999999648e+01
5.620734800000000320e+01
5.891818200000000161e+01
6.081009900000000101e+01
6.343111499999999836e+01
6.599966600000000483e+01
6.806053400000000408e+01
6.979604700000000150e+01
7.085341300000000331e+01
7.264898599999999362e+01
7.350183800000000645e+01
7.512916199999999378e+01
7.614990500000000395e+01
7.718859500000000651e+01
7.766134900000000130e+01
7.747319799999999645e+01
7.775450100000000475e+01
7.797309099999999660e+01
7.812298599999999738e+01
7.741695500000000152e+01
7.745549300000000414e+01
7.703885300000000314e+01
7.679669800000000635e+01
7.678938999999999737e+01
7.689369200000000149e+01
7.768675299999999595e+01
7.734539900000000046e+01
7.696994599999999309e+01
7.683233599999999797e+01
7.790219999999999345e+01
7.785626999999999498e+01
7.807858899999999380e+01
7.833887799999999402e+01
7.864517499999999472e+01
8.000248499999999297e+01
7.993884699999999555e+01
8.069132899999999609e+01
8.044529500000000155e+01
8.149353899999999840e+01
8.227386300000000574e+01
8.284957199999999489e+01
8.232099700000000553e+01
8.232151899999999500e+01
8.232698100000000352e+01
8.182459000000000060e+01
8.198956800000000555e+01
8.191328400000000443e+01
8.185559600000000557e+01
8.192157199999999762e+01
8.152943799999999896e+01
8.107068999999999903e+01
8.040600100000000339e+01
7.967290199999999345e+01
7.878056399999999826e+01
7.840069699999999386e+01
7.717571100000000683e+01
7.517145800000000122e+01
7.404302199999999345e+01
7.287602699999999345e+01
7.207228600000000540e+01
7.049237700000000473e+01
6.908523900000000140e+01
6.717028299999999774e+01
6.613861599999999896e+01
6.533030200000000320e+01
6.472313900000000331e+01
6.454990700000000459e+01
6.384965900000000261e+01
6.368584100000000348e+01
6.333309400000000267e+01
6.334501800000000316e+01
6.262345400000000240e+01
6.191173100000000318e+01
6.180059800000000081e+01
6.195505099999999743e+01
6.256631000000000142e+01
6.252138999999999669e+01
6.287479600000000346e+01
6.301982799999999685e+01
6.322178499999999701e+01
6.303769799999999890e+01
6.305622100000000074e+01
6.307059399999999982e+01
6.285186300000000159e+01
6.251081599999999838e+01
6.206333300000000008e+01
6.111558999999999742e+01
6.066366500000000173e+01
6.011680599999999686e+01
6.001674700000000229e+01
5.942739000000000260e+01
5.857522699999999816e+01
5.854315299999999667e+01
5.821184800000000337e+01
5.766616299999999740e+01
5.780152300000000309e+01
5.755870300000000128e+01
5.717214700000000249e+01
5.641288600000000031e+01
5.612986300000000028e+01
5.583250300000000266e+01
5.500414299999999912e+01
5.415784000000000020e+01
5.367621400000000165e+01
5.327838100000000310e+01
5.333720499999999731e+01
5.347289399999999659e+01
5.381699199999999905e+01
5.301479199999999992e+01
5.312221799999999661e+01
5.304816199999999782e+01
5.248012500000000102e+01
5.201723899999999645e+01
5.176893900000000315e+01
5.183818200000000331e+01
5.197234799999999666e+01
5.190140399999999943e+01
5.146833600000000075e+01
5.137270500000000339e+01
5.073791899999999799e+01
5.023178899999999913e+01
5.023902499999999804e+01
4.925074800000000153e+01
4.947852699999999970e+01
4.945401199999999875e+01
4.940934299999999979e+01
4.870441300000000240e+01
4.827752000000000265e+01
4.769643099999999691e+01
4.832590499999999878e+01
4.807343000000000188e+01
4.743152099999999649e+01
4.718875200000000092e+01
4.715256999999999721e+01
4.677967499999999745e+01
4.677299099999999754e+01
4.623951900000000137e+01
4.723085100000000125e+01
4.709799499999999739e+01
4.732267900000000083e+01
4.613538499999999942e+01
4.626930600000000027e+01
4.632758700000000118e+01
4.642003499999999860e+01
4.637975300000000090e+01
4.619431199999999649e+01
4.667091899999999782e+01
4.634275499999999681e+01
4.632170099999999735e+01
4.620085300000000217e+01
4.624169599999999747e+01
4.613803899999999913e+01
4.666545099999999735e+01
4.783894399999999791e+01
4.904052200000000283e+01
5.068220800000000281e+01
5.218467499999999859e+01
5.480666699999999736e+01
5.617904200000000259e+01
5.792103300000000132e+01
5.944260700000000242e+01
