5.846932699999999983e+01
5.843351599999999735e+01
5.892201099999999769e+01
5.895345100000000116e+01
5.898542199999999980e+01
5.821127400000000307e+01
5.739274100000000089e+01
5.675290499999999838e+01
5.656442599999999743e+01
5.631916400000000067e+01
5.615348800000000296e+01
5.634659500000000065e+01
5.591964399999999813e+01
5.641475100000000253e+01
5.711670000000000158e+01
5.818665899999999880e+01
6.029454199999999986e+01
6.330438099999999935e+01
6.732860900000000015e+01
7.183667699999999456e+01
7.606984099999999671e+01
8.018621299999999508e+01
8.408642500000000553e+01
8.731130299999999522e+01
9.073502799999999979e+01
9.300355399999999406e+01
9.463530299999999329e+01
9.596747000000000583e+01
9.741600999999999999e+01
9.778922900000000595e+01
9.612359299999999962e+01
9.417511100000000113e+01
9.284038999999999930e+01
9.123593499999999779e+01
8.876768099999999606e+01
8.695561800000000119e+01
8.473268600000000106e+01
8.302474100000000590e+01
8.170955399999999713e+01
8.023582299999999634e+01
8.007262199999999552e+01
8.045250599999999963e+01
8.066309699999999339e+01
8.194039399999999773e+01
8.273924900000000093e+01
8.458461599999999692e+01
8.595025400000000104e+01
8.793572000000000344e+01
8.979922999999999433e+01
9.208445700000000045e+01
9.465435600000000704e+01
9.643222699999999747e+01
9.875163100000000327e+01
9.983162900000000661e+01
1.013762200000000036e+02
1.026420099999999991e+02
1.034537899999999979e+02
1.042401799999999952e+02
1.052410200000000060e+02
1.050093200000000024e+02
1.049869000000000057e+02
1.037506400000000042e+02
1.030093399999999946e+02
1.026827399999999955e+02
1.015774899999999974e+02
1.005742800000000017e+02
9.986021800000000326e+01
9.886819099999999594e+01
9.801545299999999372e+01
9.705642699999999934e+01
9.647248299999999688e+01
9.578090100000000007e+01
9.481595599999999990e+01
9.410748900000000106e+01
9.362643300000000579e+01
9.280769100000000549e+01
9.242192099999999755e+01
9.186767799999999795e+01
9.036061200000000326e+01
8.841785699999999792e+01
8.669928000000000168e+01
8.509386499999999387e+01
8.321146699999999896e+01
8.197933500000000606e+01
8.169380599999999504e+01
8.076746900000000551e+01
8.050560000000000116e+01
8.026367500000000632e+01
7.986773399999999867e+01
7.993064099999999428e+01
7.998643300000000522e+01
8.020815000000000339e+01
8.053004500000000121e+01
8.031473800000000551e+01
8.033954199999999446e+01
8.064611200000000224e+01
8.087879700000000582e+01
8.171667999999999665e+01
8.201658299999999713e+01
8.209848200000000418e+01
8.103101999999999805e+01
8.116656500000000563e+01
8.074643299999999613e+01
7.954428299999999297e+01
7.871587300000000198e+01
7.787377800000000150e+01
7.696344700000000216e+01
7.663349300000000142e+01
7.514319899999999564e+01
7.399349300000000085e+01
7.305906600000000140e+01
7.192557800000000157e+01
7.190987400000000207e+01
7.085891300000000115e+01
6.990717499999999518e+01
6.934365999999999985e+01
6.906961400000000140e+01
6.840543200000000468e+01
6.795183400000000518e+01
6.786955500000000541e+01
6.779822299999999302e+01
6.762437500000000057e+01
6.788022399999999834e+01
6.803257299999999930e+01
6.850806900000000610e+01
6.859045799999999815e+01
6.895019399999999621e+01
6.869222200000000100e+01
6.823080500000000370e+01
6.840317100000000039e+01
6.791715100000000405e+01
6.768556900000000098e+01
6.723907400000000223e+01
6.722061300000000017e+01
6.688321399999999528e+01
6.568236299999999517e+01
6.543570800000000531e+01
6.497816199999999753e+01
6.484607800000000566e+01
6.489846900000000574e+01
6.446592599999999607e+01
6.424444200000000649e+01
6.366966899999999896e+01
6.285339799999999855e+01
6.248712900000000303e+01
6.245110400000000084e+01
6.209247599999999778e+01
6.171648100000000170e+01
6.162921599999999955e+01
6.062626000000000204e+01
6.056759100000000018e+01
6.090746699999999691e+01
6.036131699999999967e+01
6.037109699999999890e+01
5.995193700000000092e+01
6.012998999999999938e+01
5.904957100000000025e+01
5.865760800000000330e+01
5.800732099999999747e+01
5.819264400000000137e+01
5.814535899999999913e+01
5.872040700000000157e+01
5.833758399999999966e+01
5.798064500000000265e+01
5.797343699999999700e+01
5.855643899999999746e+01
5.819478199999999646e+01
5.820452600000000132e+01
5.839477500000000276e+01
5.763555499999999654e+01
5.720617899999999878e+01
5.716492300000000171e+01
5.688723300000000194e+01
5.691289199999999937e+01
5.668083000000000027e+01
5.552961700000000178e+01
5.509919800000000123e+01
5.432748999999999739e+01
5.439293700000000342e+01
5.418073700000000059e+01
5.440975499999999698e+01
5.472942700000000116e+01
5.515928699999999907e+01
5.721972900000000095e+01
5.936550100000000185e+01
6.235386299999999693e+01
6.596339000000000397e+01
6.905018900000000315e+01
7.230533699999999442e+01
7.567129099999999653e+01
7.931413100000000327e+01
8.209994500000000528e+01
8.466121699999999350e+01
8.720070699999999420e+01
8.873467399999999827e+01
9.026167300000000182e+01
9.182861200000000679e+01
9.208749299999999494e+01
9.131577699999999709e+01
8.971271000000000129e+01
8.841280700000000081e+01
8.673596399999999562e+01
8.479753999999999792e+01
8.317917199999999411e+01
8.115950300000000084e+01
7.970264000000000237e+01
7.827787399999999707e+01
7.815272000000000219e+01
7.759158700000000408e+01
7.813338500000000408e+01
7.809102500000000191e+01
7.890976000000000568e+01
7.920556700000000205e+01
8.053819099999999764e+01
8.277651099999999929e+01
8.506171199999999999e+01
8.622046600000000183e+01
8.856171500000000663e+01
8.961206099999999708e+01
9.079269999999999641e+01
9.227573999999999899e+01
9.434250299999999356e+01
9.471217599999999948e+01
9.488876299999999731e+01
9.556511999999999318e+01
9.621825400000000172e+01
9.679786000000000001e+01
9.752512199999999609e+01
9.785441699999999798e+01
9.790082400000000007e+01
9.788876999999999384e+01
9.707139499999999543e+01
9.683207299999999407e+01
9.580851699999999482e+01
9.463671999999999684e+01
9.357742799999999761e+01
9.213294399999999484e+01
9.079767699999999309e+01
9.020368100000000311e+01
8.961774599999999680e+01
8.875160499999999786e+01
8.732160700000000020e+01
8.651750499999999988e+01
8.569340900000000261e+01
8.413427000000000078e+01
8.260347099999999898e+01
8.056856399999999496e+01
7.767440200000000061e+01
7.634007900000000291e+01
7.571273399999999754e+01
7.565240099999999757e+01
7.525834799999999802e+01
7.522198199999999702e+01
7.608631300000000408e+01
7.597266899999999623e+01
7.665486799999999334e+01
7.700016999999999712e+01
7.753580999999999790e+01
7.858769499999999653e+01
7.930276600000000542e+01
7.879058999999999457e+01
7.931229299999999682e+01
7.963911199999999724e+01
7.962895600000000229e+01
7.935301300000000424e+01
7.852263700000000313e+01
7.778761900000000651e+01
7.718470100000000400e+01
7.583079600000000653e+01
7.479347400000000334e+01
7.466929700000000025e+01
7.385985900000000015e+01
7.295280999999999949e+01
7.219712599999999725e+01
7.181945100000000082e+01
7.037725500000000523e+01
6.887909199999999998e+01
6.827346300000000667e+01
6.785485599999999806e+01
6.709718499999999608e+01
6.663115200000000016e+01
6.609714400000000012e+01
6.591319699999999671e+01
6.571519899999999836e+01
6.606282600000000116e+01
6.657692600000000027e+01
6.631061800000000517e+01
6.637615999999999872e+01
6.727461099999999306e+01
6.719166099999999631e+01
6.630060299999999529e+01
6.633990000000000009e+01
6.639994500000000244e+01
6.582609600000000682e+01
6.519590499999999622e+01
6.487369099999999378e+01
6.476282000000000494e+01
6.482449800000000550e+01
6.437148700000000190e+01
6.442796900000000448e+01
6.351447399999999988e+01
6.258478499999999656e+01
6.245012499999999989e+01
6.167151799999999895e+01
6.128106799999999765e+01
6.136847099999999955e+01
6.139227000000000345e+01
6.129432700000000267e+01
6.129856500000000352e+01
6.046264200000000244e+01
5.990011299999999750e+01
5.998720999999999748e+01
5.951977899999999977e+01
5.905758300000000105e+01
5.899575300000000055e+01
5.837553199999999975e+01
5.812142999999999660e+01
5.703735199999999850e+01
5.693820199999999687e+01
5.687396999999999991e+01
5.700276099999999957e+01
5.621770999999999674e+01
5.636149799999999743e+01
5.584154600000000102e+01
5.550369400000000297e+01
5.542745000000000033e+01
5.560328700000000168e+01
5.593836999999999904e+01
5.571383900000000011e+01
5.543094800000000077e+01
5.536084100000000063e+01
5.483859999999999957e+01
5.472515099999999677e+01
5.452584499999999679e+01
5.406170699999999840e+01
5.334314700000000187e+01
5.260434899999999914e+01
5.285510699999999673e+01
5.324317899999999781e+01
5.298919699999999722e+01
5.318516999999999939e+01
5.355489800000000145e+01
5.312503300000000195e+01
5.290039000000000158e+01
5.269588300000000203e+01
5.320947499999999764e+01
5.342383499999999685e+01
5.320554299999999870e+01
5.373072400000000215e+01
5.531581899999999763e+01
5.761362299999999692e+01
6.111686999999999870e+01
6.519097200000000214e+01
6.884131299999999953e+01
7.262780100000000516e+01
7.585663200000000472e+01
7.919522000000000617e+01
8.225250400000000184e+01
8.419655899999999349e+01
8.664423899999999890e+01
8.828187300000000448e+01
8.880895999999999901e+01
8.948476499999999589e+01
8.935443200000000274e+01
8.878016399999999919e+01
8.743545899999999449e+01
8.585287900000000150e+01
8.478452400000000466e+01
8.360032400000000052e+01
8.171875500000000159e+01
7.991963400000000206e+01
7.787283299999999997e+01
7.690905499999999506e+01
7.571366999999999337e+01
7.554942400000000191e+01
7.534399299999999755e+01
7.571524999999999750e+01
7.623071099999999944e+01
7.785276000000000352e+01
7.926909700000000214e+01
8.056710400000000050e+01
8.305007000000000517e+01
8.508401899999999785e+01
8.713999800000000562e+01
8.929272299999999518e+01
9.129852499999999793e+01
9.211798500000000445e+01
9.380301000000000045e+01
9.509999899999999684e+01
9.538145400000000507e+01
9.605513000000000545e+01
9.550857200000000091e+01
9.523204499999999939e+01
9.494724200000000280e+01
9.436685300000000609e+01
9.455541900000000055e+01
9.474683799999999678e+01
9.446062399999999570e+01
9.418746500000000310e+01
9.312218599999999924e+01
9.154952099999999859e+01
9.037985100000000216e+01
8.914067400000000418e+01
8.856560600000000250e+01
8.776157200000000103e+01
8.728679999999999950e+01
8.642468300000000170e+01
8.585658100000000559e+01
8.506862700000000643e+01
8.417762700000000109e+01
8.194210400000000050e+01
8.000042299999999784e+01
7.837892300000000034e+01
7.596473699999999951e+01
7.450978800000000035e+01
7.315446300000000690e+01
7.219678299999999638e+01
7.189167500000000643e+01
7.168019099999999355e+01
7.184851899999999603e+01
7.310914699999999300e+01
7.391415200000000141e+01
7.497438400000000058e+01
7.605264200000000585e+01
7.697987999999999431e+01
7.740050100000000555e+01
7.720398400000000549e+01
7.696673099999999579e+01
7.691519499999999709e+01
7.636374200000000201e+01
7.626370699999999658e+01
7.613983600000000251e+01
7.487688500000000147e+01
7.458365799999999979e+01
7.397489400000000614e+01
7.307753599999999494e+01
7.185890399999999545e+01
7.165070199999999545e+01
7.022681400000000451e+01
6.950593600000000549e+01
6.810765499999999406e+01
6.710822400000000698e+01
6.645112399999999298e+01
6.646154799999999341e+01
6.629507800000000373e+01
6.573990700000000231e+01
6.533156400000000019e+01
6.401661199999999496e+01
6.379188599999999809e+01
6.376353300000000246e+01
6.457029900000000566e+01
6.504467900000000213e+01
6.588682099999999764e+01
6.631860199999999850e+01
6.585723699999999781e+01
6.630530500000000416e+01
6.568205000000000382e+01
6.567033100000000445e+01
6.531374499999999728e+01
6.463877100000000553e+01
6.414268500000000017e+01
6.390306199999999848e+01
6.320705600000000146e+01
6.244179400000000157e+01
6.236936599999999942e+01
6.227360099999999932e+01
6.189470099999999775e+01
6.162147300000000172e+01
6.111976400000000353e+01
6.065060100000000176e+01
6.013336199999999820e+01
5.889690099999999973e+01
5.838469500000000068e+01
5.767867400000000089e+01
5.745341299999999762e+01
5.654464999999999719e+01
5.619638100000000236e+01
5.657166899999999998e+01
5.722461799999999954e+01
5.689321300000000292e+01
5.718154599999999732e+01
5.739616300000000138e+01
5.692835500000000337e+01
5.710580199999999707e+01
5.644154300000000291e+01
5.580593100000000106e+01
5.531548800000000199e+01
5.512768599999999708e+01
5.474675700000000234e+01
5.449796500000000066e+01
5.388205099999999703e+01
5.437223300000000137e+01
5.428615299999999877e+01
5.402359100000000325e+01
5.363720099999999746e+01
5.321159500000000264e+01
5.347737500000000210e+01
5.328026200000000046e+01
5.357487700000000075e+01
5.371822800000000342e+01
5.374585199999999929e+01
5.343262599999999907e+01
5.311559799999999854e+01
5.267281499999999994e+01
5.239331500000000119e+01
5.270525899999999808e+01
5.210466799999999665e+01
5.273103799999999808e+01
5.182990399999999909e+01
5.172514799999999724e+01
5.216414300000000281e+01
5.232195500000000266e+01
5.257570700000000130e+01
5.349604999999999677e+01
5.430641299999999916e+01
5.622565500000000327e+01
5.888652299999999684e+01
6.265679200000000293e+01
6.726439200000000085e+01
7.157999700000000587e+01
7.544551800000000696e+01
7.881301499999999294e+01
8.313988000000000511e+01
8.624430599999999458e+01
8.918224100000000476e+01
9.144885399999999720e+01
9.278200499999999806e+01
9.396755899999999428e+01
9.422873699999999531e+01
9.331773099999999488e+01
9.248649699999999996e+01
9.076953600000000222e+01
8.855599200000000337e+01
8.670908000000000015e+01
8.451386599999999305e+01
8.291670200000000079e+01
8.153726299999999583e+01
8.065736400000000117e+01
7.964961599999999464e+01
7.942481999999999687e+01
7.964290800000000559e+01
8.030152099999999393e+01
8.090183000000000391e+01
8.190953399999999363e+01
8.380858700000000283e+01
8.575464900000000057e+01
8.738371100000000524e+01
8.871621500000000538e+01
9.094879899999999395e+01
9.331195499999999754e+01
9.436299900000000207e+01
9.546656799999999521e+01
9.664188799999999446e+01
9.775230299999999772e+01
9.831278500000000520e+01
9.783729499999999746e+01
9.835182299999999600e+01
9.851974900000000446e+01
9.835699900000000184e+01
9.888174399999999764e+01
9.851007300000000555e+01
9.698185100000000602e+01
9.629936800000000119e+01
9.603962199999999427e+01
9.538262899999999433e+01
9.528058099999999797e+01
9.455060400000000698e+01
9.352527399999999602e+01
9.296969400000000405e+01
9.214893999999999608e+01
9.096059300000000292e+01
8.971193599999999435e+01
8.929162999999999784e+01
8.714757000000000176e+01
8.647159299999999860e+01
8.533268700000000706e+01
8.327576399999999524e+01
8.181370300000000384e+01
8.024992100000000050e+01
7.825853700000000401e+01
7.653036600000000078e+01
7.440323499999999513e+01
7.317365900000000067e+01
7.288030000000000541e+01
7.230018900000000315e+01
7.268070600000000070e+01
7.243084299999999587e+01
7.225254200000000537e+01
7.243978799999999296e+01
7.310651599999999917e+01
7.343072600000000705e+01
7.388229599999999664e+01
7.446574099999999419e+01
7.478843399999999519e+01
7.543548400000000242e+01
7.595227400000000273e+01
7.540679900000000657e+01
7.589242900000000702e+01
7.564088200000000484e+01
7.468940000000000623e+01
7.335154400000000408e+01
7.212974099999999567e+01
7.196621299999999621e+01
7.108522999999999570e+01
6.978351600000000587e+01
6.899469100000000310e+01
6.856069999999999709e+01
6.755477100000000235e+01
6.685604899999999873e+01
6.670683200000000568e+01
6.663373199999999485e+01
6.586708400000000552e+01
6.594503899999999419e+01
6.566001699999999630e+01
6.523955300000000079e+01
6.526243100000000652e+01
6.510439499999999668e+01
6.515703999999999496e+01
6.551405499999999904e+01
6.494895800000000463e+01
6.513425499999999602e+01
6.532112600000000668e+01
6.578283700000000067e+01
6.596828800000000115e+01
6.691451999999999600e+01
6.641818899999999815e+01
6.669165700000000641e+01
6.673742400000000430e+01
6.626230300000000284e+01
6.583352100000000462e+01
6.480890999999999735e+01
6.490799699999999461e+01
6.496558299999999520e+01
6.500235200000000191e+01
6.421247300000000280e+01
6.425088900000000081e+01
6.389930199999999871e+01
6.352788400000000024e+01
6.313049800000000289e+01
6.301281699999999830e+01
6.299616600000000233e+01
6.267364100000000349e+01
6.322134599999999693e+01
6.276644699999999943e+01
6.315390500000000173e+01
6.350475500000000295e+01
6.327063499999999863e+01
6.317251600000000167e+01
6.232901300000000333e+01
6.214579599999999715e+01
6.234800099999999645e+01
6.216346200000000266e+01
6.257227799999999718e+01
6.214652600000000149e+01
6.172002700000000175e+01
6.177978699999999890e+01
6.149746999999999986e+01
6.037144399999999678e+01
6.006662299999999988e+01
6.009249499999999955e+01
5.882639100000000099e+01
5.827859800000000234e+01
5.814498199999999883e+01
5.765158900000000131e+01
5.814175300000000135e+01
5.868910999999999945e+01
5.817556700000000092e+01
5.842724599999999668e+01
5.836415900000000079e+01
5.820116600000000062e+01
5.825477300000000014e+01
5.719042100000000062e+01
5.635740899999999698e+01
5.545380800000000221e+01
5.526293400000000133e+01
5.476829500000000195e+01
5.458680199999999871e+01
5.457740499999999884e+01
5.468906799999999890e+01
5.495323400000000191e+01
5.563113400000000297e+01
5.800763700000000256e+01
6.048415800000000075e+01
6.420558599999999672e+01
6.775125300000000550e+01
7.147557000000000471e+01
7.521447700000000225e+01
7.889179400000000442e+01
8.341293799999999692e+01
8.665745900000000290e+01
8.984921099999999683e+01
9.175840700000000538e+01
9.343393500000000529e+01
9.364530799999999999e+01
9.362677100000000507e+01
9.208404600000000073e+01
9.022368199999999661e+01
8.881708600000000331e+01
8.664477100000000576e+01
8.500145200000000045e+01
8.354035199999999861e+01
8.179365099999999700e+01
7.991346299999999303e+01
7.787057500000000232e+01
7.686295300000000452e+01
7.606659199999999998e+01
7.600879999999999370e+01
7.674053299999999922e+01
7.814645699999999806e+01
7.919047100000000228e+01
8.024376900000000035e+01
8.263060199999999611e+01
8.416718500000000347e+01
8.652659900000000448e+01
8.903860899999999390e+01
8.990716199999999958e+01
9.179533700000000351e+01
9.385180800000000545e+01
9.507577100000000314e+01
9.579495699999999658e+01
9.599413800000000663e+01
9.693720199999999920e+01
9.756119499999999789e+01
9.789223300000000449e+01
9.834879599999999300e+01
9.741033500000000345e+01
9.784928299999999979e+01
9.745340199999999697e+01
9.672229099999999846e+01
9.539832400000000234e+01
9.476967100000000244e+01
9.485561599999999771e+01
9.447403099999999654e+01
9.352521299999999371e+01
9.266075700000000381e+01
9.245701699999999335e+01
9.241595999999999833e+01
9.148056800000000521e+01
9.055841800000000319e+01
8.910971399999999676e+01
8.784159200000000567e+01
8.667120799999999292e+01
8.551080100000000073e+01
8.389298800000000256e+01
8.215504300000000626e+01
8.099861900000000503e+01
7.923114300000000298e+01
7.739897799999999961e+01
7.514229299999999512e+01
7.435124500000000580e+01
7.327521799999999530e+01
7.292600899999999342e+01
7.255585200000000157e+01
7.298656800000000544e+01
7.365112899999999740e+01
7.379314100000000565e+01
7.431194100000000446e+01
7.449330899999999644e+01
7.469373299999999460e+01
7.513267399999999441e+01
7.565007900000000518e+01
7.698767200000000344e+01
7.686404600000000187e+01
7.679858699999999772e+01
7.623975099999999827e+01
7.651810199999999895e+01
7.616430300000000386e+01
7.528786800000000312e+01
7.446610499999999888e+01
7.346714199999999551e+01
7.261469999999999914e+01
7.215502800000000150e+01
7.039307399999999859e+01
7.036257999999999413e+01
6.952761900000000139e+01
6.829691300000000354e+01
6.762973800000000324e+01
6.617479699999999809e+01
6.573649500000000501e+01
6.441430499999999881e+01
6.513913399999999854e+01
6.465490699999999435e+01
6.443761800000000051e+01
6.397837400000000230e+01
6.353703800000000257e+01
6.428184100000000001e+01
6.398248499999999694e+01
6.333200599999999980e+01
6.403798500000000615e+01
6.450222899999999981e+01
6.463447399999999732e+01
6.461745799999999917e+01
6.469082199999999716e+01
6.434478900000000579e+01
6.388814699999999647e+01
6.345321599999999762e+01
6.260526200000000330e+01
6.210224300000000142e+01
6.253025000000000233e+01
6.251348200000000332e+01
6.209441300000000297e+01
6.275261400000000123e+01
6.271889800000000292e+01
6.242746199999999845e+01
6.195149700000000337e+01
6.122870000000000346e+01
6.089766600000000096e+01
6.074055400000000304e+01
6.008693099999999987e+01
6.024205500000000058e+01
5.965574199999999649e+01
5.990064499999999725e+01
5.969024300000000238e+01
5.959058699999999931e+01
5.975712200000000252e+01
5.980375099999999833e+01
5.888844600000000185e+01
5.808335600000000198e+01
5.758989600000000308e+01
5.738843899999999820e+01
5.725460000000000349e+01
5.723851899999999659e+01
5.724124700000000132e+01
5.761345000000000027e+01
5.648092700000000121e+01
5.656821200000000260e+01
5.639683600000000041e+01
5.651926300000000225e+01
5.681346200000000124e+01
5.682251600000000025e+01
5.721804999999999808e+01
5.681905299999999670e+01
5.670229499999999945e+01
5.635843299999999800e+01
5.625125400000000297e+01
5.657498600000000266e+01
5.617595699999999681e+01
5.552908099999999791e+01
5.568155699999999797e+01
5.562484899999999755e+01
5.521921700000000044e+01
5.501554500000000303e+01
5.500676500000000146e+01
5.458635499999999752e+01
5.472145600000000343e+01
5.557499800000000079e+01
5.674374499999999699e+01
5.904949400000000281e+01
6.217981900000000195e+01
6.531978100000000609e+01
6.923588999999999771e+01
7.399344000000000676e+01
7.731666900000000453e+01
8.108779099999999573e+01
8.426438400000000684e+01
8.777213399999999410e+01
9.034327500000000555e+01
9.366939800000000105e+01
9.521681900000000098e+01
9.613434900000000027e+01
9.577154000000000167e+01
9.507928499999999872e+01
9.352447300000000041e+01
9.095891000000000304e+01
8.959166100000000199e+01
8.747334100000000490e+01
8.465333699999999340e+01
8.294744000000000028e+01
8.180236499999999467e+01
8.092232500000000073e+01
7.955204600000000426e+01
7.912830399999999997e+01
7.898117299999999830e+01
7.888988000000000511e+01
7.945768700000000706e+01
8.136715100000000689e+01
8.315322299999999700e+01
8.566735300000000564e+01
8.806740499999999372e+01
9.024728100000000097e+01
9.243220100000000627e+01
9.448574700000000348e+01
9.684102799999999434e+01
9.828722299999999734e+01
9.986829799999999580e+01
1.016260300000000001e+02
1.025710299999999933e+02
1.032093600000000038e+02
1.033302900000000051e+02
1.032152700000000038e+02
1.028554400000000015e+02
1.024172899999999942e+02
1.016197200000000009e+02
1.011214599999999990e+02
1.007113499999999959e+02
9.980360199999999793e+01
9.907199900000000525e+01
9.849411800000000028e+01
9.700726199999999722e+01
9.597699299999999312e+01
9.535917299999999841e+01
9.455642199999999775e+01
9.269399300000000608e+01
9.184786099999999465e+01
9.126978699999999378e+01
9.107938599999999951e+01
9.008511699999999678e+01
8.992008099999999615e+01
8.804740800000000434e+01
8.688867899999999622e+01
8.606143400000000554e+01
8.496818700000000035e+01
8.343324300000000449e+01
8.119147100000000705e+01
7.973005700000000218e+01
7.774648899999999685e+01
7.639330999999999960e+01
7.628526999999999703e+01
7.557763599999999826e+01
7.560042699999999627e+01
7.461426699999999812e+01
7.478993400000000236e+01
7.506728599999999574e+01
7.496617600000000436e+01
7.565440300000000207e+01
7.626223699999999894e+01
7.617790200000000311e+01
7.606872300000000564e+01
7.482362899999999684e+01
7.464053499999999985e+01
7.453864199999999585e+01
7.434499800000000391e+01
7.456221299999999985e+01
7.386201900000000364e+01
7.379425000000000523e+01
7.299729800000000068e+01
7.224440099999999632e+01
7.107679600000000164e+01
7.005803600000000131e+01
6.950515099999999791e+01
6.936546199999999374e+01
6.789772499999999411e+01
6.699474499999999466e+01
6.611104100000000017e+01
6.531526599999999405e+01
6.392480599999999669e+01
6.378436899999999810e+01
6.336144099999999924e+01
6.308665799999999990e+01
6.376581300000000141e+01
6.369977800000000201e+01
6.403257399999999677e+01
6.377510900000000049e+01
6.380285899999999799e+01
6.397508400000000250e+01
6.424454799999999466e+01
6.394534600000000069e+01
6.431789600000000462e+01
6.480948100000000522e+01
6.393354899999999930e+01
6.366297200000000345e+01
6.349315699999999651e+01
6.280357200000000262e+01
6.260047800000000251e+01
6.226460199999999645e+01
6.167462799999999845e+01
6.191384500000000202e+01
6.203008100000000269e+01
6.188750699999999938e+01
6.183610999999999791e+01
6.146998200000000168e+01
6.149124700000000132e+01
6.111937999999999960e+01
6.133028099999999938e+01
6.145896199999999965e+01
6.218169199999999819e+01
6.171993499999999955e+01
6.209422599999999903e+01
6.209960300000000188e+01
6.255313699999999955e+01
6.239602599999999910e+01
6.213528399999999863e+01
6.186772200000000055e+01
6.119388000000000005e+01
6.064214900000000341e+01
5.981145000000000067e+01
5.943264899999999784e+01
5.900936099999999840e+01
5.880947799999999859e+01
5.869263300000000072e+01
5.818049899999999752e+01
5.753018200000000348e+01
5.749277399999999716e+01
5.751808700000000130e+01
5.716927100000000195e+01
5.747534799999999677e+01
5.751547500000000213e+01
5.747101200000000176e+01
5.718669400000000280e+01
5.679625500000000216e+01
5.661710200000000270e+01
5.643857200000000063e+01
5.609247400000000283e+01
5.615209200000000322e+01
5.674755100000000141e+01
5.664502699999999891e+01
5.574381600000000248e+01
5.591434399999999982e+01
5.536247999999999791e+01
5.476972899999999811e+01
5.620820899999999654e+01
5.623974299999999715e+01
5.551693999999999818e+01
5.624805400000000333e+01
5.784288800000000208e+01
6.012836000000000070e+01
6.471067700000000400e+01
6.867803200000000174e+01
7.294574699999999723e+01
7.710297900000000482e+01
8.242845699999999454e+01
8.661096000000000572e+01
9.081759999999999877e+01
9.392593200000000309e+01
9.604795500000000175e+01
9.778301600000000349e+01
9.780138200000000381e+01
9.796321000000000367e+01
9.740936000000000661e+01
9.645116699999999810e+01
9.422658099999999592e+01
9.218010300000000257e+01
8.998381100000000288e+01
8.796448300000000131e+01
8.602118400000000520e+01
8.456634699999999327e+01
8.354069200000000706e+01
8.223679099999999664e+01
8.123885900000000504e+01
8.117777499999999691e+01
8.173721399999999448e+01
8.290792899999999577e+01
8.381561299999999903e+01
8.455658499999999833e+01
8.628481200000000229e+01
8.903631500000000187e+01
9.060868600000000583e+01
9.314812999999999477e+01
9.465756199999999865e+01
9.719171500000000208e+01
9.972436399999999423e+01
1.007396800000000070e+02
1.022271300000000025e+02
1.035818399999999997e+02
1.043920300000000054e+02
1.051839999999999975e+02
1.057178899999999970e+02
1.063811100000000067e+02
1.057516200000000026e+02
1.052743600000000015e+02
1.038520800000000008e+02
1.019613800000000055e+02
1.011339499999999987e+02
1.005860299999999938e+02
9.924876999999999327e+01
9.861735699999999838e+01
9.821012799999999743e+01
9.686543399999999338e+01
9.646522400000000630e+01
9.610610300000000450e+01
9.512724300000000710e+01
9.377837100000000703e+01
9.281402500000000089e+01
9.112770399999999427e+01
9.092177900000000079e+01
9.018120999999999299e+01
8.920236500000000035e+01
8.838604399999999828e+01
8.711435299999999415e+01
8.504746799999999496e+01
8.283249800000000107e+01
8.139956800000000214e+01
7.973383200000000670e+01
7.842590699999999515e+01
7.746614700000000653e+01
7.685699099999999362e+01
7.631533000000000300e+01
7.567187199999999336e+01
7.559338700000000699e+01
7.586904199999999321e+01
7.603340300000000695e+01
7.606008400000000336e+01
7.604600000000000648e+01
7.676918899999999724e+01
7.752718000000000131e+01
7.829646599999999523e+01
7.820541699999999707e+01
7.877398800000000278e+01
7.877474300000000085e+01
7.895006800000000169e+01
7.914578699999999856e+01
7.888857400000000553e+01
7.874382099999999696e+01
7.808605099999999766e+01
7.768544300000000646e+01
7.665543700000000626e+01
7.503752500000000225e+01
7.358980599999999583e+01
7.246136500000000069e+01
7.146100599999999758e+01
7.098367000000000360e+01
7.044714999999999350e+01
6.987198100000000522e+01
6.895422000000000651e+01
6.872002700000000175e+01
6.832004899999999736e+01
6.746314200000000483e+01
6.688226699999999880e+01
6.655767400000000578e+01
6.671956699999999785e+01
6.651840799999999376e+01
6.687644699999999887e+01
6.658246099999999501e+01
6.624643500000000529e+01
6.718477599999999939e+01
6.682481699999999591e+01
6.634123099999999340e+01
6.623373899999999992e+01
6.540906499999999824e+01
6.516210100000000693e+01
6.526281099999999924e+01
6.443565700000000618e+01
6.430952200000000119e+01
6.408617200000000480e+01
6.392320000000000135e+01
6.332104400000000055e+01
6.310530399999999673e+01
6.266376700000000000e+01
6.241071099999999916e+01
6.176711099999999988e+01
6.145055800000000090e+01
6.087342199999999792e+01
6.043720900000000285e+01
6.103095799999999826e+01
6.106706599999999696e+01
6.107207700000000017e+01
6.025218600000000180e+01
5.979835899999999782e+01
5.994370700000000340e+01
5.986884400000000284e+01
5.971438299999999799e+01
5.833069600000000321e+01
5.776692200000000099e+01
5.708440300000000178e+01
5.709077400000000324e+01
5.661708900000000000e+01
5.631630899999999684e+01
5.574215499999999679e+01
5.548259199999999680e+01
5.493783799999999928e+01
5.547102100000000036e+01
5.508466200000000157e+01
5.472998299999999716e+01
5.468034800000000217e+01
5.431740299999999877e+01
5.433245900000000006e+01
5.463112499999999727e+01
5.492149899999999718e+01
5.526792900000000230e+01
5.561878099999999847e+01
5.489188599999999951e+01
5.448318299999999681e+01
5.377416099999999943e+01
5.344722099999999898e+01
5.325512499999999960e+01
5.314220900000000114e+01
5.264437699999999865e+01
5.277855300000000227e+01
5.311500600000000105e+01
5.361316599999999966e+01
5.415377900000000011e+01
5.437011900000000253e+01
5.593726999999999805e+01
5.787089000000000283e+01
6.106051899999999932e+01
6.539166199999999662e+01
7.014782399999999996e+01
7.470741099999999335e+01
7.918825599999999554e+01
8.333311999999999387e+01
8.777751399999999649e+01
9.057032300000000191e+01
9.378713100000000225e+01
9.597795600000000604e+01
9.672753099999999904e+01
9.669646099999999933e+01
9.647935200000000577e+01
9.568163099999999588e+01
9.451346499999999651e+01
9.305533499999999947e+01
9.119944499999999721e+01
8.873918799999999862e+01
8.793200600000000122e+01
8.665203499999999792e+01
8.526649500000000614e+01
8.377479999999999905e+01
8.301657400000000564e+01
8.223827500000000157e+01
8.259156400000000531e+01
8.327498699999999587e+01
8.413066700000000253e+01
8.460239599999999882e+01
8.555076099999999428e+01
8.782712600000000691e+01
8.959338999999999942e+01
9.175864799999999377e+01
9.346015900000000443e+01
9.536075999999999908e+01
9.667627500000000396e+01
9.828431000000000495e+01
9.987983400000000245e+01
1.011394200000000012e+02
1.021936599999999942e+02
1.034159199999999998e+02
1.043732499999999987e+02
1.042707599999999957e+02
1.040202199999999948e+02
1.040251499999999965e+02
1.034842900000000014e+02
1.023425500000000028e+02
1.012758100000000070e+02
1.006050299999999993e+02
1.001222099999999955e+02
9.876618700000000217e+01
9.852020400000000677e+01
9.657944700000000182e+01
9.536794500000000596e+01
9.358664199999999767e+01
9.223927299999999718e+01
9.118189700000000641e+01
9.022924100000000180e+01
8.930975300000000061e+01
8.867653799999999364e+01
8.732918200000000297e+01
8.634358699999999942e+01
8.479073499999999797e+01
8.338338199999999745e+01
8.167951600000000667e+01
7.958691600000000221e+01
7.727094099999999344e+01
7.630253500000000599e+01
7.545197000000000287e+01
7.517265299999999684e+01
7.453239000000000658e+01
7.359175000000000466e+01
7.371511300000000233e+01
7.402575899999999365e+01
7.412467499999999632e+01
7.488254899999999736e+01
7.522902100000000303e+01
7.534750200000000575e+01
7.628283100000000161e+01
7.697862899999999797e+01
7.738262699999999938e+01
7.769326700000000585e+01
7.783115999999999701e+01
7.734041399999999555e+01
7.725767299999999693e+01
7.667004500000000178e+01
7.666483800000000315e+01
7.559578000000000486e+01
7.476862900000000423e+01
7.385661399999999333e+01
7.276181599999999605e+01
7.168936399999999765e+01
7.087511999999999546e+01
7.006757899999999495e+01
6.902548299999999415e+01
6.790530300000000352e+01
6.722095699999999852e+01
6.698313299999999515e+01
6.643045600000000661e+01
6.597145000000000437e+01
6.517320700000000500e+01
6.483246499999999912e+01
6.503099799999999675e+01
6.574784800000000473e+01
6.587641899999999850e+01
6.586447599999999625e+01
6.612955900000000042e+01
6.646481199999999490e+01
6.747656700000000285e+01
6.728679099999999380e+01
6.695660100000000625e+01
6.693495699999999715e+01
6.634490999999999872e+01
6.631492299999999318e+01
6.573300100000000157e+01
6.460887099999999350e+01
6.463845299999999838e+01
6.404456999999999312e+01
6.316911999999999949e+01
6.306165299999999974e+01
6.302834500000000162e+01
6.279173899999999975e+01
6.214263199999999898e+01
6.201108200000000181e+01
6.153869499999999704e+01
6.118287899999999979e+01
6.067645000000000266e+01
6.010904099999999772e+01
5.961754400000000231e+01
5.907087099999999680e+01
5.859230399999999861e+01
5.808849099999999765e+01
5.795020800000000349e+01
5.741757900000000348e+01
5.716653000000000162e+01
5.765410700000000332e+01
5.767057400000000200e+01
5.748618199999999945e+01
5.707766999999999769e+01
5.666115599999999830e+01
5.623351399999999956e+01
5.631074900000000127e+01
5.618514299999999650e+01
5.588423699999999883e+01
5.585213399999999950e+01
5.624544000000000210e+01
5.608051700000000039e+01
5.601453699999999714e+01
5.603704799999999864e+01
5.628965600000000080e+01
5.648146200000000050e+01
5.666805899999999951e+01
5.727070899999999654e+01
5.646515099999999876e+01
5.623100099999999912e+01
5.572867999999999711e+01
5.580528999999999940e+01
5.495696300000000178e+01
5.490700199999999853e+01
5.331900100000000009e+01
5.325569500000000289e+01
5.341521699999999839e+01
5.315021800000000241e+01
5.366453299999999871e+01
5.349699300000000335e+01
5.404646000000000328e+01
5.455872699999999753e+01
5.597118700000000047e+01
5.803983800000000315e+01
6.117601400000000211e+01
6.404809099999999944e+01
6.762251500000000703e+01
7.067685699999999827e+01
7.472558200000000284e+01
7.769383500000000708e+01
8.057687099999999703e+01
8.329816900000000146e+01
8.597327699999999595e+01
8.806913000000000125e+01
8.981449800000000039e+01
9.023246899999999471e+01
9.026210000000000377e+01
9.012903400000000431e+01
8.917969899999999939e+01
8.782102899999999579e+01
8.641747300000000109e+01
8.438289799999999730e+01
8.222282300000000532e+01
8.018784999999999741e+01
7.859680400000000589e+01
7.638757900000000234e+01
7.505889700000000175e+01
7.471702399999999500e+01
7.437939500000000237e+01
7.434405399999999986e+01
7.546321000000000367e+01
7.563751800000000003e+01
7.710028900000000363e+01
7.835094399999999837e+01
7.927167300000000694e+01
8.104048899999999378e+01
8.255054599999999709e+01
8.411214300000000321e+01
8.541011299999999551e+01
8.673537699999999973e+01
8.766018400000000099e+01
8.896716399999999680e+01
8.932627300000000048e+01
8.993479200000000162e+01
9.031155400000000100e+01
9.083577499999999816e+01
9.070919499999999402e+01
9.003255099999999800e+01
8.955137000000000569e+01
8.856130600000000186e+01
8.821579900000000407e+01
8.744912399999999764e+01
8.655345699999999454e+01
8.558370499999999481e+01
8.457983600000000024e+01
8.320087100000000646e+01
8.303261999999999432e+01
8.169409400000000687e+01
8.179609299999999905e+01
8.125561600000000340e+01
7.999732899999999347e+01
7.949557500000000232e+01
7.797232499999999789e+01
7.570490999999999815e+01
7.358740899999999385e+01
7.148800599999999861e+01
7.015678599999999676e+01
6.987114800000000514e+01
6.908385400000000232e+01
6.832458300000000406e+01
6.833983800000000031e+01
6.816508399999999313e+01
6.811373500000000547e+01
6.866820800000000702e+01
6.969893899999999576e+01
7.093607599999999991e+01
7.225249700000000530e+01
7.313010900000000447e+01
7.384286299999999414e+01
7.413626899999999864e+01
7.387921099999999797e+01
7.358997200000000305e+01
7.357206999999999653e+01
7.291429399999999816e+01
7.263766900000000248e+01
7.180406499999999426e+01
7.116440500000000213e+01
7.046462999999999965e+01
6.888390400000000113e+01
6.791645200000000671e+01
6.670974800000000471e+01
6.653970300000000293e+01
6.544219599999999559e+01
6.455712800000000584e+01
6.392690999999999946e+01
6.213496700000000317e+01
6.176503000000000299e+01
6.062912599999999941e+01
6.079890400000000028e+01
6.045387499999999648e+01
6.054202099999999831e+01
5.993526700000000318e+01
6.041038700000000006e+01
6.015364000000000289e+01
6.055805399999999850e+01
6.060419600000000173e+01
6.151593900000000303e+01
6.153829199999999844e+01
6.145773899999999657e+01
6.101873100000000250e+01
6.105955600000000061e+01
6.130773800000000051e+01
6.107868100000000311e+01
6.086204599999999942e+01
6.036348300000000222e+01
6.003515199999999652e+01
6.052101799999999798e+01
6.024262000000000228e+01
5.940617999999999910e+01
5.876347299999999763e+01
5.884718600000000066e+01
5.854627099999999729e+01
5.815045700000000295e+01
5.801085199999999986e+01
5.734968800000000044e+01
5.658432200000000023e+01
5.665876699999999744e+01
5.651969299999999663e+01
5.649752800000000263e+01
5.612215299999999729e+01
5.501737399999999667e+01
5.510441800000000256e+01
5.488270700000000346e+01
5.480324099999999987e+01
5.437096700000000027e+01
5.430111300000000085e+01
5.405680600000000169e+01
5.398640400000000028e+01
5.393664100000000161e+01
5.400619700000000023e+01
5.313937399999999656e+01
5.335300999999999760e+01
5.352781300000000186e+01
5.270868699999999762e+01
5.276687799999999839e+01
5.273971399999999932e+01
5.297435899999999975e+01
5.329093799999999703e+01
5.385576499999999811e+01
5.432408499999999663e+01
5.455941200000000180e+01
5.465300200000000075e+01
5.490265800000000240e+01
5.394883000000000095e+01
5.348141600000000295e+01
5.269255499999999870e+01
5.270486300000000313e+01
5.247110399999999686e+01
5.179534300000000258e+01
5.218280800000000141e+01
5.213919500000000085e+01
5.170999100000000226e+01
5.150191900000000089e+01
5.133114799999999889e+01
5.216602000000000317e+01
5.298932400000000342e+01
5.309393399999999730e+01
5.397623300000000057e+01
5.553021600000000291e+01
5.774421900000000107e+01
6.030384000000000100e+01
6.434470000000000312e+01
6.758805700000000627e+01
7.113088999999999373e+01
7.509560299999999700e+01
7.879150099999999668e+01
8.247146700000000408e+01
8.441983600000000365e+01
8.695530899999999974e+01
8.860463099999999770e+01
8.973348300000000677e+01
9.089041100000000029e+01
9.153879200000000083e+01
9.043066100000000063e+01
8.920478799999999353e+01
8.791581600000000662e+01
8.543957100000000082e+01
8.422271200000000135e+01
8.222950099999999907e+01
8.069997899999999902e+01
7.920201400000000547e+01
7.874408200000000591e+01
7.804712299999999914e+01
7.711773200000000372e+01
7.725507899999999495e+01
7.734951999999999828e+01
7.842271399999999915e+01
7.911317099999999414e+01
8.017266600000000665e+01
8.197029700000000219e+01
8.312679699999999627e+01
8.521841999999999473e+01
8.669792800000000454e+01
8.854167200000000548e+01
9.079684699999999964e+01
9.305646199999999624e+01
9.489492300000000569e+01
9.558699500000000171e+01
9.629934500000000241e+01
9.624464299999999639e+01
9.607694399999999746e+01
9.583140500000000372e+01
9.634121899999999528e+01
9.578096600000000649e+01
9.516870900000000688e+01
9.404219200000000001e+01
9.345039800000000696e+01
9.325683100000000536e+01
9.224173000000000400e+01
9.168874900000000139e+01
9.137614899999999807e+01
9.147574299999999425e+01
8.999926600000000576e+01
8.923067500000000507e+01
8.844195000000000562e+01
8.734278000000000475e+01
8.630736400000000685e+01
8.511913499999999999e+01
8.439144899999999438e+01
8.278776399999999569e+01
8.077898999999999319e+01
7.918017100000000141e+01
7.772796999999999912e+01
7.574864800000000287e+01
7.535525499999999965e+01
7.461292600000000164e+01
7.417334800000000428e+01
7.378500300000000323e+01
7.272512600000000305e+01
7.267962699999999643e+01
7.240777300000000594e+01
7.300150800000000118e+01
7.314142400000000066e+01
7.413545200000000079e+01
7.405700400000000627e+01
7.494725099999999429e+01
7.502998700000000554e+01
7.477517799999999681e+01
7.528972400000000675e+01
7.477423299999999529e+01
7.487256600000000617e+01
7.437101199999999324e+01
7.368692400000000475e+01
7.366521299999999428e+01
7.273722899999999925e+01
7.203631400000000440e+01
7.106006499999999448e+01
6.976507300000000100e+01
6.922466000000000008e+01
6.801896999999999593e+01
6.720666300000000604e+01
6.667732700000000534e+01
6.637378300000000309e+01
6.550144299999999475e+01
6.438691400000000442e+01
6.402149799999999402e+01
6.401706500000000233e+01
6.294238599999999906e+01
6.275859299999999763e+01
6.217725000000000080e+01
6.288576599999999672e+01
6.260583400000000154e+01
6.233083700000000249e+01
6.260477600000000109e+01
6.358873299999999773e+01
6.388315500000000213e+01
6.409503200000000334e+01
6.401809299999999325e+01
6.343126800000000287e+01
6.323348699999999667e+01
6.337862899999999655e+01
6.336657000000000295e+01
6.260141099999999881e+01
6.203191499999999792e+01
6.048117100000000335e+01
6.011442499999999711e+01
6.003764600000000229e+01
5.947243999999999886e+01
5.941457900000000336e+01
5.921679799999999716e+01
5.861424499999999682e+01
5.860928799999999939e+01
5.854931299999999794e+01
5.837897499999999695e+01
5.748501100000000008e+01
5.720395800000000008e+01
5.730806499999999915e+01
5.722332600000000014e+01
5.709693299999999994e+01
5.714668199999999842e+01
5.706121900000000124e+01
5.660450699999999813e+01
5.656801000000000101e+01
5.653420400000000257e+01
5.630769599999999997e+01
5.617935200000000151e+01
5.548280700000000110e+01
5.499921700000000158e+01
5.428609800000000263e+01
5.421661000000000286e+01
5.367106100000000168e+01
5.375428699999999793e+01
5.343135399999999890e+01
5.304661200000000321e+01
5.324787800000000004e+01
5.335416299999999978e+01
5.328913599999999917e+01
5.287530199999999780e+01
5.307472200000000129e+01
5.244013000000000346e+01
5.278476899999999716e+01
5.179824500000000143e+01
5.176587899999999820e+01
5.135722499999999968e+01
5.100394699999999659e+01
5.005423300000000353e+01
4.943793300000000102e+01
4.967626200000000125e+01
4.878667399999999787e+01
4.919988699999999682e+01
4.882089599999999763e+01
4.847977000000000203e+01
4.867823500000000081e+01
4.904227300000000156e+01
5.036328999999999922e+01
5.362730499999999978e+01
5.652501300000000128e+01
5.958050200000000274e+01
6.430758299999999394e+01
6.831991200000000219e+01
7.220358699999999885e+01
7.601247499999999491e+01
7.940265399999999829e+01
8.330604900000000157e+01
8.620648199999999406e+01
8.784724900000000503e+01
8.955682699999999841e+01
8.999184400000000039e+01
8.940852900000000147e+01
8.875313599999999781e+01
8.704303299999999410e+01
8.581828600000000051e+01
8.369726699999999653e+01
8.180865799999999410e+01
8.003330599999999606e+01
7.829439399999999694e+01
7.662801600000000235e+01
7.527015400000000511e+01
7.447822999999999638e+01
7.401074199999999337e+01
7.395555000000000234e+01
7.469382699999999886e+01
7.589342299999999852e+01
7.706623899999999594e+01
7.866540399999999522e+01
7.990415000000000134e+01
8.152166400000000124e+01
8.358867899999999906e+01
8.565237500000000637e+01
8.766034799999999905e+01
9.038302699999999845e+01
9.137163300000000277e+01
9.351810000000000400e+01
9.472107300000000407e+01
9.570853400000000022e+01
9.644255200000000627e+01
9.670742699999999559e+01
9.701717499999999461e+01
9.621776199999999335e+01
9.675402699999999356e+01
9.674288400000000365e+01
9.638623499999999922e+01
9.619259800000000382e+01
9.549044299999999907e+01
9.540597400000000050e+01
9.437297900000000084e+01
9.377181799999999612e+01
9.306590599999999824e+01
9.222193000000000040e+01
9.081920700000000579e+01
8.976084299999999416e+01
8.900251099999999838e+01
8.799512400000000412e+01
8.798063000000000500e+01
8.596094100000000537e+01
8.486405200000000093e+01
8.424463900000000649e+01
8.244821199999999806e+01
8.033217799999999897e+01
7.817273500000000297e+01
7.638796899999999823e+01
7.512116000000000327e+01
7.339223900000000356e+01
7.300103000000000009e+01
7.284427800000000275e+01
7.229340200000000038e+01
7.174885500000000604e+01
7.179198900000000094e+01
7.233092100000000357e+01
7.287137199999999382e+01
7.346391199999999344e+01
7.381962000000000046e+01
7.418144300000000158e+01
7.507955900000000327e+01
7.568833999999999662e+01
7.634722700000000373e+01
7.665696099999999547e+01
7.684177300000000344e+01
7.722490700000000174e+01
7.734614600000000451e+01
7.760353399999999624e+01
7.611641199999999685e+01
7.604000700000000279e+01
7.475816600000000278e+01
7.361307299999999998e+01
7.237264600000000314e+01
7.084816499999999451e+01
7.066093899999999906e+01
6.952789599999999837e+01
6.871431200000000672e+01
6.731735399999999458e+01
6.627852799999999434e+01
6.534293499999999710e+01
6.461726400000000581e+01
6.438926499999999464e+01
6.386431499999999772e+01
6.366309199999999890e+01
6.387866000000000355e+01
6.437191099999999722e+01
6.427898199999999918e+01
6.440457399999999666e+01
6.454980000000000473e+01
6.474420600000000547e+01
6.530682099999999934e+01
6.488372699999999327e+01
6.551152100000000189e+01
6.463256699999999455e+01
6.379913799999999924e+01
6.334830500000000342e+01
6.374342000000000041e+01
6.367103600000000085e+01
6.347926499999999805e+01
6.263051999999999708e+01
6.295863500000000101e+01
6.253769499999999937e+01
6.222969200000000001e+01
6.198382900000000006e+01
6.167004299999999972e+01
6.173355800000000215e+01
6.200649299999999897e+01
6.217741000000000184e+01
6.249280399999999958e+01
6.227683199999999886e+01
6.189433400000000063e+01
6.072447600000000278e+01
6.048014799999999980e+01
5.978942700000000343e+01
5.940002700000000146e+01
5.886928199999999833e+01
5.856754000000000104e+01
5.798553499999999872e+01
5.670528000000000191e+01
5.645173900000000344e+01
5.573893000000000342e+01
5.453031800000000118e+01
5.462049600000000282e+01
5.470641299999999774e+01
5.479794199999999904e+01
5.469013799999999748e+01
5.460730499999999665e+01
5.425218399999999974e+01
5.453419699999999892e+01
5.394603200000000243e+01
5.383892199999999661e+01
5.382315499999999986e+01
5.409477300000000355e+01
5.416623100000000335e+01
5.356001700000000199e+01
5.345139000000000351e+01
5.287311700000000059e+01
5.268697199999999725e+01
5.262249800000000022e+01
5.220256899999999689e+01
5.235212899999999792e+01
5.229903399999999891e+01
5.175809900000000141e+01
5.181072400000000044e+01
5.237089300000000236e+01
5.262257100000000065e+01
5.385446900000000170e+01
5.486992300000000000e+01
5.662765999999999877e+01
5.977710199999999929e+01
6.429505299999999579e+01
6.813961000000000467e+01
7.169010500000000263e+01
7.555800000000000693e+01
7.928436600000000567e+01
8.345609000000000322e+01
8.648894900000000519e+01
8.882520800000000349e+01
9.088365899999999442e+01
9.136171600000000126e+01
9.204550199999999904e+01
9.260962999999999568e+01
9.176158499999999663e+01
9.073153100000000393e+01
8.952213100000000168e+01
8.812958700000000078e+01
8.636589200000000233e+01
8.424503400000000397e+01
8.229284499999999980e+01
8.070298800000000483e+01
7.959776700000000460e+01
7.884798600000000590e+01
7.937617199999999684e+01
7.958005699999999649e+01
7.989661800000000369e+01
8.018598900000000640e+01
8.074367999999999768e+01
8.188333599999999990e+01
8.355981199999999376e+01
8.575049900000000491e+01
8.852513700000000085e+01
9.140465199999999868e+01
9.387158700000000522e+01
9.557928099999999461e+01
9.717467499999999347e+01
9.961636099999999772e+01
1.007417200000000008e+02
1.015292100000000062e+02
1.021199699999999950e+02
1.028710899999999953e+02
1.034277299999999968e+02
1.032512899999999973e+02
1.023449300000000051e+02
1.023094300000000061e+02
1.016413600000000059e+02
1.002129999999999939e+02
9.996650800000000459e+01
9.898192899999999383e+01
9.811876700000000540e+01
9.742101900000000114e+01
9.557618999999999687e+01
9.437753600000000631e+01
9.373280800000000568e+01
9.336475900000000649e+01
9.288174800000000175e+01
9.173676000000000386e+01
9.043004200000000026e+01
8.943247900000000072e+01
8.845040699999999845e+01
8.678955799999999954e+01
8.484402400000000455e+01
8.282933400000000290e+01
8.103981799999999680e+01
7.950826600000000610e+01
7.733435099999999807e+01
7.596322000000000685e+01
7.538589699999999993e+01
7.401598599999999806e+01
7.320137900000000286e+01
7.326936399999999594e+01
7.372976300000000549e+01
7.429112800000000050e+01
7.396446000000000254e+01
7.434440100000000484e+01
7.432373099999999511e+01
7.451081399999999633e+01
7.502571000000000367e+01
7.538986800000000699e+01
7.687614100000000406e+01
7.726511000000000706e+01
7.671582100000000537e+01
7.595015999999999678e+01
7.561260400000000459e+01
7.503952200000000516e+01
7.468869300000000067e+01
7.363928699999999594e+01
7.258705600000000402e+01
7.131933200000000284e+01
7.107760199999999884e+01
7.106695899999999710e+01
6.985604800000000125e+01
6.791804999999999382e+01
6.697192200000000639e+01
6.625322400000000300e+01
6.586075900000000161e+01
6.455520900000000495e+01
6.477979399999999544e+01
6.455301199999999540e+01
6.441305499999999995e+01
6.416846300000000269e+01
6.406227800000000627e+01
6.493848900000000413e+01
6.459643599999999708e+01
6.444227999999999668e+01
6.515248900000000276e+01
6.484428800000000592e+01
6.537969800000000475e+01
6.597231999999999630e+01
6.574070899999999540e+01
6.531497899999999390e+01
6.498476800000000253e+01
6.547839100000000201e+01
6.519406800000000146e+01
6.456287600000000282e+01
6.363298300000000296e+01
6.384257499999999652e+01
6.307360500000000059e+01
6.219125199999999865e+01
6.196818799999999783e+01
6.186160699999999935e+01
6.120867199999999997e+01
6.054224700000000325e+01
6.022844200000000114e+01
6.021050499999999772e+01
6.001062399999999997e+01
6.031018100000000004e+01
6.047837100000000277e+01
6.076733399999999818e+01
6.070696000000000225e+01
5.998159799999999819e+01
6.004601900000000114e+01
5.988646399999999659e+01
6.008163799999999810e+01
5.889968100000000106e+01
5.884185699999999741e+01
5.881906599999999941e+01
5.858354299999999881e+01
5.847993100000000055e+01
5.810995299999999730e+01
5.719003500000000173e+01
5.629150800000000032e+01
5.563744499999999960e+01
5.654073999999999955e+01
5.576285099999999773e+01
5.563195999999999941e+01
5.568223600000000317e+01
5.660930100000000209e+01
5.629865999999999815e+01
5.595463399999999865e+01
5.574848099999999818e+01
5.589117699999999900e+01
5.561425500000000000e+01
5.518148999999999660e+01
5.500960299999999847e+01
5.418902400000000341e+01
5.309462299999999857e+01
5.285126600000000252e+01
5.196710699999999861e+01
5.141127000000000180e+01
5.142287000000000319e+01
5.108358700000000141e+01
5.148709399999999903e+01
5.272636700000000332e+01
5.444117200000000167e+01
5.647797800000000024e+01
6.048036299999999699e+01
6.426499400000000151e+01
6.801036399999999560e+01
7.256323100000000181e+01
7.707723400000000424e+01
8.171962899999999763e+01
8.532320699999999647e+01
8.815815800000000024e+01
9.067806899999999359e+01
9.263588000000000022e+01
9.325735500000000400e+01
9.298686499999999455e+01
9.354237899999999684e+01
9.279372899999999902e+01
9.127232999999999663e+01
8.902115399999999568e+01
8.687527699999999697e+01
8.514494700000000194e+01
8.340251000000000658e+01
8.184678399999999954e+01
7.982530800000000681e+01
7.834706099999999651e+01
7.739024600000000476e+01
7.711996999999999503e+01
7.698121899999999584e+01
7.804977700000000596e+01
7.898302400000000034e+01
8.110057799999999872e+01
8.261831999999999709e+01
8.474247900000000300e+01
8.706328200000000095e+01
8.902932500000000005e+01
9.095206299999999544e+01
9.324302199999999630e+01
9.502668400000000304e+01
9.712179500000000587e+01
9.821357399999999416e+01
9.929434399999999528e+01
9.974979100000000187e+01
1.007869299999999981e+02
1.020011400000000066e+02
1.019750700000000023e+02
1.020428899999999999e+02
1.023347600000000028e+02
1.021082099999999997e+02
1.014287300000000016e+02
1.007850700000000046e+02
1.003727200000000011e+02
9.905619199999999580e+01
9.781054299999999557e+01
9.755622700000000691e+01
9.581706200000000706e+01
9.490473599999999976e+01
9.473285799999999313e+01
9.404480300000000170e+01
9.370482599999999707e+01
9.358371800000000462e+01
9.317655999999999494e+01
9.290179100000000290e+01
9.209716099999999983e+01
9.139950699999999983e+01
9.013275299999999390e+01
8.875363600000000019e+01
8.732216999999999985e+01
8.509656300000000329e+01
8.284625499999999931e+01
8.150762500000000443e+01
7.980933400000000688e+01
7.960482100000000116e+01
7.849641900000000305e+01
7.769480099999999823e+01
7.735302699999999732e+01
7.752342299999999398e+01
7.810016600000000153e+01
7.781793100000000152e+01
7.837109100000000694e+01
7.846024099999999635e+01
7.894339999999999691e+01
7.912846600000000308e+01
7.963197900000000118e+01
8.005422400000000493e+01
8.016970299999999838e+01
8.028670900000000188e+01
8.071620299999999304e+01
7.986494299999999669e+01
7.984064700000000414e+01
7.897130799999999340e+01
7.851069200000000592e+01
7.753110800000000324e+01
7.728965800000000286e+01
7.551256200000000263e+01
7.477574500000000057e+01
7.428905399999999304e+01
7.365196699999999908e+01
7.241373600000000010e+01
7.154894199999999671e+01
7.118253099999999733e+01
7.046656199999999615e+01
6.918382499999999879e+01
6.888975200000000143e+01
6.841599999999999682e+01
6.796543400000000190e+01
6.793997600000000148e+01
6.750789500000000487e+01
6.700299599999999600e+01
6.671417300000000239e+01
6.632602900000000545e+01
6.571688199999999824e+01
6.587740100000000609e+01
6.616695400000000404e+01
6.567896399999999346e+01
6.472397899999999993e+01
6.441236499999999410e+01
6.407528999999999542e+01
6.295011800000000335e+01
6.289548800000000028e+01
6.308626699999999943e+01
6.306030499999999961e+01
6.199767299999999892e+01
6.092831400000000031e+01
6.103636800000000306e+01
6.099069399999999774e+01
6.055498399999999748e+01
5.999756099999999748e+01
5.880263800000000174e+01
5.923109800000000291e+01
5.866209099999999665e+01
5.792247199999999907e+01
5.754053499999999843e+01
5.720941100000000290e+01
5.683407299999999651e+01
5.672888499999999823e+01
5.707056899999999899e+01
5.609508600000000200e+01
5.575225499999999812e+01
5.544157500000000027e+01
5.473122399999999743e+01
5.440129499999999751e+01
5.402603700000000231e+01
5.391635699999999787e+01
5.356469700000000245e+01
5.377253999999999934e+01
5.303234400000000193e+01
5.204391499999999837e+01
5.153456099999999651e+01
5.218031500000000023e+01
5.259512699999999796e+01
5.207636500000000268e+01
5.167822400000000016e+01
5.192332400000000092e+01
5.146698899999999810e+01
5.197295499999999890e+01
5.130908600000000064e+01
5.144416300000000319e+01
5.121031700000000342e+01
5.128488399999999814e+01
5.128370799999999718e+01
5.107201400000000291e+01
5.119147099999999995e+01
5.034436600000000084e+01
4.930906499999999681e+01
4.959339500000000100e+01
5.070313800000000271e+01
5.166615399999999880e+01
5.247698400000000163e+01
5.436740100000000098e+01
5.702129300000000001e+01
6.040075300000000169e+01
6.470800800000000663e+01
6.983662900000000207e+01
7.468857900000000427e+01
7.882041300000000206e+01
8.314493000000000222e+01
8.686939700000000641e+01
9.048796199999999601e+01
9.372881399999999985e+01
9.558603499999999542e+01
9.723708899999999744e+01
9.829918200000000184e+01
9.716618499999999869e+01
9.579646800000000439e+01
9.454178199999999777e+01
9.300028500000000520e+01
9.046751399999999421e+01
8.861356999999999573e+01
8.648760400000000459e+01
8.516559900000000027e+01
8.417831999999999937e+01
8.321700300000000539e+01
8.202925299999999709e+01
8.168639199999999789e+01
8.166411200000000292e+01
8.165081299999999942e+01
8.292612599999999645e+01
8.439120300000000441e+01
8.641827100000000428e+01
8.830136299999999494e+01
8.974029699999999821e+01
9.207255200000000173e+01
9.470608699999999658e+01
9.677543699999999660e+01
9.907245000000000346e+01
1.004456299999999942e+02
1.022712800000000044e+02
1.037998099999999937e+02
1.053338399999999950e+02
1.061846699999999970e+02
1.064640100000000018e+02
1.070640899999999931e+02
1.067124900000000025e+02
1.063727499999999964e+02
1.066615800000000007e+02
1.060646200000000050e+02
1.044843599999999952e+02
1.030399400000000014e+02
1.020283199999999937e+02
1.011696000000000026e+02
9.948386399999999696e+01
9.868616099999999847e+01
9.749567700000000059e+01
9.661103799999999353e+01
9.594195799999999963e+01
9.496727799999999320e+01
9.414434300000000633e+01
9.303569099999999992e+01
9.198578200000000038e+01
9.122577699999999368e+01
8.925003800000000354e+01
8.775914299999999457e+01
8.624839699999999709e+01
8.541032699999999522e+01
8.410676499999999578e+01
8.191478999999999644e+01
8.042051800000000128e+01
7.968068200000000445e+01
7.899764000000000408e+01
7.813586100000000556e+01
7.726890500000000372e+01
7.651020499999999913e+01
7.616196800000000167e+01
7.633054099999999664e+01
7.670083800000000451e+01
7.688576000000000477e+01
7.746200699999999983e+01
7.768116600000000460e+01
7.798544499999999857e+01
7.790480700000000525e+01
7.807499900000000537e+01
7.871520499999999743e+01
7.870974900000000218e+01
7.896975600000000384e+01
7.880707900000000166e+01
7.826548900000000231e+01
7.813025000000000375e+01
7.717065100000000655e+01
7.683337500000000375e+01
7.536772100000000307e+01
7.421561900000000378e+01
7.350190600000000529e+01
7.228918899999999326e+01
7.162098799999999699e+01
7.102404500000000098e+01
6.965479000000000553e+01
6.877039600000000519e+01
6.836845200000000489e+01
6.819416099999999403e+01
6.798935000000000173e+01
6.687424599999999941e+01
6.642818300000000420e+01
6.683976300000000492e+01
6.647425300000000448e+01
6.612390299999999854e+01
6.574093799999999987e+01
6.557293099999999697e+01
6.554380799999999851e+01
6.620731899999999825e+01
6.609457100000000196e+01
6.582484399999999880e+01
6.568269700000000455e+01
6.587433099999999797e+01
6.566318499999999858e+01
6.517332199999999887e+01
6.469473100000000443e+01
6.443341499999999655e+01
6.356124700000000161e+01
6.328835500000000280e+01
6.273915199999999714e+01
6.271761500000000211e+01
6.285547900000000254e+01
6.243121299999999962e+01
6.174470699999999823e+01
6.212902100000000161e+01
6.162072700000000225e+01
6.132458599999999649e+01
6.169315600000000188e+01
6.145031399999999877e+01
6.132202499999999645e+01
6.147707499999999925e+01
6.086585500000000337e+01
6.115525000000000233e+01
6.176134700000000066e+01
6.126958299999999724e+01
6.093662900000000349e+01
6.075384799999999785e+01
6.073832500000000323e+01
6.025102900000000261e+01
6.011182000000000158e+01
6.022256800000000254e+01
6.003014499999999742e+01
6.003038800000000208e+01
6.015688899999999961e+01
5.957624299999999806e+01
5.965872999999999848e+01
5.949672799999999739e+01
5.903025900000000092e+01
5.865362100000000112e+01
5.765248700000000071e+01
5.775922500000000070e+01
5.828380299999999892e+01
5.824226900000000029e+01
5.746867600000000209e+01
5.792958399999999841e+01
5.733403400000000261e+01
5.744304000000000343e+01
5.701460800000000262e+01
5.621029999999999660e+01
5.560792599999999908e+01
5.486250199999999921e+01
5.495158899999999846e+01
5.538587499999999864e+01
5.536186399999999708e+01
5.519158999999999793e+01
5.578566500000000161e+01
5.732581900000000275e+01
5.973288300000000106e+01
6.352980500000000319e+01
6.751837199999999939e+01
7.186176700000000039e+01
7.582065900000000624e+01
7.938151299999999821e+01
8.356551799999999730e+01
8.666275400000000673e+01
8.971718799999999305e+01
9.231135299999999688e+01
9.330338000000000420e+01
9.370802899999999624e+01
9.431145700000000431e+01
9.379344799999999793e+01
9.266952799999999968e+01
9.140015200000000561e+01
8.932932399999999973e+01
8.669732799999999884e+01
8.507370600000000138e+01
8.318654999999999688e+01
8.178548000000000684e+01
7.956460300000000530e+01
7.874912299999999732e+01
7.792807399999999518e+01
7.749716399999999794e+01
7.781762299999999755e+01
7.814478599999999631e+01
7.922381799999999430e+01
8.055581599999999298e+01
8.177569900000000302e+01
8.423764400000000308e+01
8.602504799999999818e+01
8.773330099999999732e+01
8.986727700000000141e+01
9.189840399999999931e+01
9.290822099999999750e+01
9.498590099999999836e+01
9.585419400000000678e+01
9.689201599999999814e+01
9.751837100000000191e+01
9.792970800000000509e+01
9.870022699999999816e+01
9.893551800000000185e+01
9.887995899999999949e+01
9.898529800000000023e+01
9.903238500000000499e+01
9.867952300000000321e+01
9.755483800000000372e+01
9.671212300000000539e+01
9.552845899999999801e+01
9.487818699999999694e+01
9.412978400000000079e+01
9.333511500000000183e+01
9.214653800000000672e+01
9.137524000000000513e+01
9.075538899999999387e+01
8.968413700000000688e+01
8.855906600000000140e+01
8.845645899999999529e+01
8.657433899999999483e+01
8.489992499999999609e+01
8.313161399999999901e+01
8.154571300000000633e+01
7.934374699999999336e+01
7.707629500000000178e+01
7.629632800000000259e+01
7.503410800000000336e+01
7.450433900000000165e+01
7.407616299999999399e+01
7.394255499999999870e+01
7.441318300000000363e+01
7.368507099999999355e+01
7.428728099999999301e+01
7.379211399999999799e+01
7.409558199999999317e+01
7.471641300000000285e+01
7.553598700000000576e+01
7.580044700000000546e+01
7.577078600000000108e+01
7.658502699999999663e+01
7.610925000000000296e+01
7.530927300000000457e+01
7.540349999999999397e+01
7.520750900000000172e+01
7.489462899999999479e+01
7.347551099999999735e+01
7.326288599999999462e+01
7.255185400000000584e+01
7.184216899999999839e+01
7.056032299999999680e+01
6.908910899999999344e+01
6.818380899999999656e+01
6.752566500000000360e+01
6.650617099999999482e+01
6.606042700000000423e+01
6.536766299999999319e+01
6.475403400000000431e+01
6.436480899999999394e+01
6.470672600000000330e+01
6.472291599999999789e+01
6.486570100000000139e+01
6.411281700000000683e+01
6.417501000000000033e+01
6.427095400000000325e+01
6.397591500000000053e+01
6.436707800000000645e+01
6.388712300000000255e+01
6.377238700000000193e+01
6.379055699999999973e+01
6.287660900000000197e+01
6.257762499999999761e+01
6.224185599999999852e+01
6.212251499999999993e+01
6.165937000000000268e+01
6.143642799999999937e+01
6.091835300000000331e+01
6.036872499999999775e+01
6.017887199999999837e+01
6.013949900000000071e+01
6.007189100000000082e+01
5.922847399999999851e+01
5.888002199999999675e+01
5.889020399999999711e+01
5.944695300000000060e+01
5.974677700000000158e+01
5.990719599999999900e+01
5.975068699999999922e+01
5.914972399999999908e+01
5.898846699999999998e+01
5.903419900000000098e+01
5.813898199999999861e+01
5.866673300000000069e+01
5.909655500000000217e+01
5.876988800000000168e+01
5.896328599999999653e+01
5.866587599999999725e+01
5.887562700000000149e+01
5.885113499999999931e+01
5.817217500000000285e+01
5.781718599999999952e+01
5.803719000000000250e+01
5.819273199999999946e+01
5.807491699999999923e+01
5.810956099999999935e+01
5.834995200000000182e+01
5.778791400000000067e+01
5.720009699999999953e+01
5.728249900000000139e+01
5.677533799999999786e+01
5.651275900000000263e+01
