6.252119999999999900e-01
6.974160400000000148e-01
7.556999199999999695e-01
7.781349899999999709e-01
8.222044200000000469e-01
8.364477000000000162e-01
8.542633299999999874e-01
8.389816199999999835e-01
8.460337799999999575e-01
8.727850200000000225e-01
8.146484400000000292e-01
8.565166199999999508e-01
8.336012200000000316e-01
8.257403800000000516e-01
8.541473400000000327e-01
8.274536099999999506e-01
8.221519600000000150e-01
8.433879300000000079e-01
8.545212599999999492e-01
8.556470800000000043e-01
8.648859100000000355e-01
8.913307400000000102e-01
8.806980599999999493e-01
8.908328800000000491e-01
8.739005800000000379e-01
8.738757900000000411e-01
8.567318699999999509e-01
8.419939800000000307e-01
8.422657900000000142e-01
8.588099099999999542e-01
8.942430500000000393e-01
8.828965699999999917e-01
8.726441200000000231e-01
9.065536699999999781e-01
8.718766000000000016e-01
8.803027700000000122e-01
8.705036999999999914e-01
8.574070499999999484e-01
8.458669699999999958e-01
8.458471800000000318e-01
8.427958800000000528e-01
8.429230300000000176e-01
8.322366399999999720e-01
8.313615600000000549e-01
8.155613900000000527e-01
7.928530099999999692e-01
7.672065399999999924e-01
7.630173099999999486e-01
7.671543899999999638e-01
7.663197699999999557e-01
7.516570599999999880e-01
7.710209199999999985e-01
7.685228800000000193e-01
7.356301499999999827e-01
7.203832799999999592e-01
7.246941999999999551e-01
7.472194899999999862e-01
7.254865799999999920e-01
7.382764099999999940e-01
7.250645999999999480e-01
6.825814100000000550e-01
7.304048400000000552e-01
6.857993300000000403e-01
6.780875499999999834e-01
7.179554799999999792e-01
6.754704900000000345e-01
6.573767999999999834e-01
6.652677700000000360e-01
6.327444300000000244e-01
6.204362599999999617e-01
5.968765200000000215e-01
3.811125799999999786e-01
1.202685700000000052e-01
-4.798647799999999908e-02
-1.933732999999999980e-01
-3.289850799999999853e-01
-4.673871499999999735e-01
-5.296728000000000547e-01
-6.430343200000000481e-01
-7.172833100000000073e-01
-7.919061899999999543e-01
-8.290519100000000030e-01
-9.119932400000000383e-01
-9.650388800000000433e-01
-9.991849400000000214e-01
-1.015401400000000010e+00
-1.055123199999999928e+00
-1.086066799999999999e+00
-1.108970299999999964e+00
-1.094741799999999987e+00
-8.289457300000000473e-01
-5.050639799999999680e-01
-2.652562500000000267e-01
-1.170111699999999977e-01
1.311180899999999927e-01
2.269446200000000136e-01
3.462417500000000148e-01
4.624675899999999840e-01
5.859245199999999487e-01
6.328823099999999480e-01
6.697477800000000148e-01
7.377535699999999697e-01
7.648968800000000012e-01
8.014586200000000105e-01
7.900184199999999990e-01
8.420506199999999719e-01
8.372477200000000286e-01
8.739294100000000176e-01
8.972275499999999848e-01
9.043018200000000340e-01
9.410596100000000463e-01
9.784791999999999934e-01
9.978649299999999833e-01
1.033279000000000059e+00
1.038476299999999908e+00
1.049668299999999999e+00
1.078936099999999954e+00
1.130621899999999957e+00
1.139314099999999996e+00
1.175071999999999894e+00
1.171583500000000111e+00
1.209964999999999957e+00
1.197651000000000021e+00
1.155303100000000027e+00
1.151270199999999910e+00
1.150293800000000033e+00
1.162212900000000104e+00
1.162300000000000111e+00
1.177229999999999999e+00
1.184220100000000109e+00
1.171222699999999950e+00
1.143600200000000067e+00
1.127645299999999962e+00
1.157839000000000063e+00
1.138272799999999974e+00
1.129995700000000047e+00
1.075388100000000069e+00
1.061304900000000107e+00
1.069262099999999993e+00
1.055498100000000106e+00
1.059140799999999993e+00
1.070880499999999902e+00
1.059606599999999954e+00
1.082550499999999971e+00
1.126273300000000033e+00
1.094867000000000035e+00
1.097137500000000099e+00
1.104958799999999908e+00
1.059566100000000066e+00
1.050677499999999931e+00
1.072571500000000011e+00
1.044208999999999943e+00
1.021367899999999995e+00
1.009766600000000070e+00
1.006296099999999916e+00
1.002151500000000084e+00
9.952044199999999785e-01
9.826770599999999911e-01
9.654592499999999911e-01
9.305047800000000313e-01
9.220326500000000092e-01
9.089423500000000100e-01
8.988367099999999832e-01
8.791584399999999855e-01
8.635751600000000083e-01
8.540413399999999822e-01
8.344987299999999664e-01
8.533156200000000524e-01
8.193993699999999603e-01
7.594946900000000278e-01
4.373894600000000077e-01
2.458358200000000104e-01
2.695618899999999846e-02
-1.143519999999999953e-01
-2.161126300000000000e-01
-3.430750200000000083e-01
-4.374877099999999741e-01
-5.636249599999999527e-01
-6.440520100000000081e-01
-7.316345199999999549e-01
-8.166209300000000226e-01
-8.384952900000000042e-01
-8.493566900000000253e-01
-9.093030600000000518e-01
-9.092164799999999936e-01
-9.334916899999999851e-01
-9.352230700000000452e-01
-9.496892599999999796e-01
-8.099648799999999982e-01
-4.854431100000000110e-01
-2.234852400000000017e-01
3.703635000000000260e-02
2.266477399999999864e-01
2.877504699999999804e-01
4.186477299999999957e-01
5.031489700000000287e-01
6.265881399999999601e-01
6.748353900000000349e-01
6.935337499999999489e-01
7.460082199999999997e-01
7.600911299999999482e-01
8.196400200000000247e-01
8.167307000000000317e-01
8.560788400000000076e-01
8.691855899999999524e-01
8.587463699999999811e-01
8.576077600000000523e-01
8.532805700000000160e-01
8.488127699999999942e-01
8.481948400000000055e-01
8.856026799999999755e-01
8.709876699999999916e-01
8.642398599999999709e-01
8.640067900000000245e-01
8.786104300000000533e-01
8.680963499999999611e-01
8.969892699999999497e-01
9.206543499999999547e-01
8.935180200000000239e-01
9.356381700000000468e-01
9.354324099999999920e-01
8.987690200000000296e-01
9.168560900000000125e-01
8.973265400000000058e-01
8.834745899999999486e-01
8.702605900000000005e-01
8.759516400000000313e-01
9.050496799999999675e-01
9.438289399999999496e-01
9.441915699999999800e-01
9.492818899999999616e-01
9.709556000000000298e-01
9.470171699999999637e-01
9.410618299999999881e-01
9.638336899999999652e-01
9.491249299999999778e-01
9.282028900000000027e-01
9.172378599999999604e-01
9.464090499999999739e-01
9.383360299999999876e-01
9.098920600000000025e-01
9.193490300000000115e-01
8.955186299999999822e-01
9.031080999999999692e-01
9.230704800000000265e-01
9.138161700000000387e-01
9.248414600000000041e-01
9.060614200000000062e-01
9.091175500000000520e-01
9.445652599999999621e-01
9.320396899999999762e-01
9.561005900000000279e-01
9.309595000000000509e-01
9.596211700000000233e-01
9.448716000000000337e-01
9.297392300000000276e-01
9.422901099999999586e-01
9.162366800000000255e-01
9.295666000000000206e-01
9.108433500000000516e-01
9.063261000000000234e-01
9.064463099999999773e-01
9.189758799999999672e-01
9.513363099999999628e-01
8.955998200000000464e-01
9.282668299999999872e-01
9.229599499999999734e-01
9.125313900000000533e-01
6.459896499999999708e-01
4.148996600000000035e-01
2.142073499999999908e-01
4.607378799999999747e-02
-9.573584499999999997e-02
-1.953369899999999881e-01
-3.200346199999999919e-01
-3.890509699999999960e-01
-4.347401200000000077e-01
-5.321672400000000414e-01
-6.157470299999999730e-01
-6.656020700000000456e-01
-6.883432999999999913e-01
-7.811823599999999646e-01
-8.207132400000000105e-01
-8.092644199999999843e-01
-8.553678300000000512e-01
-8.811005400000000432e-01
-8.880806599999999662e-01
-5.753038499999999500e-01
-3.014174499999999757e-01
-6.977548499999999820e-02
1.467381500000000116e-01
2.577100999999999975e-01
4.405384500000000259e-01
5.473620999999999626e-01
6.309274799999999850e-01
7.240416800000000208e-01
7.485123799999999772e-01
7.690768799999999628e-01
7.873905199999999827e-01
8.281646499999999467e-01
8.415210899999999716e-01
8.834936899999999982e-01
8.510646699999999676e-01
8.489358799999999761e-01
8.469534300000000071e-01
8.593579900000000160e-01
8.802254800000000046e-01
9.029087199999999980e-01
9.175771099999999736e-01
9.204179099999999503e-01
9.692688600000000099e-01
9.695829599999999937e-01
1.006286000000000014e+00
9.684893199999999869e-01
1.001917799999999970e+00
1.018429400000000040e+00
9.762528499999999498e-01
9.658194100000000448e-01
1.023627199999999959e+00
9.973746900000000082e-01
9.873453700000000000e-01
9.794691100000000317e-01
9.875019000000000435e-01
9.544550400000000323e-01
9.825253200000000353e-01
9.912799899999999997e-01
1.002730899999999981e+00
9.702064500000000535e-01
9.663192000000000448e-01
9.514644399999999669e-01
9.587001400000000340e-01
9.645606300000000299e-01
9.458326200000000128e-01
9.451925199999999805e-01
8.989325400000000021e-01
9.242161800000000538e-01
9.171908100000000230e-01
8.928027099999999994e-01
9.107122399999999507e-01
9.118914000000000186e-01
9.134222800000000309e-01
9.231432099999999918e-01
9.287997199999999953e-01
9.117963700000000227e-01
9.055368400000000095e-01
8.835220799999999874e-01
8.612917500000000226e-01
8.839460799999999674e-01
9.200815100000000468e-01
9.020816099999999782e-01
9.008742400000000483e-01
9.094222499999999876e-01
9.139367999999999936e-01
9.491274299999999942e-01
9.479534699999999647e-01
9.367454600000000298e-01
9.192690300000000425e-01
9.600820399999999699e-01
9.547074599999999522e-01
9.473439999999999639e-01
9.232741800000000554e-01
9.292344399999999949e-01
9.399587099999999751e-01
9.199870300000000389e-01
9.647309200000000473e-01
9.132755700000000365e-01
7.915081800000000056e-01
5.489451899999999718e-01
3.509976799999999786e-01
1.632479400000000080e-01
1.230215300000000100e-03
-9.934798200000000135e-02
-2.365244699999999867e-01
-3.164220899999999892e-01
-3.946014199999999805e-01
-4.825770799999999916e-01
-5.783487499999999670e-01
-6.212147599999999770e-01
-6.816742099999999471e-01
-7.341948600000000047e-01
-7.449245300000000292e-01
-7.994930599999999776e-01
-8.299754799999999877e-01
-8.279875899999999955e-01
-8.638787700000000180e-01
-6.763910199999999540e-01
-3.664310100000000014e-01
-8.879573999999999800e-02
1.517677699999999963e-01
3.303661900000000040e-01
3.972375799999999790e-01
5.450173000000000378e-01
5.964938800000000318e-01
7.066388999999999587e-01
7.538903799999999711e-01
8.052273100000000294e-01
8.425053399999999915e-01
8.927896400000000510e-01
9.042619499999999810e-01
9.152614399999999817e-01
9.267702500000000176e-01
9.381157700000000155e-01
9.311954900000000146e-01
9.451876299999999453e-01
9.340756700000000246e-01
9.167556999999999512e-01
9.268924800000000186e-01
9.432307199999999670e-01
9.424285199999999918e-01
9.424722199999999717e-01
9.388939299999999877e-01
9.301447099999999857e-01
8.935509700000000555e-01
9.080840000000000023e-01
8.936398599999999526e-01
8.897806600000000010e-01
9.162564800000000398e-01
8.878990199999999833e-01
8.892978099999999664e-01
8.884029500000000246e-01
9.028719899999999576e-01
9.079059600000000119e-01
9.035327100000000167e-01
8.940332399999999513e-01
8.692848199999999581e-01
8.683812300000000040e-01
9.079692200000000213e-01
9.086636200000000052e-01
8.706051799999999785e-01
8.949985299999999588e-01
8.934487399999999635e-01
9.364354099999999681e-01
8.802352100000000457e-01
8.872974999999999612e-01
9.153149400000000213e-01
8.891691299999999742e-01
8.390533799999999598e-01
8.434689600000000453e-01
8.322116299999999800e-01
8.259886100000000120e-01
8.271318699999999913e-01
8.300924899999999607e-01
8.576225699999999730e-01
8.429805999999999688e-01
8.392896399999999479e-01
8.331933900000000337e-01
8.031870199999999738e-01
8.182786499999999963e-01
8.069640000000000146e-01
8.013892299999999524e-01
8.001810200000000206e-01
8.144887400000000444e-01
7.953469499999999970e-01
7.969156299999999860e-01
8.203125599999999684e-01
8.037176999999999794e-01
8.111472600000000366e-01
8.192315199999999908e-01
8.184618299999999458e-01
8.470048599999999706e-01
8.116666700000000345e-01
8.488097500000000295e-01
8.065411399999999897e-01
8.483781599999999923e-01
8.136283600000000504e-01
5.880159499999999539e-01
3.186602599999999730e-01
1.249301699999999932e-01
-2.337930599999999901e-02
-1.825647499999999979e-01
-2.794862699999999811e-01
-3.750670500000000129e-01
-4.727903399999999756e-01
-5.375350899999999932e-01
-5.978978600000000032e-01
-6.627004800000000362e-01
-7.302131800000000172e-01
-7.924512500000000514e-01
-8.543737700000000324e-01
-8.769643400000000089e-01
-9.115938999999999570e-01
-9.505607600000000046e-01
-9.947532700000000228e-01
-9.138721899999999732e-01
-6.408564199999999822e-01
-3.509610300000000072e-01
-5.628931000000000212e-02
1.695143799999999923e-01
2.823673199999999772e-01
4.135129300000000008e-01
5.229002900000000453e-01
6.155117100000000452e-01
6.975081199999999537e-01
7.489940800000000065e-01
8.169082199999999627e-01
8.701038599999999512e-01
8.880248800000000164e-01
9.409540899999999652e-01
9.508738899999999994e-01
9.827441399999999883e-01
9.679891900000000549e-01
9.952504399999999585e-01
9.960456199999999649e-01
1.014953500000000064e+00
1.026957700000000084e+00
1.013513899999999968e+00
1.035641000000000034e+00
1.039067299999999916e+00
1.022607400000000055e+00
1.026926299999999959e+00
1.001812699999999889e+00
9.995817900000000256e-01
1.020717600000000003e+00
1.058293300000000103e+00
1.039441499999999907e+00
1.049711999999999978e+00
1.057145500000000071e+00
1.069429100000000021e+00
1.102322800000000047e+00
1.111515800000000054e+00
1.119767399999999968e+00
1.106220299999999934e+00
1.110241400000000045e+00
1.099303700000000106e+00
1.076565500000000064e+00
1.078774700000000086e+00
1.057665599999999984e+00
1.076052100000000067e+00
1.068727399999999994e+00
1.032778600000000102e+00
1.030719699999999905e+00
1.051514999999999977e+00
1.031544100000000075e+00
1.063104999999999967e+00
1.085178999999999894e+00
1.070549699999999937e+00
1.024364999999999970e+00
1.025307500000000038e+00
1.014691800000000033e+00
1.034613699999999969e+00
1.017023699999999975e+00
1.043753699999999895e+00
1.046444300000000105e+00
1.047487400000000068e+00
1.022783400000000009e+00
1.000753500000000074e+00
9.964027600000000540e-01
1.023586799999999908e+00
1.022414900000000015e+00
1.009948599999999974e+00
9.721489199999999720e-01
9.617876499999999940e-01
9.695421400000000522e-01
9.520568900000000445e-01
9.422541800000000523e-01
9.393357500000000249e-01
9.089883800000000402e-01
8.886741099999999616e-01
8.874940999999999525e-01
8.967668500000000043e-01
9.127766099999999883e-01
9.103796699999999742e-01
9.020152799999999749e-01
7.330394599999999761e-01
4.500508999999999760e-01
2.507749000000000228e-01
1.012934300000000037e-01
-8.592666899999999719e-02
-2.083920400000000006e-01
-3.384312600000000115e-01
-4.559115100000000198e-01
-5.374522699999999542e-01
-6.360176199999999502e-01
-6.711009000000000002e-01
-7.145312200000000225e-01
-7.724918899999999589e-01
-8.019354699999999836e-01
-8.459863499999999981e-01
-8.692526900000000500e-01
-8.845454999999999846e-01
-8.625847199999999715e-01
-8.790714800000000162e-01
-6.808733700000000333e-01
-3.757129799999999742e-01
-1.247706999999999983e-01
8.631471000000000282e-02
2.881067700000000120e-01
3.850710700000000153e-01
5.189422099999999594e-01
6.086570300000000433e-01
7.288241199999999642e-01
7.865385000000000293e-01
7.981128699999999743e-01
8.274602899999999872e-01
8.268088599999999788e-01
8.322240100000000140e-01
8.473812800000000145e-01
8.438653099999999796e-01
8.314916799999999553e-01
8.405191100000000137e-01
8.473538699999999535e-01
8.876322599999999508e-01
8.957427100000000530e-01
8.992993400000000026e-01
9.245688899999999766e-01
9.387690899999999727e-01
9.648953200000000008e-01
9.787714800000000270e-01
9.644974699999999679e-01
9.489260800000000051e-01
9.780837900000000085e-01
9.449762299999999726e-01
9.314784499999999579e-01
9.378757300000000185e-01
9.360888000000000542e-01
9.060154299999999550e-01
9.626980800000000116e-01
9.320759400000000472e-01
9.096554300000000426e-01
9.284542199999999967e-01
9.323691800000000196e-01
9.142180399999999540e-01
9.440374299999999552e-01
9.646058100000000080e-01
9.436036899999999950e-01
9.498089299999999957e-01
9.672630500000000131e-01
9.819778999999999591e-01
9.978115600000000418e-01
9.680334299999999725e-01
9.750792299999999635e-01
9.764981999999999829e-01
9.868114000000000052e-01
9.309855700000000400e-01
9.257094200000000050e-01
9.502354200000000528e-01
9.477145700000000339e-01
9.566722100000000228e-01
9.157025600000000543e-01
9.380468499999999876e-01
9.380278399999999461e-01
9.092387899999999634e-01
8.708116599999999874e-01
8.807448300000000341e-01
8.698683799999999966e-01
8.848413000000000528e-01
8.869167900000000104e-01
9.342920500000000406e-01
9.127734899999999651e-01
9.294675599999999704e-01
9.098400199999999716e-01
9.070359399999999850e-01
9.014976799999999679e-01
9.175902599999999909e-01
8.898401799999999806e-01
8.439592999999999678e-01
8.134984699999999735e-01
8.299773799999999868e-01
8.023764700000000083e-01
8.158758299999999686e-01
5.213632599999999950e-01
3.114799699999999949e-01
1.718684699999999954e-01
2.681979399999999836e-03
-1.334021599999999919e-01
-2.525535700000000050e-01
-3.811607499999999926e-01
-4.938047600000000092e-01
-5.643083100000000352e-01
-6.495070699999999642e-01
-7.093239199999999967e-01
-7.536894899999999620e-01
-8.210328900000000152e-01
-8.661112499999999992e-01
-8.913585299999999823e-01
-9.360141600000000395e-01
-9.920933100000000060e-01
-1.026678399999999991e+00
-9.462656000000000400e-01
-6.332798400000000383e-01
-3.403491900000000236e-01
-1.330220799999999870e-01
1.167031199999999935e-01
2.110038399999999981e-01
3.528811299999999873e-01
4.206819500000000267e-01
5.513590200000000330e-01
6.088269299999999884e-01
6.793758100000000244e-01
7.375142300000000484e-01
7.859845899999999830e-01
7.754277899999999502e-01
7.908243999999999829e-01
8.068694199999999483e-01
8.090246700000000013e-01
8.249076600000000425e-01
8.438661299999999921e-01
8.212479700000000493e-01
8.179292400000000018e-01
8.156992499999999868e-01
8.379358099999999476e-01
8.717155599999999449e-01
8.546222500000000277e-01
8.488702799999999771e-01
8.439519500000000063e-01
8.636854800000000054e-01
8.712749499999999925e-01
8.873293100000000377e-01
9.151386999999999716e-01
9.285709800000000458e-01
8.808696299999999590e-01
8.838324600000000419e-01
8.726286800000000454e-01
8.427779600000000482e-01
8.843834299999999704e-01
8.861104300000000045e-01
8.691163200000000533e-01
9.468499999999999694e-01
9.368275900000000433e-01
9.523808900000000355e-01
9.902558099999999586e-01
1.006938300000000064e+00
1.028035699999999997e+00
1.027807399999999927e+00
1.042826400000000042e+00
9.925147100000000222e-01
1.002247200000000005e+00
1.023410900000000012e+00
1.019547900000000062e+00
1.008046599999999904e+00
9.887924799999999736e-01
9.900890599999999653e-01
9.591106499999999535e-01
9.900020800000000065e-01
9.848954500000000056e-01
9.975740100000000110e-01
9.841780300000000370e-01
1.020863000000000076e+00
1.031641800000000053e+00
9.800374099999999977e-01
9.674611499999999920e-01
9.563852299999999751e-01
9.505479500000000304e-01
9.837376799999999477e-01
9.842938100000000468e-01
9.691036600000000334e-01
9.523250800000000460e-01
9.784754399999999741e-01
9.841665000000000552e-01
9.641265700000000161e-01
9.664773800000000525e-01
9.194274999999999531e-01
9.194805499999999521e-01
9.244357100000000216e-01
9.240420299999999587e-01
9.284325100000000441e-01
8.925837899999999880e-01
8.948578900000000447e-01
6.993681099999999873e-01
4.645939800000000175e-01
2.986936199999999930e-01
1.162133300000000036e-01
-3.519050600000000334e-02
-1.439335499999999934e-01
-2.465629300000000135e-01
-3.767557300000000109e-01
-4.719988299999999803e-01
-5.381682700000000041e-01
-5.998536599999999552e-01
-6.924883400000000355e-01
-7.624643800000000526e-01
-8.301561600000000318e-01
-8.423248399999999636e-01
-9.239950399999999897e-01
-9.139117500000000227e-01
-9.292671900000000207e-01
-9.052161499999999972e-01
-7.286901799999999652e-01
-4.196062999999999876e-01
-1.647064000000000028e-01
7.499378099999999547e-02
1.954321599999999937e-01
3.127724700000000246e-01
4.667178300000000002e-01
5.567689599999999794e-01
6.788283299999999798e-01
7.143374399999999902e-01
7.499517700000000175e-01
7.837795100000000126e-01
7.904122199999999987e-01
8.533217100000000110e-01
8.658302399999999732e-01
8.451409600000000522e-01
8.762649200000000027e-01
8.565058300000000235e-01
8.660616500000000162e-01
9.032868099999999956e-01
9.158903699999999537e-01
9.380338999999999761e-01
9.263487700000000435e-01
9.793581900000000173e-01
9.853627099999999750e-01
9.997623199999999821e-01
9.621095299999999906e-01
9.661217300000000119e-01
9.835120899999999500e-01
9.699809200000000242e-01
1.018275000000000041e+00
1.003125999999999962e+00
1.003079700000000019e+00
9.865999899999999823e-01
9.679206500000000490e-01
9.838251900000000161e-01
9.604914100000000454e-01
9.436878600000000450e-01
9.645526399999999612e-01
9.825341399999999448e-01
9.969774700000000323e-01
9.674166299999999996e-01
9.819619499999999723e-01
9.862190499999999860e-01
9.926724000000000103e-01
1.014887899999999954e+00
9.865041199999999844e-01
9.933240500000000139e-01
9.574655100000000196e-01
9.581666699999999981e-01
9.595394800000000002e-01
9.749760600000000332e-01
9.651486000000000232e-01
9.844052500000000094e-01
9.503633599999999904e-01
9.721139199999999647e-01
1.000070100000000073e+00
1.004048000000000052e+00
9.991167600000000482e-01
9.995044199999999490e-01
1.020448500000000092e+00
1.015835000000000043e+00
9.829252000000000544e-01
1.008802999999999894e+00
9.760131600000000462e-01
9.387133199999999622e-01
9.590551999999999966e-01
9.789860200000000123e-01
9.972997599999999796e-01
9.730703000000000547e-01
9.374351600000000451e-01
9.463844599999999829e-01
9.300661599999999751e-01
9.257977400000000356e-01
8.920468299999999573e-01
8.962772399999999751e-01
9.264290499999999762e-01
9.351276299999999875e-01
9.200775700000000112e-01
8.733387900000000315e-01
5.498581099999999555e-01
3.390423799999999765e-01
1.697613199999999933e-01
3.267589500000000341e-02
-1.132217900000000027e-01
-2.306557399999999980e-01
-3.154195599999999877e-01
-4.063895699999999778e-01
-4.861562300000000225e-01
-5.523730000000000029e-01
-6.302316700000000216e-01
-6.903425800000000390e-01
-7.286336799999999503e-01
-7.610666600000000059e-01
-8.155671100000000395e-01
-8.858994399999999825e-01
-9.023406299999999769e-01
-9.217465200000000136e-01
-8.100425999999999460e-01
-5.220876199999999745e-01
-2.455147699999999933e-01
-3.701279000000000027e-03
2.029148899999999867e-01
3.170971499999999943e-01
4.487343699999999935e-01
5.479800999999999700e-01
6.568367000000000511e-01
7.029006199999999760e-01
7.108414699999999753e-01
7.487720500000000223e-01
7.952373200000000253e-01
7.910711000000000270e-01
8.045591899999999796e-01
8.236934399999999989e-01
8.337409599999999754e-01
8.389422300000000110e-01
8.916777299999999462e-01
8.727096399999999532e-01
8.670354000000000116e-01
8.457743199999999684e-01
8.715941099999999775e-01
9.077185700000000024e-01
8.681117099999999809e-01
8.638685200000000286e-01
9.009532099999999488e-01
9.015670300000000470e-01
9.239701599999999848e-01
8.903415700000000266e-01
8.868291099999999760e-01
9.015977699999999651e-01
8.787985499999999561e-01
8.516108000000000011e-01
8.715617100000000450e-01
8.852337300000000520e-01
9.065045400000000253e-01
9.138720299999999463e-01
9.255483300000000302e-01
8.831575900000000479e-01
8.953461499999999518e-01
8.952463499999999685e-01
8.950012600000000207e-01
9.016466400000000547e-01
9.060530300000000370e-01
8.975758099999999740e-01
8.863008900000000079e-01
8.998744800000000321e-01
9.191011999999999516e-01
9.241111400000000531e-01
9.169794300000000398e-01
9.107222099999999765e-01
9.076980300000000446e-01
8.781055899999999914e-01
8.697245399999999904e-01
9.006855999999999751e-01
8.754424800000000229e-01
8.592852300000000110e-01
8.665105300000000010e-01
8.721823699999999846e-01
8.549875700000000300e-01
8.673024400000000078e-01
8.534807599999999495e-01
8.334271699999999949e-01
8.495853799999999456e-01
8.430584899999999937e-01
8.178988400000000158e-01
8.079304999999999959e-01
7.979465900000000111e-01
7.892918700000000065e-01
8.049509400000000037e-01
7.764657299999999651e-01
7.665033599999999669e-01
7.591961600000000088e-01
7.377187800000000184e-01
7.797736899999999638e-01
7.903388500000000372e-01
7.700151100000000026e-01
7.635168700000000142e-01
6.893609899999999513e-01
5.108631200000000039e-01
2.645024300000000106e-01
9.075348399999999538e-02
-6.930047400000000080e-02
-2.053663300000000136e-01
-3.279372600000000082e-01
-4.164195600000000219e-01
-5.226941800000000082e-01
-5.930662300000000275e-01
-6.769824100000000344e-01
-7.243219800000000319e-01
-7.813832200000000450e-01
-8.514256000000000046e-01
-8.856684599999999907e-01
-9.487624399999999847e-01
-9.783423399999999770e-01
-9.889198799999999734e-01
-1.018294699999999997e+00
-1.035032299999999905e+00
-8.299148600000000320e-01
-5.507854399999999595e-01
-3.001856500000000261e-01
-6.041225299999999909e-02
5.924497799999999675e-02
2.272026500000000060e-01
3.571039699999999928e-01
4.799776000000000042e-01
5.727744500000000460e-01
6.471053100000000446e-01
7.011867899999999487e-01
7.016093100000000415e-01
7.267078399999999938e-01
7.561493299999999529e-01
7.770451900000000522e-01
7.839584699999999629e-01
8.291142500000000526e-01
8.310535300000000403e-01
8.878782200000000513e-01
9.058095000000000452e-01
8.957849500000000242e-01
9.153899699999999973e-01
8.901917700000000488e-01
9.102592999999999934e-01
9.633167000000000257e-01
9.655394400000000266e-01
9.532669200000000176e-01
9.446225299999999603e-01
9.123323800000000539e-01
9.080306200000000105e-01
9.204627300000000067e-01
9.275069599999999914e-01
9.276409799999999484e-01
9.046929700000000407e-01
8.933718999999999966e-01
8.854539200000000054e-01
8.717221400000000342e-01
8.833547099999999874e-01
8.830708800000000025e-01
9.142509300000000172e-01
8.754785499999999665e-01
9.136168999999999540e-01
9.088954999999999673e-01
8.915072099999999944e-01
9.050302199999999964e-01
9.338748900000000130e-01
9.602724200000000154e-01
9.231277900000000036e-01
9.343047599999999564e-01
9.460946000000000078e-01
9.495107200000000303e-01
9.757056800000000196e-01
9.754679000000000544e-01
9.898756199999999561e-01
9.842195799999999828e-01
1.020896000000000026e+00
9.891736100000000365e-01
9.539600400000000091e-01
9.373756199999999650e-01
9.303114599999999790e-01
9.354785399999999695e-01
9.416127899999999773e-01
9.517331300000000383e-01
9.604235399999999645e-01
9.338780100000000362e-01
9.159899500000000527e-01
9.367611200000000027e-01
9.159383899999999912e-01
8.967130399999999613e-01
8.911260100000000239e-01
8.814739299999999611e-01
8.778960199999999992e-01
9.076440700000000250e-01
9.026023800000000374e-01
8.720309099999999924e-01
8.576242499999999769e-01
8.180238899999999758e-01
8.191599200000000414e-01
8.167318199999999973e-01
7.279571200000000131e-01
4.644587000000000021e-01
2.469153099999999990e-01
1.098218599999999934e-01
-4.565033400000000074e-02
-1.826432199999999950e-01
-2.768019800000000030e-01
-3.341522199999999998e-01
-4.390956400000000093e-01
-5.367535900000000026e-01
-6.314904799999999652e-01
-6.979034499999999808e-01
-7.714837300000000342e-01
-8.522720299999999582e-01
-9.119661900000000099e-01
-9.391324899999999865e-01
-9.624026300000000367e-01
-1.002650299999999994e+00
-1.028088399999999902e+00
-8.854729199999999967e-01
-6.097490399999999644e-01
-3.065283799999999892e-01
-8.895011199999999785e-02
1.388486300000000007e-01
2.170161800000000030e-01
3.775341899999999917e-01
4.547903200000000257e-01
5.726048700000000435e-01
6.333763000000000032e-01
6.742667799999999545e-01
7.198958399999999536e-01
7.353370299999999471e-01
7.684131600000000395e-01
7.938682599999999923e-01
7.745518399999999914e-01
7.899906100000000375e-01
8.043588000000000404e-01
8.225558699999999668e-01
8.243607899999999544e-01
8.214426999999999701e-01
8.142265499999999934e-01
7.965134400000000170e-01
8.173361099999999491e-01
8.300437499999999691e-01
8.192703000000000069e-01
8.007915899999999976e-01
8.370184499999999694e-01
8.132333200000000373e-01
8.477654700000000210e-01
8.600121800000000150e-01
8.750001099999999976e-01
8.604420099999999794e-01
8.733426699999999876e-01
8.892242500000000494e-01
8.780449000000000170e-01
9.076712300000000511e-01
9.082432200000000178e-01
9.208739900000000311e-01
8.819868699999999784e-01
8.931439399999999695e-01
9.112140100000000187e-01
9.463635799999999820e-01
8.894518700000000333e-01
9.072014400000000256e-01
9.045828099999999594e-01
9.174378899999999781e-01
9.549684899999999477e-01
9.395868600000000237e-01
9.128594599999999559e-01
9.601093200000000438e-01
9.250639800000000079e-01
9.506830299999999845e-01
9.138219100000000150e-01
9.252789799999999731e-01
9.082527099999999631e-01
9.227942999999999563e-01
8.625771399999999645e-01
8.554328599999999616e-01
8.577709799999999607e-01
8.541999900000000201e-01
8.772082700000000122e-01
8.735620200000000501e-01
8.643486700000000411e-01
8.706817000000000029e-01
8.671775299999999742e-01
8.490090399999999926e-01
8.562895600000000051e-01
8.382101699999999767e-01
8.680833399999999811e-01
8.636613300000000049e-01
8.718820600000000143e-01
8.739086099999999746e-01
8.729538799999999599e-01
8.718400099999999986e-01
9.058318400000000548e-01
8.552327899999999650e-01
8.817921800000000365e-01
8.882449599999999723e-01
9.022775499999999838e-01
6.668491199999999619e-01
3.950405000000000166e-01
2.308892600000000128e-01
5.514600699999999689e-02
-1.285121800000000036e-01
-2.358342999999999967e-01
-3.337695199999999862e-01
-4.452572899999999723e-01
-5.431262399999999824e-01
-6.282162300000000421e-01
-6.840419800000000494e-01
-7.390095500000000150e-01
-8.019365600000000205e-01
-8.640804800000000396e-01
-8.856957800000000436e-01
-9.112686500000000134e-01
-9.126026400000000205e-01
-9.762630599999999603e-01
-1.014450599999999980e+00
-7.705378200000000399e-01
-4.750160500000000230e-01
-2.070267000000000079e-01
1.583555299999999874e-02
2.126156299999999999e-01
3.066759099999999960e-01
4.287245000000000084e-01
5.150074000000000041e-01
6.284399099999999905e-01
6.957608199999999465e-01
7.607071899999999776e-01
7.768385799999999453e-01
7.924556099999999770e-01
7.966060099999999755e-01
7.919523299999999821e-01
8.193929199999999691e-01
8.302177499999999766e-01
8.226604699999999770e-01
8.336541299999999932e-01
8.108552700000000169e-01
8.267100099999999951e-01
8.079507999999999690e-01
8.481699900000000403e-01
8.497330699999999792e-01
8.599895199999999518e-01
8.622337100000000421e-01
8.459403699999999970e-01
8.386866600000000282e-01
8.637824699999999689e-01
8.276482400000000350e-01
8.437597500000000306e-01
8.542081099999999649e-01
8.392924800000000074e-01
8.658367099999999539e-01
8.753183700000000123e-01
8.711925499999999545e-01
8.992177500000000379e-01
8.675749299999999664e-01
8.495074299999999523e-01
8.477569799999999933e-01
8.509957700000000402e-01
8.488926199999999866e-01
8.269395299999999782e-01
8.464743700000000315e-01
8.428732899999999972e-01
8.418490600000000379e-01
8.445093500000000475e-01
8.087161999999999962e-01
8.596694599999999964e-01
8.385238200000000308e-01
8.627837400000000212e-01
8.783022299999999616e-01
9.015737099999999726e-01
8.981112700000000171e-01
9.231372700000000098e-01
8.973950200000000432e-01
8.963040399999999686e-01
8.867515500000000550e-01
9.051605299999999632e-01
8.891358900000000398e-01
8.558216299999999999e-01
8.512738499999999986e-01
8.553511999999999782e-01
8.822035900000000375e-01
8.696298300000000481e-01
8.595378799999999764e-01
8.881265099999999801e-01
8.712185799999999647e-01
8.666304000000000229e-01
8.800401500000000210e-01
8.602591899999999514e-01
8.786151599999999506e-01
8.466650500000000301e-01
8.266992699999999861e-01
8.608401100000000472e-01
8.505405000000000326e-01
8.205335999999999741e-01
8.109486500000000486e-01
8.068901899999999516e-01
6.944726799999999534e-01
4.533411700000000155e-01
2.753315100000000015e-01
8.037653399999999948e-02
-9.433425900000000364e-02
-2.252965899999999910e-01
-3.759994700000000023e-01
-4.809224100000000224e-01
-5.510626299999999977e-01
-6.073919100000000348e-01
-6.742338700000000129e-01
-7.127292100000000019e-01
-7.622668299999999508e-01
-7.790623500000000146e-01
-8.099256900000000314e-01
-7.919476800000000427e-01
-8.381433999999999829e-01
-8.359451900000000046e-01
-8.688163199999999753e-01
-7.383695399999999909e-01
-4.524814500000000073e-01
-1.638560400000000083e-01
5.574507100000000021e-02
2.478500499999999884e-01
3.153071199999999963e-01
4.402551199999999998e-01
5.132735899999999463e-01
6.128099200000000080e-01
6.748035700000000192e-01
7.175159199999999737e-01
7.248228199999999788e-01
7.362753499999999951e-01
8.046439399999999464e-01
7.872182399999999580e-01
8.022298599999999613e-01
8.501797300000000224e-01
8.348476900000000311e-01
8.355298300000000289e-01
8.070451699999999784e-01
8.635484900000000019e-01
8.605922499999999475e-01
8.918404199999999671e-01
9.082634600000000225e-01
9.225370000000000514e-01
9.211552699999999705e-01
9.381586400000000436e-01
9.183873200000000070e-01
9.027737099999999515e-01
9.294036599999999648e-01
9.165673800000000426e-01
9.685546999999999906e-01
9.469558999999999616e-01
9.677617699999999656e-01
9.709303999999999713e-01
1.005563900000000066e+00
9.870481500000000130e-01
1.007436800000000021e+00
1.022451599999999905e+00
1.026571600000000029e+00
1.026677300000000015e+00
1.015671200000000107e+00
1.004696000000000033e+00
1.001362899999999945e+00
1.019910600000000001e+00
9.948051700000000164e-01
9.774708399999999520e-01
9.413450899999999955e-01
9.374863100000000449e-01
9.471815300000000493e-01
9.191152700000000397e-01
9.238382699999999614e-01
9.229664699999999833e-01
9.105293199999999754e-01
9.486173300000000363e-01
9.380992000000000219e-01
9.152782000000000417e-01
9.211193100000000245e-01
9.236813000000000384e-01
9.375173900000000060e-01
9.184580300000000364e-01
9.237015499999999824e-01
9.539407699999999934e-01
9.580110200000000464e-01
9.223611499999999630e-01
9.619364700000000434e-01
9.451975500000000530e-01
9.150234499999999604e-01
9.429991899999999871e-01
9.166344400000000503e-01
9.201225800000000232e-01
9.251098100000000324e-01
9.011124099999999748e-01
9.121172499999999905e-01
8.786535899999999844e-01
8.782546100000000466e-01
8.537713900000000189e-01
8.635496799999999862e-01
8.548382799999999504e-01
8.256940200000000285e-01
5.965333299999999728e-01
3.631514399999999920e-01
1.677146700000000101e-01
-3.188258600000000009e-03
-1.751617000000000035e-01
-3.021677500000000127e-01
-4.175688200000000072e-01
-5.234043600000000129e-01
-6.273200399999999677e-01
-6.926363100000000328e-01
-7.375180799999999648e-01
-7.830253200000000247e-01
-8.413094700000000037e-01
-8.625348000000000459e-01
-9.136414499999999661e-01
-9.189254599999999717e-01
-9.559817499999999635e-01
-9.653507399999999850e-01
-9.479270800000000330e-01
-6.499362199999999534e-01
-3.102799700000000160e-01
-3.419140300000000215e-02
1.531747300000000089e-01
3.691304699999999883e-01
4.550642500000000035e-01
5.835503100000000165e-01
6.778331899999999743e-01
7.734671300000000027e-01
8.134775199999999540e-01
8.279408499999999504e-01
8.581796400000000213e-01
8.853166700000000278e-01
9.115256800000000048e-01
9.045878299999999816e-01
9.113165199999999633e-01
9.445088900000000454e-01
9.515137200000000073e-01
9.494084400000000201e-01
9.748016099999999851e-01
9.423686700000000194e-01
9.441344999999999876e-01
9.811609999999999498e-01
9.913905100000000026e-01
9.616079100000000102e-01
9.713834700000000266e-01
9.819145000000000234e-01
9.890959700000000465e-01
9.951838600000000312e-01
1.030318099999999903e+00
1.038327500000000070e+00
1.067673099999999931e+00
1.073639900000000091e+00
1.069882800000000023e+00
1.066376299999999944e+00
1.044627299999999925e+00
1.056380199999999991e+00
1.060833499999999985e+00
1.039780399999999938e+00
1.049691900000000011e+00
1.061152799999999896e+00
1.043726099999999990e+00
1.032747800000000105e+00
1.027383500000000005e+00
1.007481999999999989e+00
9.935882999999999798e-01
9.654691800000000379e-01
9.534560300000000099e-01
9.155149099999999596e-01
8.726316200000000523e-01
8.201404799999999495e-01
8.101869499999999613e-01
8.179122399999999571e-01
7.941617499999999996e-01
8.092706600000000305e-01
8.229569799999999491e-01
7.906122100000000374e-01
8.081302900000000289e-01
7.741562800000000300e-01
8.275276499999999480e-01
7.869599499999999637e-01
7.749693699999999907e-01
7.793448800000000176e-01
7.700667199999999823e-01
7.759305899999999756e-01
7.882510099999999742e-01
7.407721400000000234e-01
7.175809899999999741e-01
7.253838400000000020e-01
7.526549000000000156e-01
7.464786199999999816e-01
7.737176700000000240e-01
7.808384099999999828e-01
7.638528300000000382e-01
7.438697899999999752e-01
7.506019099999999833e-01
7.337719900000000406e-01
7.561695000000000499e-01
6.133270699999999742e-01
3.396539299999999928e-01
1.447997900000000115e-01
-5.485956499999999902e-02
-2.262130499999999989e-01
-3.987999400000000194e-01
-5.134151399999999921e-01
-6.204339500000000118e-01
-7.149505099999999835e-01
-7.647089799999999826e-01
-8.270059300000000002e-01
-8.507303000000000504e-01
-9.067831499999999822e-01
-9.490981800000000135e-01
-9.597581200000000479e-01
-1.030134499999999953e+00
-1.053508099999999947e+00
-1.091009899999999977e+00
-1.093015700000000034e+00
-9.065527899999999972e-01
-5.999992299999999945e-01
-2.968407100000000076e-01
-2.584874800000000125e-02
2.034420999999999868e-01
2.915474200000000016e-01
4.301937399999999911e-01
4.939901899999999957e-01
6.161574100000000165e-01
6.515488299999999677e-01
7.170888300000000104e-01
7.529094400000000409e-01
7.833643999999999608e-01
8.158604400000000201e-01
8.674930299999999983e-01
8.716545300000000385e-01
8.723280300000000320e-01
8.897505799999999576e-01
8.647811399999999482e-01
8.773170799999999714e-01
9.311036499999999494e-01
9.236541000000000334e-01
9.592292999999999514e-01
9.656212199999999468e-01
9.609803599999999779e-01
9.353578299999999457e-01
9.342912399999999673e-01
9.504170499999999855e-01
9.703937400000000046e-01
9.825664800000000199e-01
9.830083899999999542e-01
9.664420400000000022e-01
9.344354299999999558e-01
9.352107899999999585e-01
9.266912200000000377e-01
9.680229399999999984e-01
9.688895199999999486e-01
9.694656000000000384e-01
9.994408799999999760e-01
1.009443899999999950e+00
1.004091899999999926e+00
9.646244499999999666e-01
9.909698599999999802e-01
9.797682899999999862e-01
1.002932500000000005e+00
9.736543399999999515e-01
9.553167299999999473e-01
9.452811899999999934e-01
9.672899099999999750e-01
9.396496300000000135e-01
9.483153699999999908e-01
9.384960700000000156e-01
9.587519799999999481e-01
9.105346699999999904e-01
8.974921700000000335e-01
9.347243800000000213e-01
9.402776999999999941e-01
9.346790299999999663e-01
9.307315200000000344e-01
9.192387499999999934e-01
9.232640600000000530e-01
9.129355900000000190e-01
9.100620299999999663e-01
8.957901499999999517e-01
8.879753999999999703e-01
8.601325800000000354e-01
8.762533700000000314e-01
8.768607800000000063e-01
8.655084600000000350e-01
8.626484500000000111e-01
8.586820499999999745e-01
8.349514900000000184e-01
8.207158599999999637e-01
8.111303699999999894e-01
8.134876399999999563e-01
7.624283099999999980e-01
7.751297400000000115e-01
7.775241400000000302e-01
7.630116900000000202e-01
7.382609199999999872e-01
4.908790100000000045e-01
2.709494900000000150e-01
1.014605100000000037e-01
-6.116158499999999748e-02
-2.247143799999999914e-01
-3.447047200000000200e-01
-4.442827200000000198e-01
-5.459101499999999829e-01
-5.983602599999999772e-01
-6.740630899999999759e-01
-7.350489799999999629e-01
-7.909148299999999576e-01
-7.961946399999999535e-01
-8.514515499999999459e-01
-9.139130300000000151e-01
-9.652759699999999832e-01
-9.647995200000000215e-01
-9.921759900000000076e-01
-9.981953999999999549e-01
-7.136980499999999727e-01
-3.965477399999999819e-01
-1.611550099999999874e-01
9.656680700000000450e-02
2.567985600000000090e-01
3.445668399999999854e-01
4.623858299999999977e-01
5.246530000000000360e-01
5.903874300000000463e-01
6.422078500000000245e-01
6.948772199999999621e-01
6.985470499999999472e-01
7.248026100000000138e-01
7.334383399999999664e-01
7.714250000000000274e-01
7.628730700000000420e-01
7.747198699999999771e-01
7.990826199999999657e-01
7.908205400000000163e-01
8.090735199999999905e-01
8.099548300000000145e-01
8.127613999999999672e-01
8.621575500000000503e-01
8.933478500000000544e-01
9.038859000000000199e-01
9.253596699999999675e-01
9.571177699999999788e-01
9.166592399999999863e-01
9.283400099999999933e-01
8.891037699999999599e-01
8.941906499999999758e-01
9.039485800000000015e-01
8.805915300000000112e-01
8.586339299999999897e-01
8.452554599999999585e-01
8.452966100000000038e-01
8.567918399999999712e-01
8.509921099999999683e-01
8.198135699999999915e-01
8.479730199999999662e-01
8.336393399999999509e-01
8.645357299999999467e-01
8.232473300000000549e-01
8.183455099999999982e-01
8.016214999999999868e-01
7.916773499999999464e-01
7.712824900000000428e-01
7.545276400000000550e-01
7.789163099999999451e-01
7.860265499999999905e-01
8.377791399999999777e-01
8.417243599999999493e-01
8.500478500000000492e-01
8.769643400000000089e-01
8.689051700000000045e-01
8.899240000000000483e-01
9.173095399999999788e-01
8.803019100000000208e-01
8.799335900000000432e-01
8.929327700000000423e-01
8.861380300000000210e-01
8.827487200000000422e-01
8.982592200000000249e-01
9.065228899999999701e-01
8.783811000000000258e-01
8.457745399999999636e-01
8.746226099999999670e-01
8.767767899999999726e-01
8.512207400000000312e-01
8.518450400000000533e-01
8.622552399999999784e-01
8.909537299999999993e-01
8.855840900000000460e-01
8.606722300000000381e-01
8.396204999999999918e-01
8.514342900000000380e-01
8.197743199999999453e-01
8.309375399999999745e-01
8.768628600000000217e-01
7.327418700000000173e-01
4.896713300000000157e-01
3.042902100000000054e-01
1.135611900000000063e-01
-5.915664099999999766e-03
-1.344391199999999953e-01
-2.395189100000000015e-01
-3.219014299999999884e-01
-4.114896200000000004e-01
-4.716792599999999891e-01
-5.704766399999999793e-01
-6.389495299999999878e-01
-6.884012900000000545e-01
-7.502477699999999805e-01
-7.338687099999999797e-01
-7.724093699999999840e-01
-8.188441400000000536e-01
-8.136174099999999854e-01
-8.330613599999999730e-01
-6.598065499999999917e-01
-3.403931000000000040e-01
-8.237406899999999421e-02
1.146210599999999968e-01
3.321343800000000068e-01
3.826270600000000188e-01
4.757311900000000260e-01
5.577944000000000235e-01
6.226728500000000555e-01
6.482134000000000507e-01
7.085393700000000017e-01
8.032339200000000456e-01
7.864504799999999518e-01
8.170028499999999472e-01
8.438584000000000085e-01
8.869201100000000393e-01
8.894507099999999777e-01
9.050382000000000149e-01
9.419620699999999847e-01
9.479963000000000140e-01
9.510620600000000424e-01
9.505603999999999720e-01
9.787423600000000334e-01
9.792021899999999723e-01
9.898046999999999818e-01
1.004214799999999963e+00
9.794851700000000161e-01
1.007461299999999893e+00
9.769792699999999552e-01
1.031838400000000044e+00
1.010609799999999892e+00
9.913099699999999848e-01
9.715277300000000338e-01
9.676751999999999576e-01
9.669691799999999837e-01
9.566789900000000069e-01
9.458152399999999460e-01
9.419505999999999712e-01
9.398094399999999959e-01
9.588563799999999526e-01
9.365786999999999862e-01
9.394038799999999689e-01
9.535851100000000136e-01
9.738801999999999737e-01
9.622820199999999602e-01
9.651419500000000262e-01
9.282298100000000440e-01
9.479205000000000547e-01
9.718391600000000352e-01
9.251063099999999872e-01
8.947806799999999949e-01
9.004307299999999570e-01
9.105309200000000214e-01
9.189833099999999977e-01
9.286219399999999791e-01
9.224424700000000144e-01
9.293435100000000393e-01
9.565409599999999957e-01
9.467341700000000415e-01
1.009352500000000097e+00
1.003854500000000094e+00
1.025681300000000018e+00
9.886947999999999848e-01
9.951733400000000174e-01
1.000202000000000035e+00
9.819967899999999528e-01
1.007836200000000071e+00
9.849095599999999617e-01
9.874375600000000475e-01
9.718148599999999471e-01
9.853216799999999775e-01
9.340710800000000535e-01
9.803180900000000308e-01
9.408835899999999919e-01
9.307439400000000473e-01
9.445603500000000485e-01
9.193177500000000446e-01
8.965196500000000013e-01
8.858458000000000165e-01
8.741298800000000258e-01
5.465744500000000450e-01
3.398456100000000202e-01
1.594388399999999983e-01
8.027242800000000678e-03
-1.604764800000000047e-01
-2.587585600000000263e-01
-3.811289400000000271e-01
-4.635308300000000048e-01
-5.327908900000000170e-01
-5.975059299999999629e-01
-6.557722000000000273e-01
-6.977327500000000127e-01
-7.610913999999999735e-01
-8.162923499999999999e-01
-8.758981500000000420e-01
-8.861683299999999486e-01
-8.959163300000000385e-01
-9.156534499999999799e-01
-9.035857200000000367e-01
-5.869660100000000380e-01
-2.421674299999999891e-01
2.671746599999999874e-02
2.193474099999999927e-01
3.091843699999999862e-01
4.620964799999999761e-01
5.582987000000000366e-01
6.374609100000000472e-01
7.199482999999999855e-01
7.641239399999999460e-01
7.905860900000000191e-01
7.848216700000000268e-01
8.096197299999999819e-01
8.554060300000000394e-01
8.978946899999999953e-01
8.702571500000000349e-01
8.928403999999999785e-01
9.057057499999999761e-01
8.670716899999999505e-01
8.770929200000000536e-01
9.049866600000000538e-01
9.271861399999999920e-01
9.188495800000000546e-01
9.258224999999999927e-01
9.075118800000000485e-01
9.459418499999999730e-01
9.635318699999999570e-01
9.558534300000000039e-01
9.750021199999999721e-01
1.000852999999999993e+00
9.887366499999999947e-01
1.003883899999999940e+00
1.017171300000000000e+00
1.009500800000000087e+00
1.034414200000000061e+00
1.055081900000000017e+00
1.070764400000000061e+00
1.075135299999999905e+00
1.079638000000000098e+00
1.072343899999999906e+00
1.054694999999999938e+00
1.041204599999999925e+00
1.029359399999999924e+00
1.028898700000000055e+00
1.027098700000000031e+00
1.031034800000000029e+00
1.033910099999999943e+00
1.023064799999999996e+00
9.905146900000000310e-01
9.805640899999999993e-01
9.560888100000000112e-01
9.672287699999999599e-01
9.451861299999999577e-01
9.635659899999999833e-01
9.422213799999999972e-01
9.417964300000000177e-01
9.095434900000000100e-01
9.090618900000000391e-01
9.067917300000000180e-01
9.115713399999999522e-01
9.165256299999999801e-01
9.418219799999999475e-01
9.230277399999999854e-01
9.009555000000000202e-01
8.922911000000000037e-01
8.693421199999999960e-01
9.186855900000000519e-01
9.185957900000000231e-01
8.820704700000000509e-01
9.083915000000000184e-01
9.311780499999999794e-01
8.523269599999999668e-01
8.418814900000000101e-01
8.613637400000000444e-01
8.513762900000000355e-01
7.857759500000000008e-01
7.965949599999999631e-01
7.729620999999999853e-01
7.625786100000000456e-01
5.758078699999999994e-01
2.806665400000000199e-01
9.905738999999999517e-02
-1.021497400000000028e-01
-2.652037700000000053e-01
-4.016082000000000263e-01
-5.081854000000000093e-01
-6.073121500000000506e-01
-7.095693499999999876e-01
-7.834046599999999749e-01
-8.512499599999999722e-01
-8.948224900000000259e-01
-9.347974199999999900e-01
-9.947331299999999654e-01
-1.022611600000000065e+00
-1.054104300000000105e+00
-1.071840600000000032e+00
-1.087314399999999903e+00
-1.074078400000000100e+00
-9.046420400000000361e-01
-5.706272900000000092e-01
-2.978023899999999724e-01
-6.726104199999999311e-02
1.185317300000000018e-01
2.073686600000000102e-01
3.592599799999999788e-01
4.639331199999999766e-01
5.660309999999999508e-01
6.311481100000000399e-01
6.688206300000000271e-01
6.911772299999999758e-01
7.678969900000000015e-01
7.628435399999999866e-01
7.917294499999999458e-01
8.084717500000000445e-01
8.262179299999999893e-01
8.155706999999999818e-01
8.309289199999999598e-01
8.345912100000000278e-01
8.471189700000000267e-01
8.351792500000000397e-01
8.479020600000000130e-01
8.491300299999999801e-01
8.865229999999999499e-01
8.997596599999999611e-01
8.828909099999999732e-01
9.099815999999999461e-01
9.512773799999999502e-01
9.281656400000000140e-01
9.372044099999999878e-01
9.403806099999999502e-01
9.264611499999999555e-01
9.827318099999999834e-01
9.954484099999999502e-01
9.871681799999999507e-01
9.992824300000000548e-01
1.033218600000000098e+00
1.038921800000000006e+00
1.027586799999999911e+00
1.079001400000000110e+00
1.076186300000000040e+00
1.066781699999999944e+00
1.058417699999999906e+00
1.054482399999999931e+00
1.069314400000000109e+00
1.031067799999999979e+00
1.025918200000000002e+00
1.034087100000000037e+00
1.023934300000000075e+00
1.001432199999999995e+00
1.017021100000000011e+00
1.010660499999999962e+00
1.000734999999999930e+00
9.990386700000000175e-01
9.807835599999999987e-01
9.598400299999999552e-01
9.295130400000000126e-01
9.284886599999999657e-01
9.360099100000000005e-01
8.986489399999999517e-01
9.202429100000000251e-01
9.486695200000000439e-01
9.071506000000000292e-01
9.075945899999999789e-01
9.043120199999999942e-01
8.942084000000000144e-01
8.837849899999999925e-01
8.800465200000000543e-01
8.901637199999999916e-01
8.871255999999999586e-01
8.890729299999999835e-01
8.684229799999999555e-01
8.812114399999999570e-01
8.592381000000000046e-01
8.492238199999999626e-01
8.470890699999999995e-01
8.143176100000000250e-01
7.850650300000000525e-01
7.633629400000000453e-01
4.241812200000000255e-01
2.408853599999999928e-01
5.738255800000000018e-02
-1.043965399999999960e-01
-2.878544000000000103e-01
-4.073224799999999868e-01
-4.866539500000000018e-01
-5.646205699999999883e-01
-6.565980900000000231e-01
-7.192739700000000402e-01
-7.841804700000000183e-01
-8.225679900000000266e-01
-9.128937000000000301e-01
-9.438885700000000378e-01
-9.874707400000000135e-01
-1.006482300000000052e+00
-1.014447799999999900e+00
-1.028374499999999969e+00
-9.523316200000000453e-01
-6.691709000000000129e-01
-3.942791800000000069e-01
-1.295153099999999946e-01
1.541329200000000031e-02
1.891109499999999999e-01
3.417431300000000061e-01
4.208077399999999857e-01
5.724059200000000125e-01
6.354939499999999741e-01
6.892445999999999851e-01
7.243463399999999774e-01
7.760999400000000437e-01
8.291547799999999802e-01
8.644163900000000345e-01
8.641946099999999742e-01
8.868998900000000241e-01
8.865429099999999618e-01
9.160129299999999475e-01
9.183562800000000248e-01
9.176408700000000529e-01
9.302710899999999672e-01
9.126826700000000292e-01
9.353079300000000096e-01
9.273972200000000221e-01
9.169078099999999898e-01
9.016079200000000071e-01
9.091455800000000087e-01
9.145150300000000065e-01
9.045151900000000245e-01
9.453053300000000547e-01
9.590493300000000332e-01
9.447159200000000423e-01
9.606701800000000402e-01
9.817517199999999944e-01
9.596507300000000074e-01
9.644107600000000335e-01
9.807951400000000097e-01
9.589536600000000410e-01
9.755730400000000024e-01
9.435729499999999659e-01
9.316158799999999518e-01
9.366124000000000116e-01
9.600279900000000533e-01
9.586596499999999743e-01
1.005408700000000044e+00
1.000307800000000080e+00
9.952422399999999447e-01
1.008186800000000050e+00
9.975149599999999506e-01
1.006428600000000007e+00
1.008498799999999918e+00
9.948755799999999816e-01
1.026141200000000087e+00
1.011652500000000066e+00
1.005803800000000026e+00
1.038816299999999915e+00
1.012401600000000013e+00
1.014714399999999905e+00
9.908687999999999940e-01
9.700960600000000378e-01
9.606151400000000340e-01
9.213959499999999636e-01
8.993626300000000517e-01
8.918111199999999572e-01
8.679164000000000323e-01
8.554386600000000174e-01
8.404918900000000193e-01
8.091494099999999579e-01
8.055886700000000067e-01
8.086967299999999748e-01
8.065064600000000361e-01
7.964461499999999639e-01
8.023449999999999749e-01
7.946828099999999617e-01
8.000309700000000079e-01
8.251124699999999867e-01
8.246871799999999642e-01
8.177919799999999739e-01
7.818472800000000333e-01
6.158190300000000450e-01
3.485698899999999933e-01
1.500863699999999967e-01
-2.326945299999999897e-02
-1.434215199999999968e-01
-2.948558499999999749e-01
-3.529225400000000068e-01
-4.694307099999999733e-01
-5.409138900000000083e-01
-5.923057299999999747e-01
-6.559785900000000280e-01
-7.291886600000000440e-01
-7.425095699999999521e-01
-8.163491499999999679e-01
-8.418965600000000160e-01
-8.787627199999999972e-01
-9.487107799999999758e-01
-9.856399000000000132e-01
-1.008929399999999976e+00
-8.151080299999999834e-01
-5.152321699999999893e-01
-2.511973000000000122e-01
1.357836700000000091e-03
2.045113500000000084e-01
2.710513399999999740e-01
4.104667499999999913e-01
5.007985499999999535e-01
5.415171399999999524e-01
5.980339999999999545e-01
6.569296000000000024e-01
6.854740400000000067e-01
7.234272899999999451e-01
7.719759200000000376e-01
8.258573000000000164e-01
8.211247099999999799e-01
8.479981100000000271e-01
8.222984199999999744e-01
8.420912299999999684e-01
8.461079900000000320e-01
8.739937599999999529e-01
8.472213899999999631e-01
8.596240200000000442e-01
8.932380100000000267e-01
8.884019199999999561e-01
8.778680100000000319e-01
8.804878000000000426e-01
8.734720400000000051e-01
8.795693500000000276e-01
8.592079000000000244e-01
8.817030500000000437e-01
8.802693499999999505e-01
8.779910800000000348e-01
9.087459799999999532e-01
8.885412700000000497e-01
9.171482499999999982e-01
9.020184599999999664e-01
9.310225199999999646e-01
9.067464800000000213e-01
9.243267099999999958e-01
8.973632700000000462e-01
9.199325900000000500e-01
9.035700599999999527e-01
8.814801799999999465e-01
8.950895700000000010e-01
8.655803100000000194e-01
8.739782400000000173e-01
8.610071400000000041e-01
8.924408900000000422e-01
8.722399400000000469e-01
8.842510799999999671e-01
8.923647000000000107e-01
8.721642899999999532e-01
8.919263899999999579e-01
8.980204299999999806e-01
8.306580900000000156e-01
8.502123099999999711e-01
8.398107000000000211e-01
8.524833800000000128e-01
8.367086099999999638e-01
8.702324700000000357e-01
8.697321199999999974e-01
8.546589799999999570e-01
8.443665799999999777e-01
8.282098700000000147e-01
8.042948100000000267e-01
7.899070799999999837e-01
7.746850299999999967e-01
7.959763399999999489e-01
8.136493000000000198e-01
8.174586600000000036e-01
7.861339200000000416e-01
7.972944600000000381e-01
7.870787900000000281e-01
7.653262400000000465e-01
7.962778999999999829e-01
8.000871699999999587e-01
7.433572600000000197e-01
7.203454400000000035e-01
5.105415199999999709e-01
2.109822899999999890e-01
1.950883600000000162e-02
-1.419141800000000009e-01
-2.676395300000000144e-01
-4.256342599999999865e-01
-5.173369599999999568e-01
-6.169455299999999642e-01
-6.899976399999999677e-01
-7.669010499999999730e-01
-8.373757699999999637e-01
-8.590028199999999448e-01
-9.305145400000000011e-01
-9.548890399999999667e-01
-9.896573400000000520e-01
-9.834859999999999713e-01
-1.037757199999999935e+00
-1.079038600000000070e+00
-9.983926699999999821e-01
-7.130547499999999594e-01
-4.527286699999999997e-01
-2.002647800000000033e-01
-1.969848199999999806e-03
9.546957300000000202e-02
2.422080500000000081e-01
3.432011699999999998e-01
4.407528700000000188e-01
5.098720700000000106e-01
5.284451799999999588e-01
5.452461199999999453e-01
5.885186599999999713e-01
6.158917999999999893e-01
6.358986399999999595e-01
6.704537900000000494e-01
6.597336799999999890e-01
6.794723299999999577e-01
6.740372700000000217e-01
6.866100200000000431e-01
7.327369900000000325e-01
7.081488099999999619e-01
7.300705100000000058e-01
7.395448399999999811e-01
7.233815799999999685e-01
7.262566099999999691e-01
7.308967600000000342e-01
7.413734299999999999e-01
7.466928800000000033e-01
7.898824899999999927e-01
7.744725199999999976e-01
8.023440699999999648e-01
7.936651500000000414e-01
8.090365800000000052e-01
7.877873899999999763e-01
7.970394499999999827e-01
8.102912100000000395e-01
8.018696100000000104e-01
8.294325099999999562e-01
8.655037599999999554e-01
8.765955100000000222e-01
8.642528000000000432e-01
8.807208899999999785e-01
8.870447700000000379e-01
8.684722299999999562e-01
8.716151600000000554e-01
8.803034800000000271e-01
8.412397700000000533e-01
8.307646400000000542e-01
8.724051099999999836e-01
8.566618900000000369e-01
8.666875200000000445e-01
8.774112499999999759e-01
9.018824500000000022e-01
9.087011499999999575e-01
9.121185200000000437e-01
9.192830600000000407e-01
9.146123200000000342e-01
9.119868599999999548e-01
9.145956299999999928e-01
9.296646499999999813e-01
9.586979700000000104e-01
9.870736100000000457e-01
9.655161599999999567e-01
9.501699700000000304e-01
9.378188699999999711e-01
9.167884899999999559e-01
9.480642000000000236e-01
9.206140800000000013e-01
9.520652800000000138e-01
9.739665299999999970e-01
9.983364300000000524e-01
1.007757900000000095e+00
1.032946200000000037e+00
9.724230699999999450e-01
1.004204899999999956e+00
1.001303099999999890e+00
9.804886000000000434e-01
9.743058300000000393e-01
9.487793799999999500e-01
7.544158800000000387e-01
4.730064700000000122e-01
2.743902699999999917e-01
1.374633100000000052e-01
-3.908803899999999804e-02
-1.662393299999999907e-01
-2.473811900000000008e-01
-3.460079400000000138e-01
-4.078083800000000259e-01
-4.837830799999999765e-01
-5.767405300000000290e-01
-6.268280899999999489e-01
-7.054679999999999840e-01
-7.474076499999999790e-01
-7.867395099999999752e-01
-8.228111399999999964e-01
-8.532334499999999489e-01
-9.257828999999999642e-01
-9.065569399999999778e-01
-6.824846399999999758e-01
-3.696298399999999873e-01
-1.004520299999999977e-01
1.567769800000000102e-01
3.333330299999999746e-01
4.361158800000000113e-01
5.618524599999999980e-01
6.633078300000000427e-01
7.584068899999999447e-01
8.384969100000000397e-01
8.671046399999999821e-01
8.808619800000000444e-01
9.035851599999999983e-01
9.055589400000000344e-01
9.007429099999999522e-01
9.307819600000000193e-01
9.484779700000000036e-01
9.437344100000000235e-01
9.573970400000000325e-01
9.597764399999999529e-01
9.592578299999999780e-01
9.213186300000000273e-01
9.184328800000000070e-01
9.258832599999999857e-01
9.324954300000000140e-01
9.388391900000000456e-01
9.300571499999999991e-01
9.041016699999999684e-01
8.973566699999999674e-01
9.063542799999999566e-01
8.931730900000000029e-01
8.762634599999999940e-01
9.143954399999999483e-01
9.200567899999999577e-01
9.298537000000000052e-01
9.072404299999999866e-01
9.227035399999999887e-01
9.192723499999999603e-01
8.983155000000000445e-01
9.283860299999999732e-01
9.135413100000000508e-01
9.011342399999999753e-01
9.373154900000000289e-01
9.304449099999999584e-01
9.286730300000000105e-01
9.288637899999999670e-01
9.259668199999999683e-01
9.228936599999999491e-01
9.272738999999999843e-01
9.290790500000000174e-01
9.310774200000000445e-01
9.801000199999999607e-01
9.381751699999999472e-01
9.267587699999999540e-01
9.142365799999999654e-01
9.233591399999999672e-01
9.223960500000000229e-01
9.123107700000000486e-01
9.160261600000000337e-01
8.574033599999999478e-01
8.674342800000000020e-01
8.541468700000000025e-01
8.716248300000000171e-01
8.486793400000000043e-01
8.352387700000000192e-01
8.494779199999999975e-01
7.995816999999999508e-01
7.846812300000000073e-01
7.950760100000000552e-01
8.080937299999999546e-01
7.902643000000000306e-01
8.156960199999999661e-01
7.964071299999999631e-01
8.124720500000000012e-01
7.837406099999999487e-01
7.850256100000000403e-01
7.948942399999999742e-01
7.828661500000000384e-01
7.882021000000000166e-01
6.973338199999999931e-01
4.275265599999999999e-01
2.726218000000000252e-01
1.125907300000000000e-01
-4.745250799999999741e-02
-1.819166700000000025e-01
-3.022265399999999880e-01
-3.965534800000000137e-01
-4.860057500000000141e-01
-5.917519199999999868e-01
-6.645862299999999445e-01
-6.873475100000000504e-01
-7.343078299999999947e-01
-8.044256899999999710e-01
-8.445692099999999591e-01
-8.691445199999999760e-01
-9.004657400000000145e-01
-9.521339399999999564e-01
-9.727067499999999534e-01
-8.974732899999999791e-01
-5.735834499999999947e-01
-2.794578099999999732e-01
-5.192824699999999682e-02
1.528857499999999869e-01
2.421008500000000063e-01
3.782159099999999885e-01
4.862158200000000208e-01
6.096437099999999498e-01
7.043738200000000393e-01
7.324006400000000472e-01
7.732504000000000044e-01
8.372860300000000144e-01
8.389491300000000429e-01
8.691276700000000188e-01
8.884236699999999987e-01
9.215748299999999560e-01
9.636026500000000050e-01
9.936728599999999911e-01
1.000261099999999903e+00
1.009170399999999912e+00
1.034126499999999949e+00
1.005007200000000100e+00
1.030760499999999968e+00
1.039009400000000083e+00
1.030610299999999979e+00
1.064610199999999951e+00
1.041890999999999901e+00
1.068509600000000059e+00
1.028046999999999933e+00
1.015616899999999934e+00
1.004711799999999933e+00
1.011838800000000038e+00
1.003333800000000053e+00
9.879696199999999928e-01
9.754226700000000472e-01
9.835437099999999599e-01
9.871400399999999964e-01
9.534626299999999777e-01
9.619775400000000198e-01
1.005265700000000040e+00
1.013656200000000007e+00
1.013332099999999958e+00
9.960783600000000515e-01
9.957137900000000430e-01
9.792661099999999674e-01
9.979171000000000014e-01
9.866785399999999928e-01
9.539229700000000367e-01
9.433257999999999921e-01
9.454965899999999701e-01
9.610251199999999550e-01
9.445214400000000454e-01
9.629946299999999626e-01
9.795846900000000357e-01
1.001480200000000043e+00
1.009134799999999998e+00
9.963950299999999594e-01
1.018061399999999894e+00
9.715169599999999850e-01
9.717564499999999938e-01
9.671925000000000106e-01
9.693333600000000327e-01
9.521601299999999934e-01
9.509568699999999541e-01
9.473389100000000340e-01
9.349040299999999970e-01
9.099726799999999782e-01
9.011291599999999846e-01
8.961687699999999479e-01
8.873322099999999546e-01
8.720370400000000410e-01
8.554247200000000273e-01
8.421262099999999862e-01
8.720737899999999598e-01
8.743020999999999709e-01
8.707622200000000312e-01
8.901759299999999486e-01
8.819559999999999622e-01
8.450920200000000548e-01
6.364168199999999942e-01
3.979913900000000004e-01
2.078658899999999976e-01
2.831186000000000119e-02
-1.254297799999999907e-01
-2.299490100000000092e-01
-3.415716100000000255e-01
-4.539343699999999759e-01
-5.034616400000000436e-01
-5.769553899999999569e-01
-6.492790400000000295e-01
-7.251244500000000315e-01
-7.715398399999999768e-01
-7.864910099999999904e-01
-8.537242200000000336e-01
-8.732476599999999811e-01
-9.089881800000000345e-01
-9.367151599999999911e-01
-9.264752499999999724e-01
-6.303870799999999885e-01
-2.888672199999999801e-01
3.812635300000000171e-02
2.779325999999999741e-01
3.559862899999999830e-01
5.056663999999999604e-01
6.230379600000000018e-01
6.808537099999999453e-01
7.817024299999999482e-01
8.335731699999999744e-01
8.574576400000000209e-01
9.178362399999999699e-01
9.271439099999999600e-01
9.501488900000000237e-01
9.888932700000000464e-01
9.657521000000000022e-01
1.007506100000000071e+00
1.009889100000000095e+00
1.022811099999999973e+00
1.027406999999999959e+00
1.059806299999999979e+00
1.068230800000000036e+00
1.049518600000000079e+00
1.043240600000000073e+00
1.082415099999999963e+00
1.131204099999999935e+00
1.091790700000000003e+00
1.099898999999999960e+00
1.053866699999999934e+00
1.054172399999999898e+00
1.047040600000000099e+00
1.067949700000000002e+00
1.076385600000000053e+00
1.095303700000000102e+00
1.095707500000000056e+00
1.150604399999999972e+00
1.184823299999999913e+00
1.147371499999999989e+00
1.177773299999999912e+00
1.202445500000000056e+00
1.192164800000000024e+00
1.196425899999999931e+00
1.183802100000000079e+00
1.214808099999999946e+00
1.189726499999999909e+00
1.200061199999999939e+00
1.198573000000000111e+00
1.193521499999999902e+00
1.182146399999999931e+00
1.196136400000000100e+00
1.190872200000000047e+00
1.154673000000000060e+00
1.155705699999999947e+00
1.103602999999999890e+00
1.101180599999999954e+00
1.105337299999999967e+00
1.079522499999999940e+00
1.099314700000000089e+00
1.104605499999999907e+00
1.082883700000000005e+00
1.089983499999999994e+00
1.094629700000000039e+00
1.076305800000000090e+00
1.038603500000000013e+00
1.034597599999999895e+00
1.028949899999999973e+00
1.039981000000000044e+00
1.004540400000000000e+00
1.055625700000000000e+00
1.020438900000000038e+00
9.912523500000000043e-01
9.965918700000000463e-01
1.004144499999999995e+00
1.047631200000000096e+00
1.021522500000000111e+00
1.024058700000000099e+00
1.002040999999999960e+00
1.008334199999999958e+00
1.016970200000000046e+00
9.783821499999999505e-01
6.464900300000000488e-01
4.491111099999999801e-01
2.467685300000000137e-01
1.132435499999999984e-01
-4.008161600000000047e-02
-1.282438300000000031e-01
-2.609877400000000236e-01
-3.558114900000000080e-01
-4.677449399999999979e-01
-5.350230400000000053e-01
-6.065229500000000051e-01
-6.756432500000000285e-01
-7.315274699999999575e-01
-7.503963299999999448e-01
-8.133568100000000411e-01
-8.419454200000000554e-01
-8.494939500000000532e-01
-8.943129399999999452e-01
-7.692476000000000314e-01
-4.198465499999999850e-01
-1.291581800000000113e-01
1.394823000000000035e-01
3.662049399999999788e-01
4.376141299999999901e-01
6.048715900000000145e-01
7.023794899999999952e-01
8.168562999999999796e-01
8.959475900000000159e-01
8.930180500000000077e-01
9.642399799999999965e-01
1.033548899999999993e+00
1.067614800000000086e+00
1.056892900000000024e+00
1.090433299999999939e+00
1.094822799999999985e+00
1.110636799999999980e+00
1.124552500000000066e+00
1.126169600000000104e+00
1.137942800000000032e+00
1.100055999999999923e+00
1.125378400000000001e+00
1.134960299999999922e+00
1.108699199999999996e+00
1.118659400000000081e+00
1.095636300000000007e+00
1.089397399999999960e+00
1.092315900000000006e+00
1.081365200000000026e+00
1.079109000000000096e+00
1.076731099999999941e+00
1.092505099999999896e+00
1.096829599999999960e+00
1.088659000000000043e+00
1.111578799999999978e+00
1.081153199999999925e+00
1.084837000000000051e+00
1.099483500000000058e+00
1.067897199999999991e+00
1.046063500000000035e+00
1.091032599999999908e+00
1.073084499999999997e+00
1.062838799999999972e+00
1.045826099999999981e+00
1.032511399999999968e+00
1.043987299999999951e+00
1.016807800000000039e+00
1.010764199999999891e+00
1.003422299999999989e+00
9.864449400000000479e-01
9.900748600000000010e-01
9.723712100000000413e-01
9.550001999999999658e-01
9.038029300000000044e-01
9.398507999999999862e-01
9.186701699999999526e-01
9.120959299999999992e-01
8.902605300000000499e-01
8.787910700000000075e-01
8.942258299999999993e-01
8.700057799999999508e-01
8.981053599999999637e-01
8.555002800000000018e-01
8.649559199999999892e-01
8.452548300000000125e-01
8.259025599999999523e-01
8.086593899999999779e-01
8.197340100000000129e-01
8.457435199999999709e-01
8.371079399999999948e-01
7.886653099999999528e-01
8.205163300000000159e-01
7.844700000000000006e-01
7.723735400000000251e-01
8.028433499999999556e-01
7.990849199999999763e-01
7.883406400000000369e-01
8.053189200000000492e-01
7.883419999999999872e-01
5.628210500000000449e-01
3.171717000000000009e-01
1.043683900000000053e-01
-8.211091900000000443e-02
-2.213184199999999879e-01
-3.343824200000000135e-01
-4.381422300000000214e-01
-5.482234599999999958e-01
-6.513378600000000462e-01
-7.141487800000000385e-01
-7.700512299999999755e-01
-8.087710700000000363e-01
-8.607404800000000300e-01
-8.847798799999999630e-01
-9.386108600000000468e-01
-9.502489899999999601e-01
-9.627838899999999756e-01
-9.650997999999999521e-01
-9.679085299999999892e-01
-6.541681799999999880e-01
-3.400228900000000221e-01
-1.018942899999999985e-01
1.257875900000000047e-01
2.864770099999999764e-01
3.498527499999999901e-01
5.014125499999999569e-01
5.644327900000000175e-01
6.944348500000000479e-01
7.490275699999999759e-01
7.834395499999999846e-01
7.793567200000000028e-01
7.953365399999999807e-01
7.983440299999999823e-01
7.964401899999999923e-01
7.808731100000000369e-01
7.998540699999999726e-01
8.120076699999999592e-01
7.869298799999999705e-01
8.106820900000000218e-01
8.229583200000000209e-01
8.106953799999999655e-01
8.269092999999999583e-01
8.460568000000000533e-01
8.608934799999999887e-01
8.609932900000000222e-01
9.071863999999999484e-01
8.603245200000000370e-01
8.703513999999999973e-01
8.705912500000000387e-01
8.732117000000000351e-01
8.724389000000000172e-01
8.545968400000000242e-01
8.767181899999999528e-01
8.926039000000000057e-01
9.129815599999999698e-01
9.129749499999999518e-01
9.142919999999999936e-01
8.917263100000000220e-01
9.184607900000000269e-01
9.385046400000000011e-01
9.315247899999999914e-01
9.295910400000000351e-01
8.966773500000000396e-01
9.250998499999999458e-01
9.119346400000000186e-01
9.043028300000000019e-01
9.083701699999999768e-01
9.369823800000000036e-01
9.167807999999999513e-01
9.284006200000000097e-01
9.121995099999999912e-01
9.015472900000000012e-01
9.283470299999999620e-01
9.264409900000000198e-01
9.351050499999999932e-01
9.243339099999999808e-01
9.350760299999999470e-01
9.294559000000000015e-01
8.439870699999999504e-01
8.251171800000000056e-01
8.384648300000000498e-01
8.509148100000000214e-01
8.566960700000000317e-01
8.781650699999999921e-01
9.104971499999999773e-01
8.988425799999999466e-01
9.035999799999999693e-01
8.981478600000000201e-01
8.958271199999999768e-01
9.052614599999999623e-01
9.037112200000000373e-01
8.970841000000000509e-01
8.885314500000000004e-01
8.993689700000000453e-01
8.712495999999999574e-01
8.384397099999999492e-01
8.022133700000000367e-01
8.053046900000000452e-01
6.801731300000000147e-01
3.967666200000000143e-01
2.356379100000000060e-01
5.053408699999999837e-02
-1.020993199999999934e-01
-2.267728099999999913e-01
-3.438069200000000158e-01
-4.898601000000000205e-01
-5.888491900000000223e-01
-6.512728300000000248e-01
-6.897587099999999971e-01
-7.600968599999999853e-01
-8.014525900000000203e-01
-8.426685699999999501e-01
-8.859537499999999843e-01
-9.199470299999999989e-01
-9.273703599999999492e-01
-9.399318199999999734e-01
-9.591327200000000497e-01
-8.053137000000000212e-01
-5.331857899999999928e-01
-2.361576099999999900e-01
-1.072159800000000059e-02
9.441129299999999336e-02
2.266289400000000009e-01
3.602480900000000208e-01
4.651143699999999992e-01
5.878176699999999588e-01
5.966540299999999464e-01
6.387362500000000054e-01
7.045556800000000175e-01
7.362445399999999474e-01
7.893522600000000278e-01
7.977695799999999782e-01
8.005098600000000175e-01
8.188038199999999600e-01
8.153915299999999755e-01
7.900251600000000041e-01
8.322971000000000119e-01
8.193304700000000329e-01
8.308128999999999653e-01
8.730848300000000339e-01
8.739234999999999642e-01
8.611007499999999704e-01
8.560650899999999730e-01
8.722021500000000094e-01
8.807660000000000489e-01
8.971165899999999915e-01
8.972303799999999940e-01
9.150877400000000383e-01
9.390789099999999889e-01
9.503073300000000057e-01
9.573821099999999529e-01
9.632080100000000034e-01
9.700024999999999897e-01
9.806632800000000261e-01
9.836377099999999984e-01
9.610216400000000103e-01
9.880004999999999482e-01
1.049285800000000046e+00
1.017521399999999909e+00
9.861520599999999970e-01
9.866110700000000344e-01
9.973553400000000346e-01
9.705555399999999944e-01
9.730792700000000517e-01
9.813739900000000294e-01
9.691259599999999530e-01
9.488651999999999642e-01
9.266620700000000044e-01
9.173322799999999999e-01
9.321681800000000129e-01
9.293973800000000507e-01
9.746274999999999800e-01
9.760271099999999755e-01
9.894678099999999477e-01
9.663832999999999451e-01
9.583127299999999460e-01
9.861435200000000512e-01
9.783589599999999997e-01
9.740604299999999771e-01
9.706916100000000380e-01
9.635477599999999754e-01
9.411077899999999996e-01
9.353022800000000414e-01
9.671378800000000053e-01
9.354618599999999784e-01
9.658261099999999599e-01
9.705630899999999617e-01
9.369459399999999771e-01
9.289415100000000258e-01
9.135730399999999474e-01
9.119886900000000463e-01
8.675011099999999642e-01
8.729063099999999631e-01
8.882527199999999956e-01
8.684058599999999739e-01
8.355772700000000386e-01
8.140699900000000211e-01
5.056026799999999710e-01
3.090023399999999865e-01
1.060142300000000010e-01
-4.505411399999999927e-02
-2.257918399999999937e-01
-3.876916499999999988e-01
-4.810792500000000138e-01
-5.952916499999999500e-01
-6.731680799999999465e-01
-7.357529499999999612e-01
-7.936461500000000502e-01
-8.887290799999999491e-01
-9.222875699999999455e-01
-9.381316600000000339e-01
-9.791005200000000297e-01
-1.014003999999999905e+00
-1.008533300000000077e+00
-9.506996399999999570e-01
-9.423063999999999885e-01
-6.675467400000000273e-01
-3.871339200000000202e-01
-1.242339100000000029e-01
4.070734499999999895e-02
1.149917300000000003e-01
2.417322000000000082e-01
3.355748800000000198e-01
4.008143599999999807e-01
4.899374300000000071e-01
5.018244899999999564e-01
5.562517799999999735e-01
5.732334399999999830e-01
6.004337600000000386e-01
6.153198399999999513e-01
6.561371900000000368e-01
6.289408800000000355e-01
6.704314900000000188e-01
6.223630500000000287e-01
6.296828599999999554e-01
6.096142399999999739e-01
6.183806699999999656e-01
6.272022299999999717e-01
6.348702200000000406e-01
6.352057599999999526e-01
6.678098500000000382e-01
6.501963800000000182e-01
6.883532500000000276e-01
6.698353099999999616e-01
6.835555599999999510e-01
7.194901299999999500e-01
7.563810199999999595e-01
7.336606100000000463e-01
7.030996000000000468e-01
7.076907399999999848e-01
7.377645400000000242e-01
7.407967800000000436e-01
7.493542100000000206e-01
7.688023800000000074e-01
7.605546100000000198e-01
7.625321000000000460e-01
7.669133700000000387e-01
7.886021399999999515e-01
7.849681400000000364e-01
7.851942600000000327e-01
7.964422599999999575e-01
7.504400799999999538e-01
7.415950900000000123e-01
7.511779699999999727e-01
7.252764099999999825e-01
6.952007000000000048e-01
7.024811499999999986e-01
6.903891899999999859e-01
6.832387199999999661e-01
7.009788399999999919e-01
7.310084100000000529e-01
7.487904899999999753e-01
7.558844999999999592e-01
7.716244899999999962e-01
7.310082799999999548e-01
7.215945499999999457e-01
7.556863299999999617e-01
7.277682399999999552e-01
7.575534900000000516e-01
7.086202900000000415e-01
7.152770499999999698e-01
7.174876599999999716e-01
7.347643299999999655e-01
7.366074400000000022e-01
7.727680300000000502e-01
7.395218300000000466e-01
7.471920699999999860e-01
7.495985099999999957e-01
7.571566800000000264e-01
7.222880099999999803e-01
7.190447199999999706e-01
7.303828300000000384e-01
7.447687699999999689e-01
7.100954699999999509e-01
5.435354500000000311e-01
2.880366899999999841e-01
7.356684700000000465e-02
-1.000443800000000022e-01
-2.383474100000000095e-01
-3.410248000000000168e-01
-4.443692300000000039e-01
-5.455092599999999958e-01
-6.346407499999999757e-01
-6.770447899999999519e-01
-7.359582900000000150e-01
-7.868776299999999946e-01
-8.231725899999999818e-01
-8.465650799999999698e-01
-9.036969900000000333e-01
-8.957539599999999602e-01
-9.333050699999999589e-01
-9.697680100000000136e-01
-9.594377600000000283e-01
-8.271328100000000516e-01
-5.581001700000000065e-01
-3.117558300000000115e-01
-1.160782300000000045e-01
6.952069099999999557e-02
1.605175500000000088e-01
2.742257799999999746e-01
3.327222499999999972e-01
4.254771800000000104e-01
4.593247300000000144e-01
4.780849300000000190e-01
5.372046999999999795e-01
5.469904199999999772e-01
5.614243199999999767e-01
5.644355899999999870e-01
5.702638399999999663e-01
5.822553299999999599e-01
6.043359099999999762e-01
5.984020500000000187e-01
6.069855100000000059e-01
6.213671800000000189e-01
6.309635900000000186e-01
6.286088300000000073e-01
6.721968699999999464e-01
6.668608299999999600e-01
6.450975899999999985e-01
6.295128199999999730e-01
6.310289000000000037e-01
6.382188600000000545e-01
6.287963199999999642e-01
6.221676600000000112e-01
6.480070399999999786e-01
6.690001300000000262e-01
6.997981300000000182e-01
6.976715199999999895e-01
7.227536300000000358e-01
7.445595099999999800e-01
7.703064899999999549e-01
7.663587200000000488e-01
7.453340800000000099e-01
7.484310899999999656e-01
7.386444300000000185e-01
7.161453100000000349e-01
7.280545800000000067e-01
6.927841200000000033e-01
6.729286199999999774e-01
6.607195099999999544e-01
6.621382399999999890e-01
6.751711099999999632e-01
6.694993299999999481e-01
6.853569400000000256e-01
6.827302200000000543e-01
7.213501799999999520e-01
7.020511499999999572e-01
7.479591300000000276e-01
7.564135800000000298e-01
7.022881800000000396e-01
7.092742199999999553e-01
7.158823899999999796e-01
7.053338200000000002e-01
7.276203999999999450e-01
7.057707600000000525e-01
6.852349500000000093e-01
7.243585299999999449e-01
7.441488200000000441e-01
7.397419800000000212e-01
7.525391500000000455e-01
7.342584599999999462e-01
7.361014200000000063e-01
7.511444099999999846e-01
7.369165699999999930e-01
7.478411999999999837e-01
7.230266600000000432e-01
7.320954800000000207e-01
7.511579499999999632e-01
7.558600800000000453e-01
7.881764100000000495e-01
7.733732300000000226e-01
7.744953399999999766e-01
7.441366000000000369e-01
4.740617899999999829e-01
3.022225900000000132e-01
9.754694299999999707e-02
-5.264717800000000281e-02
-1.981490800000000052e-01
-3.183990899999999957e-01
-4.072596800000000128e-01
-4.979963299999999871e-01
-5.297770299999999821e-01
-6.492006000000000165e-01
-6.843373299999999659e-01
-7.320289500000000116e-01
-7.476785099999999629e-01
-7.934366099999999866e-01
-8.020037100000000363e-01
-8.334515999999999591e-01
-8.246061700000000272e-01
-8.290756000000000236e-01
-7.597779500000000352e-01
-5.018320200000000453e-01
-2.032015699999999980e-01
3.528547399999999723e-02
2.332576700000000003e-01
3.793504500000000057e-01
4.320782200000000128e-01
5.225518900000000189e-01
5.762193300000000296e-01
6.704733999999999972e-01
7.136079199999999512e-01
7.365293099999999926e-01
7.731820600000000043e-01
7.789645899999999568e-01
8.253013500000000446e-01
8.363332100000000491e-01
8.529284499999999491e-01
9.009531899999999593e-01
8.868888700000000513e-01
8.824668300000000354e-01
9.161567200000000355e-01
8.908832800000000551e-01
8.868365599999999960e-01
9.020700499999999566e-01
9.255997599999999936e-01
8.990952599999999517e-01
9.139203799999999767e-01
9.070476899999999620e-01
9.310971799999999687e-01
9.355605299999999458e-01
9.554714100000000210e-01
9.684305199999999614e-01
9.386372699999999680e-01
9.362761899999999526e-01
9.182170699999999686e-01
9.481090899999999877e-01
9.174243100000000206e-01
9.288865899999999565e-01
9.537541400000000280e-01
9.431300000000000239e-01
9.278073999999999488e-01
9.226649500000000392e-01
9.087684099999999709e-01
8.771950899999999551e-01
8.456894700000000542e-01
8.275875700000000501e-01
8.401313700000000440e-01
8.370691700000000290e-01
8.354625500000000260e-01
8.125571000000000321e-01
8.154054200000000474e-01
7.843336400000000541e-01
7.622904000000000346e-01
7.443610299999999791e-01
7.606516599999999517e-01
7.582856300000000438e-01
7.836510700000000051e-01
7.659680700000000009e-01
8.179515400000000325e-01
8.243420099999999584e-01
8.003135300000000507e-01
8.313069699999999784e-01
8.137507699999999566e-01
8.328396399999999922e-01
8.302724400000000005e-01
8.485745900000000175e-01
8.103341299999999858e-01
8.139529399999999582e-01
7.717475200000000202e-01
7.503360799999999609e-01
7.605738800000000355e-01
7.639765499999999765e-01
7.831044400000000127e-01
7.683698399999999706e-01
7.505448200000000014e-01
7.506962600000000041e-01
7.619096699999999833e-01
7.443873899999999821e-01
7.331788900000000275e-01
7.228236900000000187e-01
5.360062599999999566e-01
2.789454399999999890e-01
1.322696999999999901e-01
-5.001487300000000136e-02
-1.608004799999999956e-01
-2.541922300000000190e-01
-3.829657799999999779e-01
-4.753865299999999738e-01
-5.682027600000000289e-01
-6.446177899999999683e-01
-7.044365599999999894e-01
-7.725695200000000096e-01
-7.809851799999999455e-01
-7.993075099999999988e-01
-7.984276099999999543e-01
-8.135254899999999623e-01
-8.513362799999999453e-01
-8.809471399999999619e-01
-9.080177799999999966e-01
-7.177702400000000038e-01
-4.364763600000000077e-01
-1.683343200000000095e-01
6.113381100000000318e-02
2.561667499999999986e-01
3.432065400000000044e-01
4.290696199999999849e-01
5.184127200000000490e-01
6.024119100000000504e-01
6.767533500000000313e-01
7.111922400000000311e-01
7.279206700000000474e-01
7.620371799999999807e-01
7.790305299999999988e-01
7.913474299999999628e-01
8.198944299999999519e-01
7.897632700000000172e-01
7.867657099999999515e-01
8.176381900000000424e-01
8.284197699999999998e-01
8.325855899999999865e-01
8.661121400000000303e-01
8.869196599999999986e-01
8.887881600000000493e-01
9.015203000000000522e-01
9.345720100000000086e-01
9.543287900000000379e-01
9.208209099999999925e-01
9.247582800000000436e-01
9.321985299999999697e-01
9.300950999999999524e-01
9.445621699999999787e-01
9.649890199999999751e-01
9.426591399999999510e-01
9.225160900000000108e-01
9.604235700000000042e-01
9.396067700000000356e-01
9.445940200000000342e-01
9.343863399999999819e-01
9.830969200000000408e-01
9.878439199999999865e-01
1.007175099999999990e+00
1.002192699999999936e+00
9.967811500000000047e-01
9.890362900000000401e-01
9.872558700000000353e-01
9.923646999999999885e-01
9.759199699999999700e-01
9.844224999999999781e-01
9.973572299999999835e-01
9.956351599999999635e-01
9.802003400000000033e-01
9.512401900000000410e-01
9.399570699999999501e-01
9.229469900000000226e-01
9.147928899999999697e-01
8.957716300000000409e-01
9.150445900000000465e-01
8.789145499999999611e-01
9.065431200000000356e-01
8.938640199999999814e-01
8.779470400000000119e-01
8.721287599999999474e-01
8.752086000000000032e-01
8.687427899999999870e-01
8.908320800000000261e-01
8.651365899999999831e-01
8.803830499999999448e-01
8.652584599999999515e-01
8.739336800000000460e-01
8.623245800000000072e-01
8.312249900000000524e-01
7.996472000000000024e-01
8.201739900000000194e-01
7.888864599999999561e-01
7.666773000000000060e-01
7.807064099999999618e-01
7.512579299999999627e-01
7.486756300000000364e-01
7.274481900000000500e-01
4.548402500000000015e-01
2.378336299999999903e-01
7.302883100000000238e-02
-7.362972399999999362e-02
-1.776860600000000068e-01
-2.589938399999999752e-01
-3.871344600000000136e-01
-4.650105199999999828e-01
-5.695775400000000488e-01
-6.326899200000000167e-01
-6.845945599999999631e-01
-7.351216900000000498e-01
-8.100404300000000335e-01
-8.130111100000000368e-01
-8.652081700000000541e-01
-9.059686000000000128e-01
-9.394193699999999758e-01
-9.296219100000000513e-01
-8.434388600000000125e-01
-5.621794399999999747e-01
-2.850250200000000178e-01
-4.475246799999999664e-02
1.601506600000000002e-01
2.507951500000000222e-01
3.650678099999999926e-01
4.610261199999999837e-01
5.142233999999999972e-01
6.206790500000000099e-01
6.275908900000000123e-01
6.678091600000000128e-01
6.894238599999999995e-01
7.121721399999999536e-01
7.303308899999999548e-01
7.277916700000000017e-01
7.317260899999999957e-01
7.457898499999999764e-01
7.265765299999999982e-01
7.398136299999999999e-01
7.477800799999999581e-01
7.630296800000000434e-01
7.712195699999999654e-01
8.024646600000000518e-01
8.245978200000000369e-01
8.410722200000000370e-01
8.245200299999999594e-01
8.581541900000000389e-01
8.564323700000000539e-01
8.425731800000000327e-01
8.368713500000000138e-01
8.850754499999999858e-01
8.821898599999999924e-01
8.758958999999999495e-01
8.744278399999999563e-01
8.996367800000000248e-01
9.190234200000000353e-01
8.950644100000000325e-01
8.672153500000000514e-01
8.942040900000000070e-01
8.718995200000000390e-01
9.011825399999999764e-01
9.030221899999999469e-01
9.038501899999999978e-01
8.953993500000000383e-01
9.020756300000000172e-01
8.625310600000000161e-01
8.913853600000000155e-01
9.046180299999999619e-01
8.868290199999999679e-01
8.525256500000000237e-01
8.612324199999999985e-01
8.584193700000000149e-01
8.502033100000000454e-01
8.430614100000000111e-01
8.596546999999999938e-01
8.771383000000000374e-01
8.521193400000000029e-01
8.644374000000000224e-01
8.632301100000000504e-01
8.864615200000000028e-01
8.707594499999999904e-01
8.860970000000000235e-01
8.653087600000000101e-01
9.070704200000000439e-01
8.802724499999999841e-01
8.881480299999999772e-01
8.773561800000000410e-01
8.846918599999999966e-01
9.134082700000000221e-01
9.009887100000000260e-01
9.059087099999999504e-01
8.807810200000000256e-01
8.691317800000000204e-01
8.121437500000000531e-01
8.266419299999999692e-01
8.064972200000000147e-01
7.919910599999999690e-01
7.777497899999999964e-01
5.993254300000000478e-01
3.870400500000000243e-01
2.292308500000000138e-01
4.357780199999999882e-02
-8.416217500000000573e-02
-1.616724999999999968e-01
-2.890732100000000249e-01
-3.809509200000000262e-01
-4.916495300000000013e-01
-5.492332199999999665e-01
-6.032262800000000036e-01
-6.402007299999999956e-01
-6.781422999999999757e-01
-6.909040800000000315e-01
-7.667450799999999678e-01
-8.013678300000000032e-01
-8.077324799999999749e-01
-8.221682500000000449e-01
-8.300616699999999737e-01
-6.518274099999999960e-01
-3.531882199999999972e-01
-1.120351900000000067e-01
1.175877300000000014e-01
2.136259899999999878e-01
3.623988899999999735e-01
4.511123100000000163e-01
5.454788900000000496e-01
6.167124000000000494e-01
6.736809299999999556e-01
7.302493199999999796e-01
7.427016400000000518e-01
7.595629600000000092e-01
7.750192099999999584e-01
8.007927900000000321e-01
7.769375400000000376e-01
7.781302199999999836e-01
7.606200800000000317e-01
7.775925200000000093e-01
7.886950999999999823e-01
7.977837599999999529e-01
8.260090599999999617e-01
8.118418099999999971e-01
8.360943400000000469e-01
8.197163899999999614e-01
8.435664899999999466e-01
8.625669599999999937e-01
9.142058100000000076e-01
8.808245199999999997e-01
9.060636600000000485e-01
9.213863100000000417e-01
9.122548499999999505e-01
8.957551400000000053e-01
9.043970799999999644e-01
9.427592200000000089e-01
9.306886599999999454e-01
9.222504900000000339e-01
9.479926300000000028e-01
9.445142300000000102e-01
9.601147899999999957e-01
9.529038199999999570e-01
9.461379199999999656e-01
9.547446099999999936e-01
9.324371399999999976e-01
8.961516099999999874e-01
8.691739099999999940e-01
8.476865399999999884e-01
8.507340500000000194e-01
8.468213799999999569e-01
8.554751499999999620e-01
8.689291999999999572e-01
8.577559099999999548e-01
8.261157300000000481e-01
8.255867300000000464e-01
8.071814899999999460e-01
8.094735899999999651e-01
8.129831699999999772e-01
8.185465800000000236e-01
8.066166799999999748e-01
8.037383000000000166e-01
8.404323700000000397e-01
8.142473000000000072e-01
7.871200299999999705e-01
7.796253600000000450e-01
7.736480799999999602e-01
7.844970399999999788e-01
7.700891199999999603e-01
7.967803500000000261e-01
8.192633999999999750e-01
7.872203899999999921e-01
7.833791700000000136e-01
7.739494199999999990e-01
7.620028100000000304e-01
7.580883299999999769e-01
7.768937799999999783e-01
7.636982199999999832e-01
7.032307599999999548e-01
6.996444800000000130e-01
6.860108000000000317e-01
6.279261099999999818e-01
3.012006300000000247e-01
1.150768499999999944e-01
-3.689240399999999670e-02
-1.650979800000000053e-01
-3.179626700000000028e-01
-4.395916500000000005e-01
-5.404997200000000168e-01
-5.939847099999999713e-01
-6.865266899999999950e-01
-7.319306799999999447e-01
-7.637499800000000505e-01
-8.214101900000000400e-01
-8.749291000000000151e-01
-9.146258999999999917e-01
-9.379543900000000267e-01
-9.254069600000000007e-01
-9.432168600000000458e-01
-9.311224099999999559e-01
-8.575689699999999860e-01
-5.768718699999999533e-01
-3.423379999999999757e-01
-1.499142199999999869e-01
3.860771899999999868e-02
2.137695500000000026e-01
2.675763099999999839e-01
3.443878699999999848e-01
4.257626199999999805e-01
5.092236100000000487e-01
5.285825199999999446e-01
5.719766899999999543e-01
6.002848800000000207e-01
6.174219600000000474e-01
6.090788599999999997e-01
6.340314299999999514e-01
6.450059399999999998e-01
6.550434200000000429e-01
6.923160699999999501e-01
6.844114000000000031e-01
6.837375399999999770e-01
6.596694800000000303e-01
6.834006200000000142e-01
6.659236699999999676e-01
7.165584699999999474e-01
7.010909800000000303e-01
7.020999700000000177e-01
7.313945899999999556e-01
7.039387000000000283e-01
7.185299600000000231e-01
7.452940000000000120e-01
7.247316900000000395e-01
7.460258899999999693e-01
7.524885000000000046e-01
7.582103999999999511e-01
7.861368600000000484e-01
7.693099399999999699e-01
7.934416600000000486e-01
8.005837300000000489e-01
7.907452999999999843e-01
7.926390500000000117e-01
7.790894099999999822e-01
7.730058199999999546e-01
7.282563100000000178e-01
7.304480399999999651e-01
7.450634299999999710e-01
7.406335899999999528e-01
7.640320699999999521e-01
7.882763400000000198e-01
7.874733800000000006e-01
7.724642600000000137e-01
7.748434199999999494e-01
7.895726400000000478e-01
8.063969100000000223e-01
8.153934499999999641e-01
7.846080800000000410e-01
7.855773900000000420e-01
7.945824799999999799e-01
8.027469999999999883e-01
7.957487899999999836e-01
7.599803400000000320e-01
7.958607100000000267e-01
7.941999800000000276e-01
7.735330599999999945e-01
7.821934400000000176e-01
8.089501399999999842e-01
7.974605900000000247e-01
8.215190599999999677e-01
8.236639199999999938e-01
