4.665276099999999815e-01
5.439436199999999610e-01
5.771140500000000451e-01
6.643503299999999889e-01
7.221468399999999566e-01
7.283460000000000489e-01
7.599115499999999912e-01
7.579062600000000538e-01
7.824850100000000364e-01
8.064243399999999617e-01
8.088527199999999695e-01
8.414561699999999478e-01
8.228847500000000537e-01
8.517788699999999658e-01
8.948466800000000054e-01
8.827955299999999950e-01
8.656097699999999451e-01
8.907263699999999895e-01
8.951214400000000460e-01
8.854545900000000413e-01
9.172552699999999559e-01
9.436404299999999745e-01
9.537629300000000088e-01
9.698705600000000482e-01
9.406283199999999622e-01
9.285660399999999814e-01
9.905297400000000474e-01
9.560983100000000068e-01
1.004559900000000061e+00
9.884646400000000055e-01
1.001257599999999970e+00
9.752342400000000300e-01
1.010360399999999936e+00
1.016883999999999899e+00
1.008825899999999942e+00
1.010241299999999898e+00
1.025831200000000054e+00
1.019849000000000006e+00
1.025372699999999915e+00
1.015719000000000038e+00
1.009879500000000041e+00
1.017157899999999948e+00
1.030075800000000097e+00
1.032523800000000103e+00
1.003073600000000010e+00
1.002081800000000023e+00
1.018512300000000037e+00
1.016843200000000058e+00
1.033992400000000034e+00
1.024661100000000102e+00
1.044777400000000078e+00
1.059662600000000010e+00
1.053148999999999891e+00
1.013779699999999950e+00
9.851358500000000351e-01
1.009644599999999892e+00
1.036289900000000097e+00
1.020133200000000073e+00
1.034291300000000025e+00
1.023668199999999917e+00
1.020943699999999899e+00
1.015549199999999930e+00
9.893278500000000086e-01
9.978959099999999971e-01
9.892707200000000478e-01
9.509583799999999920e-01
9.434298399999999640e-01
9.750628700000000260e-01
9.640402399999999927e-01
9.463376300000000407e-01
9.282816600000000085e-01
6.940619900000000175e-01
4.352718899999999946e-01
2.254667399999999988e-01
6.551372199999999646e-02
-6.587104100000000517e-02
-1.943634300000000037e-01
-3.305594600000000272e-01
-4.401867600000000103e-01
-5.504315300000000022e-01
-6.330277500000000002e-01
-6.699530999999999681e-01
-7.135521999999999698e-01
-8.015252800000000066e-01
-8.386586000000000318e-01
-8.606431599999999627e-01
-8.943655099999999747e-01
-9.579975099999999966e-01
-9.939407300000000500e-01
-9.981711699999999965e-01
-7.170001000000000291e-01
-4.241801299999999886e-01
-1.960069999999999868e-01
-2.256114500000000120e-02
2.182429399999999964e-01
2.797750800000000093e-01
3.809025300000000169e-01
4.788069400000000142e-01
5.908203199999999544e-01
6.309432200000000268e-01
6.714984999999999982e-01
6.983835800000000038e-01
7.392997599999999725e-01
7.838864800000000521e-01
7.683698599999999601e-01
8.108048300000000319e-01
7.697640100000000540e-01
7.797150900000000551e-01
8.036381099999999611e-01
7.689335099999999867e-01
7.805244999999999544e-01
7.780261400000000327e-01
8.001301800000000242e-01
8.221930800000000206e-01
8.268719599999999614e-01
8.332824399999999576e-01
8.228590099999999463e-01
8.560683599999999727e-01
8.505770900000000356e-01
8.617406699999999864e-01
8.533365099999999925e-01
8.925788399999999845e-01
8.797192999999999818e-01
8.511145900000000042e-01
8.634939099999999756e-01
8.507511100000000326e-01
8.655840500000000493e-01
8.338797100000000517e-01
8.774403800000000198e-01
8.827588600000000341e-01
9.022915599999999925e-01
9.318772600000000406e-01
8.987809900000000018e-01
9.101200099999999793e-01
9.461743999999999710e-01
9.461386800000000097e-01
9.092703100000000260e-01
8.826265599999999489e-01
9.196374299999999780e-01
9.014688899999999672e-01
8.829847400000000457e-01
8.833382699999999810e-01
8.959916300000000389e-01
8.969561999999999813e-01
9.145685700000000251e-01
9.025591600000000270e-01
9.382757400000000247e-01
9.203091899999999992e-01
9.207157000000000258e-01
9.251483900000000427e-01
9.401850699999999561e-01
9.128206100000000323e-01
9.305303499999999506e-01
9.103172499999999667e-01
8.943450800000000145e-01
8.988477999999999746e-01
8.854403899999999661e-01
8.586838799999999550e-01
8.671894900000000073e-01
8.502446200000000065e-01
8.616463300000000158e-01
8.609898200000000168e-01
8.573710500000000234e-01
8.577424700000000346e-01
8.365261099999999894e-01
8.323843399999999448e-01
8.161588300000000018e-01
8.313242199999999471e-01
7.973035699999999615e-01
7.047684600000000410e-01
3.894722800000000040e-01
2.089856300000000056e-01
-4.616973600000000115e-03
-1.554421699999999906e-01
-3.070296299999999978e-01
-4.411206200000000188e-01
-5.003675400000000550e-01
-5.952688900000000505e-01
-6.188678100000000182e-01
-6.990646200000000254e-01
-7.664446900000000396e-01
-8.483039300000000393e-01
-9.070336399999999744e-01
-9.277052099999999468e-01
-9.497411199999999942e-01
-1.006375900000000101e+00
-1.021757400000000038e+00
-1.041115599999999919e+00
-8.738053000000000070e-01
-5.506001400000000157e-01
-2.579722500000000140e-01
-2.750363100000000061e-02
1.896338700000000099e-01
2.735204099999999916e-01
4.124440999999999802e-01
4.895163200000000048e-01
6.015118400000000198e-01
6.351944600000000163e-01
6.853620799999999846e-01
7.082533100000000248e-01
7.058141199999999893e-01
7.655049000000000436e-01
7.853701299999999996e-01
7.641305600000000142e-01
7.697987499999999761e-01
7.843594200000000294e-01
7.926279400000000308e-01
8.057575200000000049e-01
8.538793399999999867e-01
8.922527000000000097e-01
8.932533599999999963e-01
9.051660099999999654e-01
8.925228200000000500e-01
8.880970799999999832e-01
9.001627700000000010e-01
9.329203400000000146e-01
9.298491199999999735e-01
9.805498400000000059e-01
9.668672499999999559e-01
9.893503700000000345e-01
1.026602699999999979e+00
9.878121899999999789e-01
1.020393200000000000e+00
1.018984099999999948e+00
1.019222300000000025e+00
1.060305499999999901e+00
1.071997400000000100e+00
1.054323799999999922e+00
1.074727100000000046e+00
1.045379300000000011e+00
1.028830099999999970e+00
1.032154999999999934e+00
1.039226800000000006e+00
1.034051700000000018e+00
1.042656400000000039e+00
1.039160899999999943e+00
1.036941399999999902e+00
1.050364099999999912e+00
1.060779200000000033e+00
1.035448600000000052e+00
1.016474000000000100e+00
1.031112699999999993e+00
1.051627099999999926e+00
1.045747100000000041e+00
1.044688300000000014e+00
1.032736000000000098e+00
1.031074199999999941e+00
1.010239499999999957e+00
1.035047899999999910e+00
1.047760299999999978e+00
1.046898099999999943e+00
1.080289800000000078e+00
1.041506899999999902e+00
1.028397100000000064e+00
1.043936100000000033e+00
1.042930899999999994e+00
1.060513899999999898e+00
1.074750899999999953e+00
1.078252200000000105e+00
1.049049499999999968e+00
1.032989200000000052e+00
1.046546100000000035e+00
1.021998100000000020e+00
1.046401200000000031e+00
1.011540600000000012e+00
1.004929200000000078e+00
9.556265800000000032e-01
9.470791699999999702e-01
6.885474600000000001e-01
4.535005300000000128e-01
2.668340000000000156e-01
8.208120600000000378e-02
-9.744479100000000282e-02
-1.837845999999999924e-01
-3.244921499999999792e-01
-4.160303699999999827e-01
-5.067157899999999993e-01
-6.039484099999999911e-01
-6.537883599999999573e-01
-7.237462300000000459e-01
-7.541811899999999458e-01
-8.216160399999999919e-01
-8.567606700000000020e-01
-8.709458599999999606e-01
-9.056743800000000011e-01
-9.299239299999999542e-01
-9.504797099999999777e-01
-6.433608499999999841e-01
-3.664609999999999812e-01
-1.014851699999999995e-01
1.067316700000000007e-01
2.369851699999999950e-01
3.920688500000000243e-01
4.651936400000000194e-01
5.508994099999999783e-01
6.499289999999999790e-01
6.827786700000000319e-01
7.339886300000000308e-01
7.835526400000000224e-01
8.005210200000000276e-01
8.109167499999999640e-01
8.503062500000000412e-01
8.529509600000000358e-01
8.828736400000000151e-01
8.824172099999999519e-01
8.787230400000000108e-01
8.697936600000000240e-01
8.634557800000000061e-01
8.430169699999999766e-01
8.387568899999999772e-01
8.779844199999999876e-01
8.788847899999999713e-01
8.811888599999999627e-01
9.086149999999999505e-01
9.303369400000000011e-01
9.463147800000000220e-01
9.131410699999999991e-01
9.317543000000000353e-01
9.810250999999999832e-01
9.512458200000000197e-01
9.751603100000000302e-01
9.555527499999999508e-01
9.627428500000000389e-01
9.540429700000000457e-01
9.596589399999999603e-01
9.558246700000000429e-01
9.801892700000000014e-01
9.674412799999999590e-01
9.535385800000000245e-01
9.383666400000000296e-01
9.445620900000000209e-01
9.753034299999999712e-01
9.450085999999999764e-01
9.466798100000000105e-01
9.422365999999999797e-01
9.387973299999999854e-01
9.114792200000000344e-01
9.020206899999999584e-01
8.813348800000000427e-01
8.913018299999999616e-01
8.783744300000000393e-01
8.676900199999999508e-01
8.458515100000000286e-01
8.254955899999999458e-01
8.413895000000000124e-01
8.407215099999999497e-01
8.407876800000000372e-01
8.673910299999999518e-01
8.828292300000000203e-01
8.549820299999999484e-01
8.542674399999999890e-01
8.605789299999999642e-01
8.514482100000000386e-01
8.717059799999999914e-01
8.300930399999999487e-01
8.284439900000000190e-01
8.390566200000000308e-01
8.702498800000000312e-01
8.661148699999999812e-01
8.652891099999999724e-01
8.342700400000000460e-01
8.169293100000000196e-01
7.952233100000000166e-01
7.913364400000000298e-01
7.817850200000000527e-01
7.590164200000000250e-01
6.177265899999999643e-01
4.108272000000000035e-01
1.918463099999999921e-01
7.042777800000000338e-03
-1.671632500000000132e-01
-2.861990400000000156e-01
-4.318386900000000250e-01
-5.329332500000000250e-01
-6.028288899999999506e-01
-6.753245300000000340e-01
-7.631269699999999601e-01
-8.153108700000000209e-01
-8.625500699999999465e-01
-8.960163899999999959e-01
-8.762711399999999484e-01
-9.052191800000000121e-01
-9.553300799999999704e-01
-9.869009399999999488e-01
-1.005698399999999992e+00
-8.490115400000000090e-01
-5.018803299999999856e-01
-2.045624699999999963e-01
3.734684800000000193e-02
2.609074499999999852e-01
3.426160500000000053e-01
4.749689000000000272e-01
5.605408899999999583e-01
6.853108100000000480e-01
7.481431600000000293e-01
7.886007000000000433e-01
8.169385500000000411e-01
8.265147999999999939e-01
8.210692499999999727e-01
8.167153799999999908e-01
8.285616900000000173e-01
8.620066899999999643e-01
8.618868299999999927e-01
9.146953100000000392e-01
8.976281799999999977e-01
9.000926900000000286e-01
9.266554700000000366e-01
9.428267700000000362e-01
9.640483199999999586e-01
9.654150999999999705e-01
9.797433100000000339e-01
9.957215699999999448e-01
9.797019300000000541e-01
1.002618800000000032e+00
1.012366799999999900e+00
9.996005000000000029e-01
1.038263699999999901e+00
1.009006099999999906e+00
1.002998599999999962e+00
1.005988600000000011e+00
1.060500800000000021e+00
1.060662900000000075e+00
1.062616800000000028e+00
1.076825900000000003e+00
1.092911399999999977e+00
1.088067300000000071e+00
1.095355599999999985e+00
1.078083099999999961e+00
1.051980099999999974e+00
1.058587200000000061e+00
1.055275100000000021e+00
1.043610399999999938e+00
9.746671000000000085e-01
1.001578000000000079e+00
1.043699699999999897e+00
1.052654299999999932e+00
1.010633099999999951e+00
1.011284700000000036e+00
9.875142999999999560e-01
9.900015199999999682e-01
9.956631700000000418e-01
9.767981500000000317e-01
9.961774199999999801e-01
9.838793000000000122e-01
9.957848599999999939e-01
9.966700800000000138e-01
9.900620999999999450e-01
1.001257199999999958e+00
1.006461499999999898e+00
9.964553999999999911e-01
1.002757799999999921e+00
9.833161999999999736e-01
9.720501200000000175e-01
9.869206099999999759e-01
9.680526600000000093e-01
9.511905499999999680e-01
9.481645100000000159e-01
9.274522400000000388e-01
8.868498999999999688e-01
8.862741299999999933e-01
8.670707199999999615e-01
8.700223400000000051e-01
8.119362900000000050e-01
8.222437799999999797e-01
7.866295199999999710e-01
5.406061100000000286e-01
3.007069700000000179e-01
1.059674399999999961e-01
-4.081719100000000267e-02
-2.327610300000000076e-01
-3.774633800000000150e-01
-5.142264399999999513e-01
-5.934662000000000548e-01
-6.679679099999999980e-01
-7.325431599999999710e-01
-8.228866000000000236e-01
-8.635918200000000100e-01
-8.993551199999999524e-01
-9.370176500000000352e-01
-9.635370699999999955e-01
-9.989892799999999795e-01
-1.055813600000000019e+00
-1.054750300000000029e+00
-9.684824199999999550e-01
-7.273030400000000117e-01
-4.187022799999999823e-01
-1.672227699999999928e-01
5.005494500000000346e-02
1.659424700000000086e-01
3.144460399999999822e-01
4.178868399999999816e-01
5.139738499999999544e-01
5.608041400000000065e-01
6.086622999999999895e-01
6.430601299999999521e-01
6.648143699999999878e-01
6.871299400000000501e-01
7.358132800000000140e-01
7.275414399999999837e-01
7.278725400000000123e-01
7.663195299999999710e-01
8.077045600000000158e-01
8.332453199999999560e-01
8.361635800000000174e-01
8.197930900000000021e-01
8.061224399999999957e-01
8.056346199999999680e-01
8.016736599999999546e-01
8.366911399999999999e-01
8.561431900000000539e-01
8.685592199999999652e-01
8.792734899999999909e-01
8.896262799999999915e-01
8.923221300000000467e-01
8.898759200000000424e-01
9.169042800000000160e-01
9.119903000000000315e-01
9.295926100000000414e-01
9.639343599999999901e-01
9.547963800000000001e-01
9.980306100000000402e-01
1.017164600000000085e+00
1.037092799999999926e+00
1.009212800000000021e+00
1.004042499999999949e+00
9.766848200000000091e-01
9.977820899999999549e-01
9.915325799999999967e-01
9.959202900000000414e-01
1.010353899999999916e+00
1.012283999999999962e+00
1.040613800000000033e+00
1.036402100000000104e+00
1.032804000000000055e+00
1.029242800000000013e+00
1.065334699999999968e+00
1.027953899999999976e+00
1.007883899999999944e+00
1.009259600000000034e+00
1.002310100000000093e+00
9.834831200000000440e-01
1.025913400000000086e+00
9.994437800000000038e-01
1.021191699999999924e+00
1.008292799999999989e+00
1.000430900000000012e+00
1.005532899999999952e+00
9.752100700000000399e-01
9.776701500000000156e-01
9.735882799999999726e-01
9.778604600000000424e-01
9.374915000000000331e-01
9.201267699999999827e-01
8.962340100000000254e-01
8.726444399999999657e-01
9.006576200000000476e-01
8.832883599999999946e-01
8.898818699999999637e-01
8.879430799999999957e-01
8.812868799999999947e-01
8.987363000000000435e-01
8.863262600000000324e-01
8.474989099999999942e-01
6.673805200000000326e-01
3.907265699999999953e-01
2.074921000000000126e-01
2.865353299999999839e-02
-1.417747699999999944e-01
-2.729543400000000175e-01
-4.139902400000000093e-01
-5.203316100000000555e-01
-6.055133700000000507e-01
-7.200176499999999535e-01
-7.905203499999999828e-01
-8.489861499999999950e-01
-9.023928500000000241e-01
-9.015568900000000552e-01
-9.498540199999999656e-01
-1.000813900000000034e+00
-1.042032000000000069e+00
-1.059526500000000038e+00
-1.063394600000000079e+00
-8.849622799999999900e-01
-5.880902500000000366e-01
-3.233749799999999786e-01
-7.818608500000000239e-02
1.029196099999999947e-01
1.718963400000000086e-01
3.248126499999999806e-01
3.917073699999999992e-01
5.219496300000000533e-01
5.760413800000000473e-01
6.013014199999999754e-01
6.501946400000000459e-01
6.670899700000000321e-01
6.747802299999999809e-01
7.235675999999999775e-01
6.961463300000000354e-01
7.606517499999999599e-01
7.458345600000000353e-01
7.254615899999999895e-01
7.261183199999999838e-01
7.252738100000000188e-01
7.387268500000000460e-01
7.358577899999999561e-01
7.742444600000000232e-01
7.824009699999999734e-01
8.128144400000000269e-01
8.167927499999999563e-01
8.170104700000000442e-01
8.080274499999999804e-01
7.901649299999999876e-01
7.718676199999999765e-01
7.929778100000000052e-01
8.458187200000000239e-01
8.392288300000000367e-01
9.087498299999999807e-01
8.901996800000000487e-01
8.795804900000000481e-01
9.107147599999999565e-01
9.087767799999999507e-01
8.942538700000000063e-01
9.123295300000000552e-01
9.495476999999999945e-01
9.553239100000000539e-01
9.810075099999999715e-01
9.847094800000000259e-01
9.787024199999999619e-01
9.681866199999999978e-01
9.658972900000000195e-01
9.727963200000000477e-01
9.577209500000000153e-01
9.709287699999999965e-01
9.492438600000000504e-01
9.524647000000000530e-01
9.818706099999999770e-01
9.617230399999999735e-01
9.693923300000000243e-01
9.484164999999999957e-01
9.770469299999999802e-01
9.832553899999999514e-01
9.788734999999999520e-01
9.490166500000000172e-01
9.415747500000000159e-01
9.261735800000000518e-01
9.466172999999999949e-01
9.309181300000000103e-01
9.267491300000000320e-01
9.250941900000000384e-01
9.110259800000000130e-01
9.286521500000000096e-01
9.390895900000000296e-01
9.589526000000000439e-01
9.523810799999999910e-01
9.331703099999999473e-01
9.660411700000000046e-01
9.331137200000000353e-01
9.643012199999999590e-01
9.243318099999999760e-01
9.142647099999999805e-01
6.212369100000000310e-01
4.049302799999999758e-01
2.415660699999999939e-01
8.037821600000000233e-02
-6.588332199999999417e-02
-2.041768200000000089e-01
-3.151304200000000222e-01
-4.395886199999999855e-01
-5.178601699999999530e-01
-6.107153499999999902e-01
-6.842029699999999659e-01
-7.403034499999999740e-01
-7.874520299999999695e-01
-8.247134000000000409e-01
-8.901641999999999610e-01
-9.184338199999999564e-01
-9.558152100000000262e-01
-9.725542999999999827e-01
-8.844936300000000307e-01
-5.796588299999999583e-01
-2.896102199999999738e-01
-6.048914999999999847e-02
2.024250400000000005e-01
2.808220699999999792e-01
4.201621099999999775e-01
5.213948699999999548e-01
6.287992700000000212e-01
6.897411599999999643e-01
7.292099199999999559e-01
7.638538599999999956e-01
7.959109699999999954e-01
8.116871700000000134e-01
8.294131300000000540e-01
8.371996699999999514e-01
8.214283500000000293e-01
8.140573800000000526e-01
8.024747800000000542e-01
8.200983699999999654e-01
8.427779899999999769e-01
8.528887800000000130e-01
8.346507699999999863e-01
8.404202400000000406e-01
8.331775900000000235e-01
8.231233700000000209e-01
8.424359599999999837e-01
8.879351899999999853e-01
8.385646100000000436e-01
8.318705299999999969e-01
8.527087800000000550e-01
8.653914400000000118e-01
8.655890200000000423e-01
8.529676200000000375e-01
8.806175200000000425e-01
8.694839199999999657e-01
8.696619300000000274e-01
8.897106799999999760e-01
8.986328000000000094e-01
9.190932400000000335e-01
8.943124199999999968e-01
8.874334699999999465e-01
9.184507699999999719e-01
9.279992900000000322e-01
9.371690999999999772e-01
9.191683999999999966e-01
9.326488699999999632e-01
9.209429399999999877e-01
9.028063600000000299e-01
8.979791499999999482e-01
8.586702400000000290e-01
8.592109300000000394e-01
8.733727999999999492e-01
8.554488300000000489e-01
7.997472599999999598e-01
8.190138200000000035e-01
8.226027099999999592e-01
8.195055100000000481e-01
7.841880100000000464e-01
8.122941599999999873e-01
7.804365100000000277e-01
7.786966499999999902e-01
7.594987600000000505e-01
7.548181099999999866e-01
7.184215400000000251e-01
7.300665800000000205e-01
6.925917499999999505e-01
7.085297600000000084e-01
7.145684700000000111e-01
7.731185400000000207e-01
7.594663200000000280e-01
7.334429500000000379e-01
7.255385399999999541e-01
7.218961099999999798e-01
7.276416300000000392e-01
7.271403400000000516e-01
7.544811099999999549e-01
7.710744499999999668e-01
7.438686399999999699e-01
7.372155200000000130e-01
5.843638599999999572e-01
3.242686699999999811e-01
1.136477899999999985e-01
-9.222529899999999670e-02
-2.404356599999999955e-01
-3.801349600000000217e-01
-4.565572900000000045e-01
-5.459074299999999713e-01
-6.491576700000000200e-01
-7.514796900000000335e-01
-7.895865499999999981e-01
-8.579567799999999744e-01
-8.746486599999999667e-01
-9.449583200000000183e-01
-9.619406799999999924e-01
-1.006812500000000110e+00
-1.031265000000000098e+00
-1.079897700000000071e+00
-1.039428699999999983e+00
-8.400111900000000187e-01
-5.301663899999999874e-01
-2.494766200000000100e-01
-1.278778000000000033e-02
9.032974800000000137e-02
2.632391099999999984e-01
4.030396800000000113e-01
4.847892500000000049e-01
5.804641099999999776e-01
6.314874400000000110e-01
6.779331800000000241e-01
7.083433399999999880e-01
7.570239100000000221e-01
7.492729599999999879e-01
7.659294899999999906e-01
8.064350099999999522e-01
8.541927200000000164e-01
8.194441199999999981e-01
8.520425600000000044e-01
8.730597599999999625e-01
8.565935399999999866e-01
8.487533499999999620e-01
8.490421700000000405e-01
8.844577500000000425e-01
8.813000500000000015e-01
9.148444599999999705e-01
9.259082499999999882e-01
9.084028899999999629e-01
8.911176899999999623e-01
8.673601499999999964e-01
8.983512299999999451e-01
8.652905199999999519e-01
8.685659700000000205e-01
9.080441799999999786e-01
9.008646500000000445e-01
9.215835900000000080e-01
9.239057000000000519e-01
9.209148900000000415e-01
9.410781400000000074e-01
9.548791100000000309e-01
9.768822900000000420e-01
9.869198300000000534e-01
1.021210100000000010e+00
1.003725200000000095e+00
9.589017399999999469e-01
9.840002799999999494e-01
9.590709099999999987e-01
9.530888100000000085e-01
9.524151899999999671e-01
9.726507399999999581e-01
9.579630799999999669e-01
9.574817599999999596e-01
9.755251200000000233e-01
9.756270799999999799e-01
9.528872600000000137e-01
9.701272100000000176e-01
9.386810500000000168e-01
9.392952500000000260e-01
9.352656799999999881e-01
9.514701399999999643e-01
9.217181899999999928e-01
8.840623899999999757e-01
8.960826600000000308e-01
9.085125099999999954e-01
9.229076800000000080e-01
9.279772400000000365e-01
9.156241400000000308e-01
9.111650100000000529e-01
9.384946800000000255e-01
9.596212699999999707e-01
9.290396800000000344e-01
9.382802799999999666e-01
9.175626000000000060e-01
9.148303500000000144e-01
9.087957500000000133e-01
9.236738599999999577e-01
8.929546400000000217e-01
8.596668899999999613e-01
9.080039199999999644e-01
8.413133999999999890e-01
5.005687100000000278e-01
2.895452700000000212e-01
1.570632499999999876e-01
1.468550199999999958e-03
-1.435628700000000091e-01
-2.326112999999999931e-01
-3.655259100000000094e-01
-4.827136899999999731e-01
-5.416723300000000352e-01
-6.324633600000000300e-01
-7.093697300000000316e-01
-7.901733699999999860e-01
-8.577392400000000139e-01
-8.957545799999999669e-01
-9.389508500000000035e-01
-9.576473300000000188e-01
-9.748679399999999884e-01
-9.861624300000000343e-01
-8.726803699999999830e-01
-5.926848099999999508e-01
-3.140986599999999740e-01
-6.253717000000000303e-02
1.562272000000000105e-01
2.492222699999999957e-01
4.010780999999999930e-01
4.977737600000000096e-01
6.181407500000000166e-01
6.888453700000000124e-01
7.293749499999999664e-01
7.560968900000000215e-01
7.862331399999999970e-01
8.542028400000000188e-01
8.739164900000000458e-01
8.647424999999999695e-01
8.715238699999999783e-01
8.790029000000000314e-01
9.216574499999999892e-01
8.878063099999999874e-01
8.983728199999999608e-01
8.960816200000000231e-01
8.748106700000000124e-01
8.913049699999999742e-01
8.918684500000000348e-01
8.935365600000000352e-01
8.955397999999999969e-01
8.882370499999999724e-01
8.910816200000000187e-01
9.000924599999999831e-01
9.161582099999999729e-01
9.124375700000000311e-01
9.454067699999999519e-01
9.324430099999999610e-01
9.222817700000000007e-01
9.213405599999999751e-01
9.285137999999999447e-01
9.178580899999999598e-01
9.130665199999999926e-01
9.097642400000000018e-01
9.182002000000000219e-01
9.134214400000000289e-01
9.276809799999999884e-01
9.353077800000000330e-01
9.413896699999999562e-01
9.466149999999999842e-01
9.414388099999999593e-01
9.408513299999999857e-01
9.215598699999999477e-01
9.094578700000000016e-01
9.235094900000000440e-01
9.258502800000000255e-01
9.585428900000000363e-01
9.740449500000000205e-01
9.528495900000000240e-01
9.656546400000000085e-01
9.306714900000000457e-01
9.395630999999999844e-01
9.525617600000000351e-01
9.450891599999999837e-01
9.445462599999999709e-01
9.541142000000000234e-01
9.463268000000000235e-01
9.490446299999999447e-01
9.627187299999999670e-01
9.558919999999999639e-01
9.582048899999999758e-01
9.743495300000000192e-01
9.739491799999999699e-01
9.793054199999999820e-01
9.847135299999999480e-01
9.601725300000000241e-01
9.501258900000000285e-01
9.651091600000000215e-01
9.606029900000000454e-01
9.692807900000000032e-01
9.782383700000000237e-01
9.823031800000000535e-01
9.698992899999999695e-01
9.271722700000000206e-01
7.545554799999999451e-01
4.732646899999999879e-01
2.842856699999999903e-01
1.080977800000000044e-01
-4.111855100000000318e-02
-1.448917500000000136e-01
-2.291504900000000122e-01
-3.310668999999999973e-01
-4.557069799999999837e-01
-5.121569799999999839e-01
-5.820565699999999953e-01
-6.387822800000000356e-01
-6.949791100000000110e-01
-7.430028100000000135e-01
-7.982027900000000509e-01
-8.223163999999999474e-01
-8.751347900000000513e-01
-9.011565499999999451e-01
-9.186440399999999951e-01
-6.780989200000000494e-01
-3.686704299999999934e-01
-1.388633099999999898e-01
5.454586399999999946e-02
1.799082599999999865e-01
3.040065100000000076e-01
4.277955900000000034e-01
5.693962000000000190e-01
6.399174300000000093e-01
6.974052600000000268e-01
7.466700299999999846e-01
7.600879999999999859e-01
7.867526000000000241e-01
7.931008000000000502e-01
8.186424199999999818e-01
8.466522600000000454e-01
8.572933400000000148e-01
8.772091499999999931e-01
8.982432399999999983e-01
9.096500499999999878e-01
8.849502299999999488e-01
9.008127299999999504e-01
9.307403400000000548e-01
9.195171199999999656e-01
9.592485099999999987e-01
9.527332400000000368e-01
9.338750700000000293e-01
9.419491700000000023e-01
9.277828700000000373e-01
9.417899699999999763e-01
9.383463199999999560e-01
9.597913000000000139e-01
9.751525100000000279e-01
9.802176900000000304e-01
9.975888800000000112e-01
1.013799499999999965e+00
1.010276799999999975e+00
1.013799700000000081e+00
1.018279500000000004e+00
1.031292700000000062e+00
1.033900999999999959e+00
1.035104299999999977e+00
1.012355499999999964e+00
1.032060399999999989e+00
1.016736499999999932e+00
1.030022200000000110e+00
1.065395099999999928e+00
1.042904000000000053e+00
1.082276299999999969e+00
1.071219099999999980e+00
1.092381300000000000e+00
1.099496000000000029e+00
1.099405699999999930e+00
1.127512700000000034e+00
1.166848600000000014e+00
1.175911900000000010e+00
1.160781999999999980e+00
1.155760300000000074e+00
1.145338200000000084e+00
1.174569100000000033e+00
1.136566699999999930e+00
1.147348599999999941e+00
1.144520299999999935e+00
1.135845299999999947e+00
1.125741000000000103e+00
1.110798399999999964e+00
1.105969699999999944e+00
1.103790800000000072e+00
1.072574099999999975e+00
1.065771500000000094e+00
1.070068000000000019e+00
1.054985999999999979e+00
1.063907200000000053e+00
1.030818000000000012e+00
1.023971299999999918e+00
1.026541099999999984e+00
9.898209999999999509e-01
9.988198600000000038e-01
1.015251799999999927e+00
9.262451900000000515e-01
6.502315800000000312e-01
4.471825600000000067e-01
2.633751799999999865e-01
8.369429800000000030e-02
-7.125544799999999901e-02
-2.008287500000000003e-01
-3.086159800000000120e-01
-3.903272700000000039e-01
-4.732851900000000223e-01
-5.439973900000000251e-01
-6.040966800000000525e-01
-6.635533799999999705e-01
-7.387170699999999757e-01
-7.668423199999999662e-01
-8.254219499999999599e-01
-8.447946100000000014e-01
-9.122835999999999723e-01
-9.341282800000000330e-01
-8.208441400000000554e-01
-5.343539099999999875e-01
-2.163518000000000108e-01
7.423810200000000373e-03
2.299153499999999906e-01
2.932609999999999939e-01
4.206452600000000208e-01
5.119168200000000502e-01
6.265336000000000238e-01
6.756327699999999936e-01
7.334847799999999474e-01
7.705716500000000524e-01
7.879698000000000535e-01
8.401512700000000056e-01
8.531271900000000352e-01
8.825195399999999912e-01
9.115044799999999503e-01
9.274055300000000335e-01
9.331651100000000199e-01
9.295555100000000293e-01
9.136086799999999508e-01
9.018979499999999483e-01
8.950387499999999941e-01
8.923261200000000004e-01
9.243119300000000038e-01
9.104867899999999903e-01
8.873277999999999999e-01
9.373215099999999689e-01
9.004689500000000457e-01
9.468022499999999564e-01
9.493095000000000283e-01
9.438039200000000184e-01
9.352869099999999714e-01
9.167380800000000107e-01
9.506916499999999992e-01
9.535217299999999563e-01
9.871228199999999564e-01
9.882236199999999693e-01
9.894840299999999589e-01
9.898214699999999810e-01
1.005235700000000065e+00
1.022021400000000080e+00
1.039380600000000099e+00
9.938502500000000461e-01
1.001783599999999996e+00
1.032320799999999927e+00
1.026518700000000006e+00
1.058535400000000015e+00
1.058265000000000011e+00
1.049452899999999911e+00
1.073204899999999906e+00
1.036907400000000035e+00
1.027774200000000082e+00
1.039976500000000081e+00
1.051378499999999994e+00
1.026210199999999961e+00
1.048688599999999971e+00
1.019119700000000073e+00
1.008610500000000076e+00
9.911496699999999827e-01
1.013904799999999939e+00
9.768784099999999748e-01
9.819621800000000178e-01
9.656420000000000003e-01
9.706294399999999545e-01
9.780478700000000414e-01
9.361586499999999811e-01
9.178511900000000390e-01
9.002850700000000206e-01
9.435987900000000206e-01
9.358738800000000468e-01
9.541336799999999840e-01
9.791836200000000323e-01
9.583655199999999708e-01
9.439669899999999503e-01
9.641295300000000124e-01
9.525728700000000160e-01
9.278375500000000109e-01
9.347803599999999768e-01
9.426808599999999538e-01
6.893343600000000349e-01
4.037346399999999780e-01
2.548105099999999901e-01
6.747931899999999594e-02
-7.200094199999999833e-02
-1.791307299999999880e-01
-3.033559800000000251e-01
-4.028999999999999804e-01
-4.846474000000000060e-01
-5.454346500000000209e-01
-6.200400999999999829e-01
-7.125565000000000371e-01
-7.607979799999999848e-01
-8.416550099999999812e-01
-8.425856200000000351e-01
-9.019660699999999531e-01
-9.220576700000000514e-01
-9.592428899999999592e-01
-9.894690400000000219e-01
-7.304912700000000259e-01
-4.067910399999999926e-01
-1.444310799999999895e-01
1.113550799999999952e-01
3.020783599999999902e-01
3.660141700000000275e-01
4.624052200000000057e-01
5.556649099999999564e-01
6.440534900000000063e-01
6.847535700000000336e-01
7.200296499999999655e-01
7.601743300000000092e-01
7.906202399999999741e-01
8.458532199999999612e-01
8.136069500000000509e-01
8.297810700000000095e-01
8.592176599999999942e-01
8.671839199999999970e-01
8.565278499999999795e-01
8.679410600000000420e-01
8.838040499999999522e-01
8.648545199999999600e-01
8.850022100000000114e-01
8.750801000000000274e-01
8.826879600000000492e-01
9.110667000000000071e-01
9.129787600000000003e-01
9.081651099999999976e-01
9.368306199999999473e-01
9.564409000000000383e-01
9.460144999999999804e-01
9.761623799999999962e-01
9.646166900000000544e-01
9.792325499999999794e-01
9.550668900000000017e-01
9.553798799999999591e-01
9.636465800000000304e-01
9.571451199999999604e-01
9.629591800000000257e-01
9.578001000000000431e-01
9.642931099999999534e-01
9.501650999999999847e-01
9.390474800000000455e-01
9.907994599999999652e-01
9.435754699999999717e-01
9.483943999999999708e-01
9.372049000000000074e-01
9.306659699999999535e-01
9.344702099999999678e-01
8.915262699999999541e-01
9.120199500000000237e-01
8.902929000000000537e-01
9.093715300000000390e-01
9.069612500000000521e-01
9.217621999999999760e-01
9.253625199999999662e-01
9.097399999999999931e-01
8.901578500000000282e-01
9.346338600000000385e-01
9.086009699999999523e-01
8.892087800000000319e-01
8.751418300000000094e-01
8.799629599999999607e-01
8.592817200000000266e-01
8.078035500000000368e-01
8.254677799999999843e-01
8.258827399999999486e-01
7.826839300000000277e-01
7.560903199999999824e-01
7.856309299999999496e-01
7.539480299999999913e-01
7.758849199999999779e-01
7.577278200000000519e-01
7.627386299999999730e-01
7.961955299999999847e-01
7.768391700000000233e-01
7.471674699999999447e-01
7.302934899999999896e-01
7.444010699999999980e-01
5.793338399999999888e-01
3.347303799999999940e-01
1.762875299999999978e-01
-3.714147799999999860e-02
-2.265404799999999885e-01
-3.485425300000000171e-01
-4.779408900000000071e-01
-5.654551799999999462e-01
-6.513327100000000369e-01
-7.319595800000000541e-01
-8.137128599999999823e-01
-8.869333799999999934e-01
-9.541768800000000050e-01
-9.758017399999999730e-01
-1.026630799999999955e+00
-1.047502200000000050e+00
-1.069192600000000049e+00
-1.072212600000000071e+00
-1.110180600000000073e+00
-9.957007599999999625e-01
-6.783869300000000546e-01
-3.838476399999999900e-01
-1.151112600000000069e-01
1.123114199999999951e-01
1.605493699999999968e-01
2.877674599999999749e-01
3.612002799999999847e-01
4.773863400000000201e-01
5.023398500000000322e-01
5.858550500000000438e-01
5.808522799999999986e-01
6.288030399999999798e-01
7.006306100000000425e-01
6.891989699999999663e-01
7.299069200000000146e-01
7.746787499999999715e-01
8.052391899999999936e-01
7.873335099999999587e-01
8.045659099999999953e-01
8.793947399999999526e-01
8.802971800000000124e-01
8.932136499999999701e-01
8.684753899999999582e-01
8.927829699999999535e-01
8.588240999999999792e-01
8.766970400000000385e-01
8.630440999999999807e-01
8.435022599999999482e-01
8.572610999999999981e-01
8.591323100000000101e-01
8.901580900000000129e-01
8.825078400000000434e-01
8.919304500000000413e-01
8.864319000000000504e-01
9.251553000000000138e-01
9.189556199999999730e-01
9.567351200000000500e-01
9.651344600000000273e-01
9.269090800000000518e-01
9.518853499999999634e-01
9.259785400000000166e-01
9.370414200000000138e-01
9.605635099999999538e-01
9.728775400000000406e-01
9.438062600000000080e-01
9.517662199999999961e-01
9.512329899999999450e-01
9.562655199999999800e-01
9.732350600000000407e-01
9.398307799999999768e-01
9.500732899999999592e-01
9.717436299999999694e-01
9.505042900000000294e-01
9.674281999999999604e-01
9.323369299999999527e-01
9.421950500000000339e-01
9.706500799999999707e-01
9.563841499999999884e-01
9.583963899999999869e-01
9.671509200000000250e-01
9.489792700000000414e-01
9.574919100000000016e-01
9.683548699999999787e-01
9.261674500000000032e-01
9.592577199999999804e-01
9.172298599999999524e-01
9.194953399999999943e-01
9.032934200000000136e-01
8.937895200000000040e-01
8.989459800000000333e-01
8.743215500000000029e-01
8.450225599999999782e-01
8.591365100000000199e-01
8.814535599999999693e-01
8.754776199999999564e-01
8.751434900000000239e-01
9.039541199999999721e-01
8.747346400000000077e-01
8.534748199999999674e-01
6.167550800000000111e-01
3.851948199999999933e-01
1.875765799999999928e-01
5.618923599999999831e-03
-1.503864400000000101e-01
-2.810856299999999752e-01
-4.171331899999999870e-01
-5.265904099999999532e-01
-6.258610000000000007e-01
-6.806807499999999456e-01
-7.194497199999999593e-01
-7.726063600000000475e-01
-8.236039000000000554e-01
-8.310340400000000294e-01
-9.052928900000000167e-01
-9.212120299999999595e-01
-9.623956200000000072e-01
-9.911747100000000144e-01
-1.002299599999999957e+00
-7.054789999999999672e-01
-3.742188699999999812e-01
-9.878649000000000457e-02
1.159876499999999977e-01
2.997848799999999758e-01
3.799927499999999903e-01
4.997118799999999972e-01
5.951553499999999719e-01
6.948537500000000477e-01
7.181132799999999650e-01
7.671776200000000046e-01
8.099071500000000201e-01
8.293667799999999701e-01
8.579834299999999914e-01
8.783476199999999956e-01
8.811762499999999942e-01
9.042311699999999730e-01
9.355536100000000355e-01
9.457540700000000022e-01
9.498434999999999517e-01
9.452627700000000299e-01
9.394899300000000286e-01
9.548760899999999552e-01
9.694244100000000142e-01
9.257763500000000256e-01
9.357697600000000060e-01
9.098779200000000067e-01
9.188329600000000319e-01
9.045817800000000020e-01
9.151086499999999679e-01
9.446627499999999955e-01
9.449510599999999538e-01
9.783925199999999878e-01
9.844322199999999690e-01
9.924047099999999677e-01
9.989479900000000079e-01
1.016046699999999969e+00
1.053889499999999924e+00
1.055561100000000030e+00
1.101300600000000074e+00
1.093967899999999993e+00
1.051318900000000056e+00
1.065346200000000021e+00
1.053933299999999962e+00
1.030138100000000057e+00
1.015659799999999890e+00
1.000154200000000104e+00
1.026203999999999894e+00
1.038420899999999980e+00
9.906399299999999464e-01
9.787138699999999858e-01
9.536195400000000433e-01
9.897148199999999951e-01
9.613064300000000451e-01
9.749903399999999554e-01
9.659113000000000282e-01
9.555350999999999706e-01
9.516178699999999768e-01
9.487846199999999675e-01
9.815277900000000111e-01
9.465915000000000301e-01
9.266563799999999462e-01
9.067680900000000266e-01
9.187743000000000437e-01
9.136354599999999548e-01
9.320112799999999975e-01
8.832249500000000086e-01
8.872379900000000319e-01
8.815385399999999816e-01
8.638876699999999964e-01
8.548412499999999969e-01
8.773712700000000364e-01
8.876401099999999822e-01
9.002101799999999709e-01
9.139201599999999814e-01
9.345472500000000515e-01
8.974223599999999745e-01
9.331004699999999596e-01
7.649333699999999459e-01
4.946005399999999774e-01
3.089850499999999833e-01
1.094292500000000057e-01
-2.116663900000000098e-02
-1.813562700000000139e-01
-2.885605299999999818e-01
-4.094613400000000070e-01
-4.775059099999999779e-01
-5.686313499999999799e-01
-6.600704499999999753e-01
-7.079027799999999537e-01
-7.871708400000000383e-01
-8.069252500000000383e-01
-7.907843900000000037e-01
-8.617711300000000518e-01
-8.763048700000000135e-01
-9.124074899999999877e-01
-9.199714300000000344e-01
-7.330879000000000145e-01
-3.848564500000000166e-01
-1.116464100000000015e-01
1.427779399999999921e-01
3.453353499999999854e-01
4.144107300000000049e-01
5.592364699999999855e-01
6.568034900000000453e-01
7.485528999999999655e-01
8.105503299999999856e-01
8.755917500000000020e-01
9.342979599999999829e-01
9.411420600000000025e-01
9.894975499999999480e-01
1.027354700000000065e+00
1.024458799999999892e+00
1.059771000000000019e+00
1.070703200000000077e+00
1.085191199999999911e+00
1.078765500000000044e+00
1.130544400000000005e+00
1.116080600000000089e+00
1.143051700000000004e+00
1.155964200000000108e+00
1.150545799999999952e+00
1.120112699999999961e+00
1.133858899999999892e+00
1.116096399999999988e+00
1.119093399999999905e+00
1.137028099999999986e+00
1.147211500000000051e+00
1.179543699999999973e+00
1.174452199999999946e+00
1.173057000000000016e+00
1.166237699999999933e+00
1.192018299999999975e+00
1.172898900000000078e+00
1.185752799999999940e+00
1.182018000000000013e+00
1.198815900000000045e+00
1.146808499999999897e+00
1.151722600000000041e+00
1.167840699999999954e+00
1.135981300000000083e+00
1.142512900000000053e+00
1.120411700000000010e+00
1.086222299999999974e+00
1.088827299999999942e+00
1.090699800000000108e+00
1.069714999999999971e+00
1.074656599999999962e+00
1.082097199999999981e+00
1.050618199999999947e+00
1.019216300000000075e+00
1.043862099999999904e+00
1.043871400000000005e+00
1.059486399999999939e+00
1.025547399999999998e+00
1.012513900000000078e+00
9.912562999999999791e-01
9.937341899999999617e-01
9.812473999999999918e-01
9.586219799999999847e-01
9.598317800000000233e-01
9.167693000000000092e-01
8.859658700000000442e-01
8.693459799999999627e-01
8.474729600000000529e-01
8.395057200000000108e-01
8.164495600000000186e-01
8.347533099999999706e-01
8.071108099999999563e-01
8.058074699999999702e-01
8.245481300000000457e-01
8.409686899999999632e-01
7.909275700000000242e-01
7.960645899999999608e-01
7.760426200000000163e-01
7.955342600000000486e-01
8.118927500000000519e-01
5.460589799999999716e-01
3.244873300000000182e-01
1.032589599999999969e-01
-5.968386800000000103e-02
-2.505990900000000243e-01
-3.585323699999999891e-01
-4.871024099999999857e-01
-5.728139799999999449e-01
-6.954622999999999777e-01
-7.726267100000000498e-01
-8.336058400000000423e-01
-8.888089000000000128e-01
-9.126447199999999649e-01
-9.461858100000000160e-01
-9.578420399999999502e-01
-1.020621299999999954e+00
-1.048749900000000013e+00
-1.088463399999999970e+00
-1.077099100000000087e+00
-7.718594199999999628e-01
-4.786621500000000085e-01
-2.456681500000000018e-01
-6.052867200000000038e-03
1.461236800000000058e-01
1.955930800000000025e-01
3.021800399999999831e-01
3.918949500000000197e-01
4.700868799999999847e-01
5.420021900000000503e-01
5.895514099999999980e-01
6.451288299999999865e-01
6.968215800000000515e-01
7.022240600000000388e-01
7.375638700000000103e-01
7.114909000000000372e-01
7.272690200000000438e-01
7.686586300000000094e-01
7.864585699999999679e-01
8.044677700000000264e-01
7.911088800000000143e-01
7.785641399999999601e-01
7.915431899999999521e-01
8.406860999999999917e-01
8.307837700000000325e-01
8.454024700000000170e-01
8.719649900000000509e-01
8.635914599999999774e-01
8.867440300000000164e-01
8.540926199999999691e-01
8.380634399999999928e-01
8.069973599999999969e-01
7.992581800000000403e-01
7.875512799999999647e-01
7.898188099999999823e-01
7.889879100000000145e-01
8.575782100000000074e-01
8.389669600000000393e-01
8.591741999999999990e-01
8.765446000000000071e-01
9.028198699999999688e-01
9.171711900000000250e-01
8.831977699999999931e-01
9.090215799999999957e-01
8.817104900000000134e-01
8.789961499999999761e-01
8.345012400000000330e-01
8.516325599999999829e-01
8.735427000000000053e-01
9.124530699999999772e-01
9.055896700000000132e-01
9.107785900000000545e-01
9.280192800000000020e-01
9.410334700000000385e-01
9.490159999999999707e-01
9.602660299999999927e-01
9.593854800000000127e-01
9.549344100000000113e-01
9.782277499999999515e-01
9.735941599999999863e-01
9.492597999999999869e-01
9.286927000000000376e-01
9.177779799999999932e-01
9.180068000000000117e-01
9.003455799999999787e-01
8.906526500000000457e-01
8.974748099999999562e-01
8.719533200000000317e-01
8.552836400000000117e-01
8.379081699999999522e-01
8.316581100000000060e-01
8.454942899999999817e-01
8.549521700000000113e-01
8.272885599999999506e-01
7.827575700000000136e-01
7.738303600000000504e-01
7.473869199999999546e-01
7.741373400000000071e-01
7.684115500000000543e-01
5.860480000000000134e-01
3.406563599999999914e-01
1.649917300000000031e-01
-2.537872299999999887e-02
-1.606143299999999996e-01
-2.905481500000000050e-01
-4.027433500000000000e-01
-5.000439100000000359e-01
-6.159550200000000197e-01
-6.744482099999999924e-01
-7.875518200000000135e-01
-8.465744800000000181e-01
-8.908616599999999996e-01
-9.417047100000000004e-01
-9.671337399999999640e-01
-1.004472000000000032e+00
-1.040963599999999989e+00
-1.074535199999999913e+00
-1.067487499999999923e+00
-9.054340800000000300e-01
-5.712619599999999576e-01
-3.512694199999999989e-01
-1.234832899999999956e-01
6.604081800000000113e-02
1.479684800000000133e-01
2.585743400000000136e-01
3.334234200000000259e-01
4.208254100000000109e-01
4.900889199999999835e-01
5.262653999999999943e-01
6.019670799999999877e-01
6.219604800000000377e-01
6.260117099999999990e-01
6.239187000000000483e-01
6.742182599999999582e-01
6.602247999999999450e-01
6.849025499999999989e-01
6.907735200000000297e-01
6.998535799999999751e-01
7.055018100000000070e-01
6.963593200000000039e-01
7.197664099999999676e-01
7.393699799999999822e-01
7.692371300000000467e-01
7.648527299999999807e-01
7.558403299999999492e-01
8.041874900000000048e-01
8.085641900000000160e-01
8.284855300000000256e-01
8.284711700000000345e-01
8.456271899999999730e-01
8.848703799999999564e-01
8.851202099999999628e-01
8.940452500000000136e-01
8.741217999999999488e-01
8.684514399999999634e-01
8.638705500000000148e-01
8.749550699999999459e-01
9.124430599999999725e-01
9.112712400000000379e-01
9.032548700000000430e-01
9.261719499999999661e-01
9.180639600000000122e-01
8.963332899999999492e-01
9.239602099999999485e-01
9.186691700000000349e-01
9.072524899999999670e-01
9.552148200000000200e-01
9.520778500000000033e-01
9.246129899999999679e-01
9.220972800000000191e-01
9.134664799999999696e-01
9.377170400000000017e-01
9.329501999999999517e-01
9.648348100000000427e-01
9.516399399999999620e-01
9.752068299999999690e-01
9.771394899999999994e-01
9.858017999999999503e-01
9.751254799999999889e-01
9.894175600000000292e-01
9.958834899999999823e-01
9.611597200000000507e-01
9.849803599999999992e-01
9.960996699999999926e-01
1.003189200000000003e+00
9.725643499999999664e-01
9.411002200000000428e-01
9.414833000000000229e-01
9.688068499999999972e-01
9.488016999999999701e-01
9.454238000000000364e-01
9.674087300000000500e-01
9.377296400000000309e-01
9.310638100000000472e-01
9.099294599999999678e-01
8.925741099999999761e-01
8.631038300000000163e-01
8.264777399999999608e-01
5.288041999999999465e-01
2.828747300000000187e-01
1.104716300000000012e-01
-7.077297000000000449e-02
-2.546097099999999891e-01
-3.590645000000000087e-01
-4.633673799999999954e-01
-5.385708200000000057e-01
-6.272974000000000050e-01
-7.164626899999999576e-01
-7.825641199999999742e-01
-8.252269399999999644e-01
-8.832473800000000264e-01
-9.559142900000000553e-01
-9.849171599999999582e-01
-9.748206000000000371e-01
-9.832832299999999526e-01
-1.006595399999999918e+00
-1.020575800000000033e+00
-7.432143399999999733e-01
-4.337206800000000251e-01
-1.715751500000000096e-01
4.706827899999999759e-02
1.558570499999999970e-01
2.964556999999999887e-01
3.961064699999999883e-01
4.778253700000000270e-01
5.608215300000000125e-01
5.831059400000000448e-01
6.107905000000000140e-01
6.530838399999999710e-01
6.709380400000000133e-01
6.915670000000000428e-01
6.843504900000000335e-01
6.957482900000000470e-01
7.370544500000000276e-01
7.454321400000000208e-01
7.335612400000000033e-01
7.672961999999999838e-01
7.962542500000000523e-01
8.255178399999999472e-01
8.304116099999999667e-01
8.362760799999999772e-01
8.425031600000000287e-01
8.618071600000000165e-01
9.081448399999999532e-01
9.199564599999999759e-01
9.259398100000000298e-01
9.596722899999999834e-01
9.593338599999999827e-01
9.868526499999999979e-01
9.997850700000000534e-01
1.013042299999999951e+00
1.037060499999999941e+00
1.085270399999999968e+00
1.092299600000000037e+00
1.108050100000000038e+00
1.117996599999999896e+00
1.109864299999999915e+00
1.119593000000000060e+00
1.108395999999999937e+00
1.102773500000000073e+00
1.099746200000000007e+00
1.125426899999999897e+00
1.145979199999999976e+00
1.124751700000000021e+00
1.108672300000000055e+00
1.074750700000000059e+00
1.056507400000000096e+00
1.072215200000000035e+00
1.085940399999999917e+00
1.089361000000000024e+00
1.095356299999999949e+00
1.072152900000000075e+00
1.081591100000000027e+00
1.069916499999999937e+00
1.073992700000000022e+00
1.046429099999999890e+00
1.057660700000000009e+00
1.068483300000000025e+00
1.089528999999999970e+00
1.048625099999999977e+00
1.044920000000000071e+00
1.052227000000000023e+00
1.069036499999999945e+00
1.063003099999999979e+00
1.063082800000000105e+00
1.039493500000000070e+00
1.041395800000000094e+00
1.072273699999999996e+00
1.054456099999999896e+00
1.049967000000000095e+00
1.041261900000000074e+00
1.034588300000000016e+00
9.998957000000000539e-01
9.664390600000000164e-01
9.483578999999999759e-01
9.633778499999999800e-01
7.869725600000000432e-01
5.015010600000000540e-01
3.199117899999999737e-01
1.178543100000000038e-01
-3.026304200000000041e-02
-1.418685699999999994e-01
-2.774780099999999972e-01
-4.108752199999999855e-01
-4.642988900000000196e-01
-5.690992999999999746e-01
-6.442660000000000053e-01
-6.998272800000000515e-01
-7.184032000000000195e-01
-7.805004500000000123e-01
-8.218174200000000207e-01
-8.561081400000000174e-01
-9.204653900000000499e-01
-9.275200399999999901e-01
-9.172193499999999888e-01
-7.668342400000000003e-01
-4.521573099999999790e-01
-1.680185399999999940e-01
5.885569200000000112e-02
2.521757299999999868e-01
3.584505900000000134e-01
4.953293599999999963e-01
5.677239099999999983e-01
6.443716999999999917e-01
7.416277300000000405e-01
7.927292799999999806e-01
8.314981799999999756e-01
8.847169299999999570e-01
8.908761299999999883e-01
8.954863100000000076e-01
9.171679900000000440e-01
9.165344899999999795e-01
8.760867700000000147e-01
8.634743499999999461e-01
9.136488299999999674e-01
9.150732700000000497e-01
8.980847199999999475e-01
8.946953399999999501e-01
8.777456900000000228e-01
8.841786799999999946e-01
9.111119500000000038e-01
9.082965499999999803e-01
9.158971500000000487e-01
9.551982399999999762e-01
9.342217699999999514e-01
9.045749199999999490e-01
9.172840700000000069e-01
9.184050099999999661e-01
9.309472500000000039e-01
9.299769100000000455e-01
9.100891500000000134e-01
9.280170399999999598e-01
9.157966499999999899e-01
9.215373199999999931e-01
9.178006100000000167e-01
9.258791400000000449e-01
9.416310700000000145e-01
9.266716400000000187e-01
9.415999999999999925e-01
9.023731699999999467e-01
9.105756000000000405e-01
8.943410800000000105e-01
8.813735900000000401e-01
9.216645599999999661e-01
9.006844200000000411e-01
8.822999799999999837e-01
8.732205400000000450e-01
8.966084600000000515e-01
8.863102200000000375e-01
8.718849100000000130e-01
8.933693799999999907e-01
8.660312900000000091e-01
8.740244499999999528e-01
8.836690799999999957e-01
9.110405499999999490e-01
8.487066899999999858e-01
8.335615100000000055e-01
8.320518099999999473e-01
8.078249199999999464e-01
7.912569900000000489e-01
8.007787899999999626e-01
7.769840099999999472e-01
7.887363899999999539e-01
7.881825000000000081e-01
8.000081100000000500e-01
8.032289299999999521e-01
7.958658899999999647e-01
7.934452199999999511e-01
8.050904199999999733e-01
7.885149000000000186e-01
7.331920800000000238e-01
7.153375899999999676e-01
7.183767599999999476e-01
7.022718999999999490e-01
6.894114500000000367e-01
3.732032699999999759e-01
2.071822200000000003e-01
3.121083499999999927e-03
-1.757595100000000077e-01
-3.136252800000000063e-01
-4.145638300000000220e-01
-4.894833399999999890e-01
-6.160356399999999955e-01
-6.868456299999999848e-01
-7.382544899999999855e-01
-7.771053999999999462e-01
-8.314278600000000186e-01
-9.251382200000000111e-01
-9.619759300000000346e-01
-1.012777500000000108e+00
-1.053856700000000091e+00
-1.043854199999999954e+00
-1.070653700000000041e+00
-9.986621799999999549e-01
-7.378810799999999670e-01
-4.698996699999999915e-01
-2.097411899999999940e-01
-3.005997300000000025e-02
1.459555300000000000e-01
2.958056900000000100e-01
3.488001099999999965e-01
4.575317500000000148e-01
5.108730900000000297e-01
5.764693699999999810e-01
5.888709800000000438e-01
6.143615199999999943e-01
6.565744900000000106e-01
6.873166299999999840e-01
6.789001900000000145e-01
6.940976399999999602e-01
7.101030699999999474e-01
7.145051000000000041e-01
7.325476800000000344e-01
7.387104199999999787e-01
7.817566500000000529e-01
7.740321900000000088e-01
7.787972899999999754e-01
7.844913900000000107e-01
7.787589299999999604e-01
7.885489500000000263e-01
8.066257999999999484e-01
8.270238500000000048e-01
8.167324900000000332e-01
8.140011900000000411e-01
8.170197799999999733e-01
7.906401800000000257e-01
8.086321600000000442e-01
8.320871899999999766e-01
8.315905099999999495e-01
8.588655400000000384e-01
8.470833300000000232e-01
8.296162099999999651e-01
8.456410100000000263e-01
8.438851400000000336e-01
8.214440299999999917e-01
8.161036400000000191e-01
8.257848599999999539e-01
8.561012099999999458e-01
8.948865000000000292e-01
8.858982199999999585e-01
8.939955800000000119e-01
9.156348500000000001e-01
8.948992900000000139e-01
8.940705700000000089e-01
9.117486999999999675e-01
9.182922799999999608e-01
9.636544500000000513e-01
9.466761999999999677e-01
9.277851599999999976e-01
9.276242000000000099e-01
9.129313599999999695e-01
9.341931999999999459e-01
9.110964400000000074e-01
8.984352700000000080e-01
8.814643599999999468e-01
9.111931699999999967e-01
9.113348500000000296e-01
8.903366600000000020e-01
8.916514300000000226e-01
8.906205900000000453e-01
8.981243800000000554e-01
8.876977200000000234e-01
8.832820700000000302e-01
8.748347199999999546e-01
8.739882100000000431e-01
8.648454700000000051e-01
8.472791899999999599e-01
8.299771299999999519e-01
8.153612700000000268e-01
8.021524199999999771e-01
8.114006499999999455e-01
7.970107899999999690e-01
7.976485100000000328e-01
6.117058800000000351e-01
3.624891000000000085e-01
1.894087200000000026e-01
1.063640700000000050e-02
-1.445794300000000088e-01
-3.070120499999999808e-01
-3.910366100000000067e-01
-5.005785499999999555e-01
-5.759357299999999791e-01
-6.433791800000000505e-01
-7.109771299999999572e-01
-7.917516399999999788e-01
-7.829628400000000488e-01
-8.388497999999999788e-01
-8.648195899999999714e-01
-9.152788299999999877e-01
-9.332314200000000337e-01
-9.532423399999999658e-01
-9.757428200000000107e-01
-7.560256300000000040e-01
-4.525518599999999725e-01
-1.846796300000000113e-01
5.563329899999999717e-02
2.376523899999999911e-01
2.869529499999999844e-01
3.981523599999999830e-01
5.367058099999999499e-01
5.819499999999999673e-01
6.497319099999999681e-01
7.314386499999999680e-01
7.220585600000000159e-01
7.666785900000000487e-01
7.842480600000000246e-01
7.924551300000000076e-01
7.907482900000000203e-01
8.433476600000000545e-01
8.308533999999999642e-01
8.835147800000000551e-01
8.613173800000000213e-01
8.702320399999999845e-01
8.761500500000000136e-01
8.811704700000000390e-01
8.889950300000000194e-01
9.036081099999999644e-01
9.256119999999999903e-01
9.283310399999999962e-01
9.530611700000000130e-01
9.742915300000000167e-01
9.575206699999999627e-01
9.892321099999999978e-01
9.652818399999999466e-01
9.870791500000000163e-01
1.015296500000000046e+00
1.001263299999999967e+00
1.010174099999999964e+00
1.026874000000000065e+00
1.068434700000000070e+00
1.030191400000000090e+00
1.032145499999999938e+00
1.025844299999999931e+00
1.038889500000000021e+00
1.052019999999999955e+00
1.041885600000000078e+00
1.047237100000000032e+00
9.943133800000000244e-01
9.940105700000000377e-01
1.012816299999999892e+00
1.002983200000000075e+00
9.964778499999999983e-01
9.759311099999999906e-01
9.800563799999999492e-01
9.788343800000000039e-01
1.003446499999999908e+00
1.015462499999999935e+00
9.752444599999999797e-01
1.014331300000000047e+00
1.014820700000000020e+00
1.011698699999999951e+00
1.006028099999999981e+00
1.009187099999999893e+00
1.013000300000000076e+00
1.035841000000000012e+00
9.950253599999999699e-01
9.843465399999999921e-01
9.727394400000000108e-01
9.731223300000000354e-01
9.354189099999999923e-01
9.312594699999999781e-01
9.168311700000000286e-01
9.469180999999999848e-01
8.988148500000000540e-01
9.304725999999999830e-01
9.331435200000000041e-01
9.132946100000000067e-01
9.287985399999999503e-01
9.211228099999999586e-01
8.952981700000000043e-01
8.365900299999999845e-01
6.242440200000000106e-01
3.085941400000000168e-01
1.406687799999999933e-01
7.951776000000000677e-03
-1.206020700000000057e-01
-2.635669600000000168e-01
-3.486959000000000031e-01
-4.077505399999999947e-01
-4.950191999999999926e-01
-5.852791000000000521e-01
-6.573287700000000067e-01
-6.981284700000000010e-01
-7.959184400000000048e-01
-8.133491400000000260e-01
-8.696831800000000001e-01
-8.828135999999999761e-01
-9.418948799999999899e-01
-9.691397400000000273e-01
-8.757678800000000541e-01
-5.764839000000000491e-01
-3.220935500000000062e-01
-8.478045100000000667e-02
1.236697100000000021e-01
2.369107099999999966e-01
3.597772799999999771e-01
4.481770500000000212e-01
5.600911200000000534e-01
6.271710400000000130e-01
6.330828600000000250e-01
6.722625700000000037e-01
7.293420600000000142e-01
7.460955999999999699e-01
7.422613399999999917e-01
7.535241000000000300e-01
7.510520600000000213e-01
7.772624099999999592e-01
7.807307300000000394e-01
7.921785199999999971e-01
8.311549299999999585e-01
8.036717500000000181e-01
8.573530000000000317e-01
8.677903799999999723e-01
8.495514899999999647e-01
8.575302599999999886e-01
8.268866400000000061e-01
8.427101700000000362e-01
8.526177799999999918e-01
8.880330100000000115e-01
8.657387600000000516e-01
8.693587299999999685e-01
8.839185200000000409e-01
8.822788000000000297e-01
8.569511199999999551e-01
8.585084299999999891e-01
8.338667400000000507e-01
8.603060099999999544e-01
8.705409899999999590e-01
8.866573700000000002e-01
8.782451199999999902e-01
8.853049499999999794e-01
9.146099699999999944e-01
9.284735100000000019e-01
9.177103100000000291e-01
9.427885099999999685e-01
9.269971000000000183e-01
9.049695199999999717e-01
9.138595499999999650e-01
9.603457300000000085e-01
9.561884699999999571e-01
9.592399299999999629e-01
9.442648399999999942e-01
9.866683099999999929e-01
9.745963399999999499e-01
1.018119400000000008e+00
1.007201999999999931e+00
9.935254500000000322e-01
9.879991900000000271e-01
9.893029300000000248e-01
9.678809499999999622e-01
9.678519100000000375e-01
9.849928999999999490e-01
9.318058399999999963e-01
9.367043699999999529e-01
9.459627000000000452e-01
9.429872000000000254e-01
9.937314200000000319e-01
9.593065299999999906e-01
9.655693699999999824e-01
9.708651400000000153e-01
9.654325200000000162e-01
9.726521500000000486e-01
9.756131799999999688e-01
9.215938599999999870e-01
9.340173600000000187e-01
9.340954599999999886e-01
9.032914600000000460e-01
8.865266400000000324e-01
8.920046200000000258e-01
6.984227899999999600e-01
4.294788099999999886e-01
2.255047500000000038e-01
7.250881800000000266e-02
-7.046266800000000607e-02
-1.830997699999999950e-01
-3.075145599999999924e-01
-3.951837500000000003e-01
-5.112168200000000162e-01
-5.905282200000000481e-01
-6.600586999999999982e-01
-7.278623600000000415e-01
-7.989140200000000025e-01
-8.511604600000000076e-01
-8.754054700000000189e-01
-8.910968900000000303e-01
-8.966646600000000022e-01
-9.336577400000000138e-01
-9.497539000000000398e-01
-7.139056200000000185e-01
-4.137330799999999753e-01
-1.575947699999999951e-01
1.140739800000000054e-01
2.681923700000000133e-01
3.175159799999999755e-01
4.537062900000000121e-01
5.238653199999999677e-01
6.027140399999999509e-01
7.053988300000000322e-01
7.355505700000000147e-01
7.501186300000000085e-01
7.844335500000000350e-01
8.122724500000000347e-01
8.132321099999999525e-01
8.369351800000000008e-01
8.374882399999999949e-01
8.668115600000000365e-01
8.751502199999999787e-01
8.475424700000000477e-01
8.592503599999999908e-01
8.545746100000000123e-01
8.439477300000000071e-01
8.501068899999999484e-01
8.550027199999999938e-01
8.636665999999999510e-01
8.698615200000000547e-01
8.519003600000000231e-01
8.791722299999999990e-01
9.213275300000000056e-01
9.215934700000000257e-01
9.032295900000000266e-01
9.212470299999999668e-01
9.231973900000000066e-01
9.466199199999999481e-01
9.367327600000000531e-01
9.410439600000000127e-01
9.231337899999999541e-01
9.091536700000000248e-01
9.279921199999999759e-01
9.267326900000000256e-01
8.915859900000000504e-01
9.019958000000000142e-01
9.140893700000000122e-01
8.952487099999999476e-01
9.066952999999999818e-01
9.189153100000000407e-01
8.992717000000000072e-01
8.532649100000000431e-01
8.276426999999999534e-01
8.592765700000000173e-01
8.767288800000000437e-01
8.436435100000000409e-01
8.407641799999999721e-01
8.163848799999999795e-01
8.094676899999999620e-01
8.533016100000000437e-01
8.648045800000000449e-01
8.716349100000000405e-01
8.619211700000000143e-01
8.691567500000000335e-01
8.492034800000000105e-01
8.525011200000000011e-01
8.713532899999999470e-01
8.675328599999999613e-01
9.144113600000000064e-01
8.690824000000000327e-01
8.695378599999999958e-01
8.598372899999999763e-01
8.287833799999999584e-01
8.432375699999999918e-01
8.518924300000000338e-01
8.516359199999999907e-01
8.952111099999999766e-01
8.799108700000000116e-01
9.106359400000000326e-01
9.354067900000000435e-01
8.993957000000000201e-01
8.863251100000000271e-01
7.571398799999999873e-01
4.722827499999999734e-01
3.179932699999999945e-01
1.351486500000000091e-01
-7.520602399999999632e-03
-1.589579999999999882e-01
-2.694924399999999998e-01
-3.749156599999999839e-01
-4.372677799999999948e-01
-5.354764100000000138e-01
-6.097988300000000139e-01
-6.376681100000000102e-01
-7.040449600000000530e-01
-7.251826399999999895e-01
-7.465547900000000237e-01
-7.802279199999999637e-01
-8.094915999999999778e-01
-8.430363499999999899e-01
-8.714091899999999447e-01
-7.743366400000000205e-01
-4.431703100000000117e-01
-1.687713100000000077e-01
7.325913700000000195e-02
3.047877900000000029e-01
4.008074699999999990e-01
5.274724400000000424e-01
6.300805900000000515e-01
7.543870099999999690e-01
8.418883000000000338e-01
8.588514099999999818e-01
8.825510399999999533e-01
9.243836199999999614e-01
9.404755999999999672e-01
9.696274900000000363e-01
9.706448399999999532e-01
9.532070499999999447e-01
9.713611899999999855e-01
9.779597199999999768e-01
9.944283099999999820e-01
9.839998500000000092e-01
1.014850699999999994e+00
1.031523900000000049e+00
1.044376100000000029e+00
1.049506499999999898e+00
1.006403500000000006e+00
1.030322900000000041e+00
1.027777200000000057e+00
1.037363500000000105e+00
1.014088199999999995e+00
1.043691499999999994e+00
1.046273500000000078e+00
1.065469299999999953e+00
1.052390200000000053e+00
1.046850300000000011e+00
1.043397700000000095e+00
1.054087599999999902e+00
1.072859100000000065e+00
1.048316500000000095e+00
1.089688200000000107e+00
1.084866200000000003e+00
1.091957700000000031e+00
1.106242100000000006e+00
1.113555199999999967e+00
1.113394500000000065e+00
1.097956099999999990e+00
1.099096099999999909e+00
1.119307100000000110e+00
1.088620399999999933e+00
1.080437199999999986e+00
1.077293599999999962e+00
1.079862899999999959e+00
1.087955999999999923e+00
1.139159199999999927e+00
1.115449300000000088e+00
1.109715999999999925e+00
1.099981899999999957e+00
1.109339700000000040e+00
1.101095399999999946e+00
1.114668299999999945e+00
1.088344100000000036e+00
1.062925899999999979e+00
1.073751099999999958e+00
1.048612799999999901e+00
1.015842600000000040e+00
1.021998600000000090e+00
1.026934000000000013e+00
1.043087400000000109e+00
1.044343500000000091e+00
1.033712600000000092e+00
9.988886200000000049e-01
9.951672700000000482e-01
9.474478499999999803e-01
9.330513700000000465e-01
9.145299199999999962e-01
9.023089600000000488e-01
9.066078199999999532e-01
9.192285999999999513e-01
9.059403900000000398e-01
8.884334499999999579e-01
6.383476700000000337e-01
3.803987099999999733e-01
2.056422699999999881e-01
1.698899499999999979e-02
-1.279406700000000063e-01
-2.484625500000000042e-01
-3.679565699999999828e-01
-4.514969099999999735e-01
-5.237048600000000498e-01
-6.048900200000000282e-01
-6.793099500000000512e-01
-7.450394000000000183e-01
-8.067472900000000058e-01
-8.175309200000000498e-01
-8.910126000000000435e-01
-8.977258200000000077e-01
-9.560261799999999477e-01
-9.799441300000000243e-01
-1.010131099999999948e+00
-7.143618400000000257e-01
-4.013727500000000004e-01
-1.136413299999999987e-01
1.261703100000000077e-01
1.878257600000000083e-01
3.382725100000000262e-01
4.485931899999999750e-01
5.234364099999999631e-01
6.186244100000000135e-01
6.666278300000000323e-01
7.123658000000000490e-01
7.174061400000000255e-01
7.627157700000000151e-01
7.800541500000000017e-01
8.234195699999999896e-01
7.933285300000000317e-01
8.141148299999999560e-01
8.202031199999999522e-01
8.123922000000000088e-01
8.059511599999999998e-01
8.263890400000000191e-01
8.434613100000000196e-01
8.775003799999999687e-01
8.691334099999999951e-01
9.041991000000000334e-01
9.420318600000000542e-01
9.313841400000000270e-01
9.882661200000000257e-01
9.577350599999999714e-01
9.677856799999999815e-01
9.417554099999999595e-01
9.438838600000000190e-01
9.530143599999999493e-01
9.655626899999999457e-01
9.798111299999999746e-01
1.009303300000000014e+00
1.018738499999999991e+00
9.591841300000000237e-01
9.879364099999999871e-01
9.640419799999999650e-01
9.428651500000000407e-01
9.316569199999999995e-01
9.182283500000000265e-01
9.449549200000000315e-01
9.123252299999999870e-01
9.000719000000000358e-01
8.771664099999999520e-01
8.886016300000000312e-01
8.670844199999999669e-01
8.604190800000000028e-01
8.962587300000000035e-01
8.566303699999999743e-01
8.569287100000000379e-01
8.511500199999999516e-01
8.396843400000000290e-01
8.185920399999999653e-01
8.221193100000000475e-01
8.399661000000000488e-01
8.492684799999999923e-01
8.638850099999999532e-01
8.745724599999999960e-01
8.814571799999999513e-01
8.948439799999999833e-01
8.594559999999999977e-01
8.887285999999999797e-01
8.673527899999999846e-01
8.897967700000000146e-01
8.992845099999999814e-01
9.295139199999999935e-01
9.305560800000000077e-01
9.025891200000000225e-01
9.241582600000000092e-01
9.171533800000000181e-01
9.242877999999999927e-01
8.890102500000000019e-01
9.386715399999999709e-01
9.039187699999999825e-01
8.934807599999999850e-01
8.603025300000000097e-01
7.796073300000000428e-01
4.558537599999999967e-01
2.798089000000000270e-01
8.382118900000000428e-02
-4.298780099999999910e-02
-1.830293500000000073e-01
-2.968685300000000193e-01
-4.242661899999999875e-01
-5.076711799999999997e-01
-5.653776900000000438e-01
-6.091794200000000270e-01
-6.675064400000000342e-01
-7.141453599999999513e-01
-7.544924299999999917e-01
-7.854230500000000115e-01
-8.369523700000000010e-01
-8.696446899999999980e-01
-8.682775900000000435e-01
-9.215332699999999599e-01
-8.183266999999999625e-01
-4.738814100000000029e-01
-1.965497300000000058e-01
1.483008000000000069e-02
2.534346499999999835e-01
3.170331000000000121e-01
4.346559899999999921e-01
5.316287100000000043e-01
6.603795399999999871e-01
6.962683600000000306e-01
7.164373800000000125e-01
7.717783299999999569e-01
7.732242200000000176e-01
8.201379399999999542e-01
7.944119200000000491e-01
8.089697900000000219e-01
8.153234599999999999e-01
8.416313500000000003e-01
8.716936699999999760e-01
8.541419799999999674e-01
8.320400900000000100e-01
8.262703599999999815e-01
8.426716800000000340e-01
8.591543200000000269e-01
8.478478799999999982e-01
8.705009099999999611e-01
8.599601500000000343e-01
8.653792200000000046e-01
8.397294600000000386e-01
8.602709400000000395e-01
8.875262699999999505e-01
8.987260400000000038e-01
9.374969600000000458e-01
9.491000099999999939e-01
9.353865199999999991e-01
9.712301899999999932e-01
9.407663400000000342e-01
9.351586800000000199e-01
9.353025799999999945e-01
9.498526999999999942e-01
9.665648500000000309e-01
9.969710000000000516e-01
9.609092000000000189e-01
9.613238800000000195e-01
9.741599100000000178e-01
9.536531799999999892e-01
9.722912500000000513e-01
9.763712599999999631e-01
9.672209699999999577e-01
9.777369999999999672e-01
9.867212600000000444e-01
9.878377799999999986e-01
1.001350299999999915e+00
1.024179200000000067e+00
1.017060000000000075e+00
1.050429899999999916e+00
1.041282199999999936e+00
1.072567999999999966e+00
1.060939000000000076e+00
1.037387899999999918e+00
1.049725999999999937e+00
1.008985800000000044e+00
1.026567400000000019e+00
1.029797899999999933e+00
9.914617599999999698e-01
1.018242000000000091e+00
9.984615599999999702e-01
1.007184099999999916e+00
9.969495600000000124e-01
1.029458699999999949e+00
1.032423799999999892e+00
1.016227800000000014e+00
1.041599200000000058e+00
1.012122600000000094e+00
9.958317899999999945e-01
1.005964499999999928e+00
1.000761599999999918e+00
9.878113699999999664e-01
1.002146100000000040e+00
1.008379300000000089e+00
7.717253200000000479e-01
5.247641299999999953e-01
3.478145799999999843e-01
1.753813800000000034e-01
3.640560000000000324e-02
-7.125124800000000314e-02
-2.194898799999999983e-01
-3.262314900000000129e-01
-4.143422900000000020e-01
-4.766916900000000012e-01
-5.586144199999999449e-01
-6.167253099999999710e-01
-6.663511399999999529e-01
-6.816715599999999542e-01
-7.435960600000000031e-01
-7.814223500000000433e-01
-7.905833599999999572e-01
-8.078032800000000124e-01
-8.398275099999999993e-01
-5.079931600000000547e-01
-1.976269200000000115e-01
6.494338400000000677e-02
3.319913600000000131e-01
4.716596399999999911e-01
5.298653199999999730e-01
6.667297300000000204e-01
7.360180499999999792e-01
8.422517800000000054e-01
8.914179800000000542e-01
9.365622000000000114e-01
9.568867199999999684e-01
1.015952500000000036e+00
1.052436099999999985e+00
1.064707400000000082e+00
1.065161500000000094e+00
1.097781499999999966e+00
1.082818999999999976e+00
1.066857500000000014e+00
1.065290099999999907e+00
1.066586999999999952e+00
1.058662400000000003e+00
1.067000500000000018e+00
1.074085699999999921e+00
1.059152499999999941e+00
1.021865299999999976e+00
1.038221000000000060e+00
1.020458000000000087e+00
1.042001799999999978e+00
1.048688000000000065e+00
1.056662999999999908e+00
1.043361599999999889e+00
1.006743900000000025e+00
1.020457399999999959e+00
9.821402799999999766e-01
9.858759999999999746e-01
9.829635399999999690e-01
9.873417300000000285e-01
1.001000799999999913e+00
1.041397600000000034e+00
1.018579799999999924e+00
1.034767400000000004e+00
1.040709600000000012e+00
1.000188099999999913e+00
1.023987800000000004e+00
1.000046100000000049e+00
1.001766900000000016e+00
1.009943100000000094e+00
1.003692999999999946e+00
9.945040899999999517e-01
9.961009100000000061e-01
9.970169500000000129e-01
9.674032099999999579e-01
9.497367899999999974e-01
9.277442099999999581e-01
9.743304799999999988e-01
9.502982300000000215e-01
9.482006400000000390e-01
9.565841899999999454e-01
9.200636500000000106e-01
8.886478599999999561e-01
9.044693200000000211e-01
9.093327799999999517e-01
9.058451100000000089e-01
8.923998899999999734e-01
8.997233300000000433e-01
8.788348099999999663e-01
8.837522300000000275e-01
8.855309500000000389e-01
8.776810099999999837e-01
8.622899899999999507e-01
8.683511000000000424e-01
8.380442900000000250e-01
8.333485600000000160e-01
8.486278000000000432e-01
8.664005299999999465e-01
8.616802199999999967e-01
8.597932299999999639e-01
8.396113099999999996e-01
7.164908199999999727e-01
4.197905599999999793e-01
2.497115299999999871e-01
9.634483000000000630e-02
-5.465068399999999799e-02
-2.041820799999999880e-01
-2.861926699999999824e-01
-4.088119399999999848e-01
-5.065005200000000096e-01
-5.696281600000000500e-01
-6.304684699999999475e-01
-7.210273000000000376e-01
-7.200809099999999630e-01
-7.768270400000000242e-01
-8.454642700000000177e-01
-8.746734200000000348e-01
-9.242547300000000243e-01
-9.528243899999999655e-01
-9.885603800000000163e-01
-8.476606500000000155e-01
-5.229719600000000135e-01
-2.413231200000000021e-01
2.027305700000000058e-02
1.395850700000000055e-01
2.844315900000000119e-01
3.987935799999999809e-01
4.873364900000000111e-01
5.904418500000000458e-01
6.142742700000000111e-01
6.659792900000000015e-01
7.011281499999999500e-01
7.048746799999999757e-01
7.558731400000000544e-01
7.379277199999999537e-01
7.686900599999999528e-01
7.824491599999999769e-01
8.135105200000000147e-01
8.253897100000000542e-01
8.603900399999999671e-01
8.410864500000000410e-01
8.413582200000000455e-01
8.824489899999999887e-01
8.766794900000000057e-01
8.746162800000000237e-01
8.830223699999999454e-01
9.184452100000000119e-01
8.993397800000000331e-01
8.975927099999999603e-01
9.146064699999999492e-01
9.186522400000000088e-01
9.171445400000000081e-01
9.155387099999999778e-01
9.287797599999999543e-01
9.540305700000000222e-01
9.328760699999999462e-01
9.190583700000000134e-01
9.638272599999999635e-01
9.420974100000000240e-01
9.826262399999999841e-01
1.005880399999999897e+00
9.776062199999999702e-01
9.596386300000000480e-01
9.527602099999999963e-01
9.525575800000000148e-01
9.307869399999999516e-01
9.592683800000000316e-01
9.405674699999999611e-01
9.589861800000000214e-01
9.733578899999999479e-01
9.530777400000000066e-01
9.633866500000000110e-01
9.407925000000000315e-01
9.501762700000000450e-01
9.639817000000000524e-01
9.288189300000000426e-01
9.690016399999999974e-01
9.719780099999999479e-01
9.871487599999999585e-01
9.957553799999999677e-01
9.844713800000000070e-01
9.710158899999999926e-01
9.656357500000000149e-01
9.587575299999999690e-01
9.378924299999999992e-01
9.400783000000000333e-01
9.681818300000000210e-01
9.352395399999999803e-01
9.332142300000000334e-01
9.388925900000000269e-01
9.038163200000000064e-01
8.968915899999999608e-01
8.905790700000000282e-01
9.024790200000000207e-01
8.787499100000000229e-01
8.811009499999999939e-01
8.871593199999999735e-01
8.850698399999999966e-01
8.791846399999999617e-01
8.399724100000000027e-01
5.166634399999999738e-01
3.086088399999999954e-01
1.470661000000000052e-01
1.428572699999999980e-02
-1.577449400000000002e-01
-3.201108100000000234e-01
-4.337823000000000095e-01
-5.069704499999999614e-01
-6.010919500000000415e-01
-6.748139699999999852e-01
-7.850152700000000427e-01
-8.609152599999999600e-01
-9.013996499999999967e-01
-9.158031399999999600e-01
-9.369868199999999980e-01
-9.615682100000000343e-01
-9.808814599999999828e-01
-9.769763700000000384e-01
-9.723638199999999898e-01
-6.994562899999999805e-01
-4.276905599999999974e-01
-1.518204499999999957e-01
1.592927800000000157e-02
1.096630799999999961e-01
2.226689799999999886e-01
3.322662100000000063e-01
3.897902699999999943e-01
4.326171799999999901e-01
4.810851400000000222e-01
5.018288899999999719e-01
5.509305899999999978e-01
5.693966599999999989e-01
5.889249300000000131e-01
6.322506199999999854e-01
6.315328000000000053e-01
6.808899200000000373e-01
6.616133600000000392e-01
6.646536100000000058e-01
6.477805300000000210e-01
6.597473200000000260e-01
6.826672599999999980e-01
6.765848599999999546e-01
6.802162000000000486e-01
7.089813499999999546e-01
6.779205799999999948e-01
7.157567799999999814e-01
7.001220799999999800e-01
7.090941899999999576e-01
7.010916099999999762e-01
7.204855900000000091e-01
7.315743799999999686e-01
6.940215499999999871e-01
6.852140700000000084e-01
6.824039299999999919e-01
6.670182799999999634e-01
6.933540299999999545e-01
6.878008500000000192e-01
7.072054199999999735e-01
7.033036000000000287e-01
7.099712500000000537e-01
7.294364300000000245e-01
7.272742899999999899e-01
7.512510900000000102e-01
7.380432700000000290e-01
7.281023300000000198e-01
7.327814599999999956e-01
7.079539400000000038e-01
6.737029199999999829e-01
6.788821800000000017e-01
7.205219099999999877e-01
7.250602999999999909e-01
6.956182400000000543e-01
6.856238599999999739e-01
6.755352000000000023e-01
6.658762799999999871e-01
6.535370799999999925e-01
6.630554100000000117e-01
6.758830300000000513e-01
7.207620399999999927e-01
7.554487100000000233e-01
7.290571599999999819e-01
7.289189299999999649e-01
7.165855100000000366e-01
6.929357000000000433e-01
7.107793599999999712e-01
6.964792699999999837e-01
7.003622000000000458e-01
7.038029700000000277e-01
6.745505299999999815e-01
6.703043800000000330e-01
6.788652099999999967e-01
6.330895399999999507e-01
6.492108199999999663e-01
6.499673000000000256e-01
6.629834300000000402e-01
6.898885200000000051e-01
6.851369800000000065e-01
5.293420300000000189e-01
3.004186500000000093e-01
1.135769199999999979e-01
-3.521222000000000241e-02
-1.950737999999999917e-01
-2.959740599999999833e-01
-4.010903000000000107e-01
-4.865800200000000020e-01
-5.756417999999999813e-01
-6.812283799999999667e-01
-7.378183999999999854e-01
-7.843420399999999626e-01
-8.322348299999999810e-01
-8.400717899999999849e-01
-8.986111399999999749e-01
-9.036362900000000087e-01
-9.550279999999999880e-01
-9.801108200000000492e-01
-9.889065799999999795e-01
-8.661718900000000554e-01
-5.341675700000000360e-01
-2.628982699999999895e-01
-1.355556299999999964e-02
1.422637800000000063e-01
1.971318200000000131e-01
3.613496400000000275e-01
4.663022600000000240e-01
5.776706299999999628e-01
6.081857999999999986e-01
6.731181699999999601e-01
7.148220699999999761e-01
7.355209299999999617e-01
7.345945400000000181e-01
7.442019899999999799e-01
7.711379800000000007e-01
8.018142200000000219e-01
7.954551199999999600e-01
8.382751299999999794e-01
8.427103999999999706e-01
8.429573999999999678e-01
8.417751500000000275e-01
8.459805200000000136e-01
8.732823600000000352e-01
9.101903599999999761e-01
9.221794199999999719e-01
9.406925600000000109e-01
9.112682399999999516e-01
9.052939899999999929e-01
8.949018300000000092e-01
8.935252599999999878e-01
8.543078699999999692e-01
8.522407800000000311e-01
8.618196399999999979e-01
8.679555700000000096e-01
8.958789400000000125e-01
9.000230000000000175e-01
9.195611399999999991e-01
9.498547499999999699e-01
9.371848499999999582e-01
9.322520600000000490e-01
9.773781499999999456e-01
9.585591900000000054e-01
9.511197900000000205e-01
9.450141300000000077e-01
9.129141499999999798e-01
9.156876099999999852e-01
9.471568900000000291e-01
9.261033499999999918e-01
9.142159499999999994e-01
9.081343200000000504e-01
8.799494700000000114e-01
8.775683499999999970e-01
8.738027699999999509e-01
8.730971400000000493e-01
9.040909000000000306e-01
8.897078400000000276e-01
8.383637200000000345e-01
8.112716700000000003e-01
8.270218200000000186e-01
8.411586599999999470e-01
8.068530800000000003e-01
8.003910600000000430e-01
7.740248600000000367e-01
7.883213999999999499e-01
7.605137699999999779e-01
7.514829400000000437e-01
7.159657600000000066e-01
7.313621099999999542e-01
7.032979999999999787e-01
6.927101199999999848e-01
6.872159199999999801e-01
6.664989900000000134e-01
6.573839999999999684e-01
6.717038199999999515e-01
6.589566500000000326e-01
6.549624099999999949e-01
6.523013500000000020e-01
6.530293400000000137e-01
6.186309500000000128e-01
3.271197200000000027e-01
1.449420200000000047e-01
6.457766599999999971e-04
-1.627593699999999866e-01
-2.988306399999999807e-01
-4.272317999999999949e-01
-5.269114499999999479e-01
-5.986661199999999683e-01
-6.262264899999999690e-01
-7.623765900000000206e-01
-8.061711400000000083e-01
-8.386596600000000290e-01
-8.831164299999999523e-01
-9.324665600000000554e-01
-9.699209100000000250e-01
-9.998771899999999713e-01
-1.009238099999999916e+00
-1.040651800000000016e+00
-1.000684899999999988e+00
-7.300418499999999922e-01
-4.505843600000000171e-01
-2.144896199999999920e-01
6.359446099999999970e-03
1.616621400000000097e-01
2.379575999999999913e-01
3.516312500000000063e-01
3.966895599999999966e-01
4.892918399999999779e-01
5.581686500000000439e-01
6.055388000000000437e-01
6.218481900000000229e-01
6.502371599999999807e-01
6.973201599999999667e-01
6.619724000000000164e-01
6.972515999999999714e-01
7.240220600000000228e-01
6.958128300000000488e-01
7.193273500000000320e-01
7.288860799999999918e-01
7.212464800000000231e-01
7.371518900000000318e-01
7.719196200000000285e-01
8.251643499999999909e-01
7.891268200000000066e-01
8.148294299999999657e-01
7.837838299999999592e-01
7.591151099999999818e-01
7.791672200000000492e-01
7.910006099999999929e-01
8.101139499999999716e-01
7.837723800000000463e-01
8.132233899999999904e-01
8.462966800000000234e-01
8.056796899999999484e-01
8.116615700000000544e-01
7.889637499999999637e-01
8.067976199999999931e-01
8.078338400000000252e-01
7.985655999999999866e-01
8.099471299999999596e-01
8.370955599999999608e-01
8.408698500000000298e-01
8.221224900000000391e-01
7.972528399999999627e-01
7.862672099999999942e-01
8.176219099999999518e-01
8.044129599999999547e-01
7.975282299999999491e-01
8.193884299999999454e-01
7.825945100000000210e-01
7.781131999999999493e-01
7.726128500000000177e-01
7.853599700000000183e-01
7.403576499999999783e-01
7.582893299999999837e-01
7.411862200000000067e-01
7.516402399999999595e-01
7.571175100000000491e-01
7.324827900000000502e-01
7.591371999999999565e-01
7.463187300000000413e-01
7.649426499999999463e-01
7.517167599999999839e-01
7.750174100000000177e-01
8.106097700000000073e-01
8.187201699999999693e-01
7.970424099999999790e-01
7.785418400000000405e-01
7.956683100000000453e-01
7.943020299999999922e-01
7.766203999999999885e-01
7.695701299999999634e-01
6.989720499999999559e-01
6.890269999999999451e-01
7.245039899999999866e-01
6.839119399999999960e-01
7.150366999999999695e-01
7.299702799999999714e-01
5.391060699999999928e-01
2.873758900000000227e-01
1.176028900000000016e-01
-5.085747699999999816e-02
-1.851752899999999924e-01
-3.378099600000000202e-01
-4.302841700000000213e-01
-5.317677800000000232e-01
-5.885412100000000368e-01
-6.558633699999999456e-01
-7.247939100000000412e-01
-7.679226300000000505e-01
-7.773285800000000467e-01
-8.235401399999999761e-01
-8.699743599999999466e-01
-9.129950300000000407e-01
-9.363869099999999612e-01
-9.400443299999999835e-01
-9.525704200000000288e-01
-7.680218199999999662e-01
-4.729426500000000200e-01
-2.127273299999999923e-01
2.543650100000000025e-02
2.283733300000000133e-01
3.048636100000000071e-01
4.107790499999999789e-01
5.123295500000000224e-01
6.038970799999999750e-01
6.369228099999999504e-01
6.902661500000000228e-01
7.191801500000000180e-01
7.449576500000000268e-01
7.598251000000000310e-01
7.607184200000000063e-01
7.929913200000000550e-01
7.934576100000000354e-01
7.712685400000000024e-01
7.803696399999999755e-01
7.859533600000000453e-01
7.662725099999999623e-01
7.733329599999999582e-01
7.723317200000000549e-01
7.905255700000000108e-01
7.928633400000000275e-01
8.279571900000000095e-01
8.650874800000000198e-01
8.727633500000000488e-01
8.908566599999999669e-01
9.205200500000000341e-01
9.123197400000000457e-01
9.029383100000000217e-01
9.199093799999999987e-01
8.778993299999999778e-01
8.746922799999999887e-01
8.997822199999999659e-01
8.769584900000000349e-01
8.854715800000000359e-01
9.130870599999999504e-01
9.382141299999999795e-01
9.432608300000000501e-01
9.216341999999999590e-01
9.472359000000000195e-01
9.138087700000000480e-01
8.887209799999999937e-01
8.727302900000000196e-01
8.852926199999999746e-01
8.943515600000000454e-01
8.958470299999999886e-01
9.182669399999999760e-01
9.355776700000000279e-01
9.290213899999999470e-01
8.888077100000000286e-01
8.947481800000000041e-01
8.995672500000000404e-01
8.826552300000000129e-01
8.776262700000000416e-01
8.783877900000000016e-01
8.909258700000000086e-01
8.820104100000000225e-01
8.766362100000000268e-01
8.815480599999999667e-01
8.679396700000000520e-01
8.783979400000000437e-01
8.682931499999999581e-01
8.760891800000000229e-01
8.388087300000000024e-01
8.528799799999999820e-01
8.677774200000000215e-01
8.573852400000000484e-01
8.705736400000000375e-01
8.539543600000000234e-01
8.505151800000000373e-01
8.716291600000000139e-01
8.602775099999999675e-01
8.636004699999999534e-01
8.978097200000000333e-01
8.776449100000000003e-01
8.685840799999999806e-01
8.248761199999999905e-01
5.666333999999999538e-01
3.577216899999999811e-01
2.105531099999999878e-01
7.480859300000000656e-02
-4.140355899999999950e-02
-1.472254600000000024e-01
-2.441905500000000062e-01
-3.174003100000000188e-01
-3.994687000000000099e-01
-4.920250700000000088e-01
-5.423409399999999936e-01
-6.219902899999999457e-01
-6.656103300000000278e-01
-7.595338099999999759e-01
-7.908678199999999991e-01
-8.301726799999999962e-01
-8.593499799999999578e-01
-8.632021100000000224e-01
-7.737360199999999688e-01
-5.088559400000000066e-01
-2.501025499999999790e-01
-4.184098199999999879e-02
1.476610700000000054e-01
2.281308499999999961e-01
3.052561699999999933e-01
4.049342200000000114e-01
4.476831700000000192e-01
5.794235199999999697e-01
5.756370400000000442e-01
6.021082899999999904e-01
6.050451000000000024e-01
6.336242899999999789e-01
6.026886900000000269e-01
6.128158799999999795e-01
6.151102499999999695e-01
6.550755499999999509e-01
6.619411899999999571e-01
6.557926499999999770e-01
6.339976899999999471e-01
6.241025300000000442e-01
6.467968499999999787e-01
6.457057999999999964e-01
6.917898700000000289e-01
7.042928400000000311e-01
6.951052100000000289e-01
7.086510900000000390e-01
6.655015300000000078e-01
6.418594899999999770e-01
6.224894399999999495e-01
6.323009899999999517e-01
6.469144799999999584e-01
6.270003499999999841e-01
6.134109300000000209e-01
6.437193199999999838e-01
6.313704999999999457e-01
6.330428900000000247e-01
6.044857200000000041e-01
6.013431999999999666e-01
5.873415199999999503e-01
5.930177800000000499e-01
5.875422799999999723e-01
5.850754299999999519e-01
5.965113600000000460e-01
6.092493799999999515e-01
6.458043999999999452e-01
6.251219099999999473e-01
6.310022800000000265e-01
6.227322499999999872e-01
6.189708800000000011e-01
6.090123800000000198e-01
6.311805900000000413e-01
6.163221700000000025e-01
6.110465099999999872e-01
6.116173299999999591e-01
6.503496300000000119e-01
6.696033099999999516e-01
6.675060999999999911e-01
6.599488199999999916e-01
6.835413099999999575e-01
6.883431899999999937e-01
6.775428500000000298e-01
6.845696799999999582e-01
7.102024000000000115e-01
7.136377400000000204e-01
6.981635200000000374e-01
6.933895399999999709e-01
6.727745000000000530e-01
6.758745400000000236e-01
6.912953299999999857e-01
7.059683399999999720e-01
6.726137300000000208e-01
6.840414599999999901e-01
6.523960800000000448e-01
6.465167600000000236e-01
6.381426599999999727e-01
6.453595500000000040e-01
6.394927099999999642e-01
5.001018600000000092e-01
2.647170600000000040e-01
1.019564300000000007e-01
-5.744131999999999710e-02
-2.182077000000000044e-01
-3.227476899999999760e-01
-4.496315000000000173e-01
-5.193799000000000055e-01
-5.938442299999999729e-01
-6.350355699999999937e-01
-6.667206100000000468e-01
-7.105002799999999841e-01
-7.505963700000000127e-01
-7.777789000000000508e-01
-8.532355700000000542e-01
-8.585164299999999971e-01
-8.639674099999999912e-01
-8.931944400000000339e-01
-8.906453800000000420e-01
-7.011115999999999460e-01
-3.955505999999999744e-01
-1.581651099999999976e-01
4.917732600000000037e-02
1.164676600000000006e-01
2.749568700000000199e-01
3.742492700000000228e-01
4.631324399999999786e-01
5.623943999999999610e-01
6.027645400000000153e-01
6.217845800000000311e-01
6.427593000000000334e-01
6.701277599999999612e-01
6.657803100000000418e-01
6.870988399999999885e-01
6.793327399999999905e-01
6.918841900000000100e-01
7.026753900000000108e-01
7.143886900000000484e-01
7.250786399999999965e-01
7.208345999999999920e-01
7.352747299999999875e-01
7.343685500000000088e-01
7.422162900000000008e-01
7.510413900000000309e-01
7.583979800000000271e-01
7.544497700000000195e-01
7.712360999999999800e-01
7.322199799999999925e-01
7.369401599999999553e-01
7.173910300000000406e-01
7.116663199999999634e-01
6.744034199999999757e-01
6.841338500000000433e-01
7.300864000000000242e-01
7.074563900000000460e-01
7.053136899999999931e-01
7.459919400000000200e-01
7.440412899999999663e-01
7.378217400000000037e-01
7.184313199999999844e-01
6.879767900000000047e-01
6.964845499999999801e-01
7.040009000000000405e-01
7.028691299999999531e-01
7.169428500000000204e-01
7.134932099999999888e-01
7.004616200000000070e-01
7.164139299999999766e-01
7.065891499999999992e-01
6.971688999999999803e-01
6.845261099999999654e-01
6.734140800000000260e-01
6.731145699999999676e-01
6.673373099999999614e-01
7.180615599999999876e-01
7.042393300000000522e-01
6.977566299999999888e-01
6.819244500000000153e-01
6.717823000000000544e-01
6.845496199999999698e-01
6.661604599999999543e-01
6.518776699999999646e-01
6.371506799999999693e-01
6.241659899999999483e-01
6.543345900000000492e-01
6.334357400000000249e-01
6.355438799999999500e-01
6.250956699999999922e-01
6.400817500000000049e-01
6.459570100000000537e-01
6.241504799999999520e-01
6.373198799999999498e-01
5.871483199999999458e-01
6.125141600000000297e-01
5.991952000000000389e-01
5.768648800000000243e-01
5.735509699999999933e-01
5.788612800000000336e-01
5.316180499999999531e-01
2.287729599999999974e-01
5.007191300000000261e-02
-9.893081900000000317e-02
-2.269624199999999981e-01
-3.539092300000000191e-01
-4.594557599999999908e-01
-5.397012500000000212e-01
-5.828590099999999552e-01
-6.495032099999999975e-01
-7.269989700000000221e-01
-7.890146900000000185e-01
-8.482513000000000414e-01
-8.828943999999999681e-01
-9.228897799999999929e-01
-9.490673200000000476e-01
-9.760308899999999843e-01
-1.020215700000000059e+00
-1.018938300000000075e+00
-9.443652300000000555e-01
-6.728728800000000065e-01
-3.772907400000000133e-01
-1.507075300000000062e-01
5.128800800000000298e-02
2.149653400000000047e-01
2.887816200000000166e-01
3.678916600000000092e-01
4.275644399999999901e-01
4.936408800000000041e-01
5.317200800000000394e-01
6.044256700000000260e-01
6.182653700000000363e-01
6.225031199999999654e-01
6.438265199999999577e-01
6.536627499999999591e-01
7.148554200000000192e-01
6.939767000000000019e-01
7.041158100000000086e-01
6.957337799999999683e-01
7.146573499999999690e-01
7.094491800000000126e-01
6.945516900000000549e-01
7.021595400000000264e-01
7.404416999999999804e-01
7.120509400000000211e-01
7.422235999999999834e-01
7.827131600000000189e-01
7.713555100000000220e-01
7.995013499999999995e-01
8.149696100000000110e-01
8.023805299999999807e-01
8.209692800000000235e-01
8.154199699999999940e-01
8.062729100000000093e-01
8.367951399999999929e-01
8.177241200000000543e-01
8.291492999999999780e-01
8.162097299999999667e-01
7.987330599999999947e-01
7.867261399999999627e-01
7.580553700000000061e-01
7.824129300000000065e-01
7.871066100000000398e-01
7.822310199999999991e-01
7.778023200000000470e-01
7.732992699999999830e-01
7.756315999999999766e-01
8.066606899999999580e-01
7.942698200000000153e-01
7.952293099999999670e-01
7.860871999999999860e-01
7.772903199999999790e-01
7.465590199999999621e-01
7.376679699999999507e-01
7.152802600000000011e-01
7.164468000000000503e-01
6.854351899999999720e-01
7.160333199999999731e-01
7.255958599999999814e-01
7.254211699999999485e-01
7.581920500000000063e-01
7.430173599999999601e-01
7.433190200000000525e-01
7.606757100000000049e-01
7.828848499999999655e-01
7.913221599999999967e-01
7.607412599999999747e-01
7.847177300000000022e-01
