5.377865099999999954e-01
6.173409499999999994e-01
6.192675199999999602e-01
6.497943699999999545e-01
7.119370799999999999e-01
7.168636699999999529e-01
7.598785500000000415e-01
7.559713099999999519e-01
7.726253499999999885e-01
8.037939400000000401e-01
7.708690000000000264e-01
7.924628700000000414e-01
7.555675699999999662e-01
7.791819500000000120e-01
8.269908999999999732e-01
8.067179799999999457e-01
8.007034600000000335e-01
8.338319899999999674e-01
8.291787200000000357e-01
7.906092700000000306e-01
7.859818200000000532e-01
8.425390499999999561e-01
8.402055499999999677e-01
8.776042899999999536e-01
8.798349100000000256e-01
8.851726800000000450e-01
8.940473799999999471e-01
8.590771099999999771e-01
8.843749899999999720e-01
8.993562600000000185e-01
9.151897399999999738e-01
8.946283299999999716e-01
8.913616199999999656e-01
9.115222800000000181e-01
8.777116499999999544e-01
8.858557900000000318e-01
8.445163799999999554e-01
8.679234500000000407e-01
8.517552699999999533e-01
8.428719399999999862e-01
8.544630699999999912e-01
8.461581999999999715e-01
8.600643900000000119e-01
8.553664899999999793e-01
8.649203399999999542e-01
8.626833200000000312e-01
8.765254700000000287e-01
8.793021300000000151e-01
8.982408699999999691e-01
8.711440200000000189e-01
8.616717799999999983e-01
9.024451300000000398e-01
8.875062000000000229e-01
8.868150900000000281e-01
8.818972800000000056e-01
8.694423799999999591e-01
8.810999999999999943e-01
8.559309699999999577e-01
8.410269700000000404e-01
8.263520600000000549e-01
8.176092400000000149e-01
8.633684700000000545e-01
8.485258599999999651e-01
8.647903999999999591e-01
8.745288199999999845e-01
8.383290700000000095e-01
8.334874300000000291e-01
8.637582599999999999e-01
8.239985300000000068e-01
8.262425599999999593e-01
8.512238300000000146e-01
6.472396999999999734e-01
3.522563200000000116e-01
1.660386899999999888e-01
-1.160691699999999958e-02
-1.718147999999999898e-01
-3.090971599999999819e-01
-4.023294099999999984e-01
-4.910835700000000248e-01
-6.012274899999999755e-01
-6.461249700000000207e-01
-6.907907399999999587e-01
-7.417294100000000334e-01
-7.839932600000000251e-01
-8.346243899999999938e-01
-8.453820699999999855e-01
-8.950696399999999997e-01
-8.868359799999999682e-01
-9.359055099999999960e-01
-9.118751699999999571e-01
-6.559211000000000347e-01
-3.537536000000000014e-01
-9.968229100000000620e-02
6.519726500000000424e-02
2.767328000000000010e-01
3.614581700000000231e-01
4.673055500000000140e-01
5.684225299999999814e-01
6.635871100000000355e-01
7.430386300000000332e-01
7.737979600000000069e-01
8.041095400000000115e-01
8.308200399999999819e-01
8.900175399999999959e-01
8.657072000000000100e-01
8.989802900000000152e-01
9.055581000000000325e-01
9.338754799999999801e-01
9.389595099999999972e-01
9.372452900000000087e-01
9.369174099999999505e-01
9.316582100000000422e-01
9.444817500000000088e-01
9.351732000000000378e-01
9.584413899999999487e-01
9.529229799999999750e-01
9.528478599999999910e-01
9.707128999999999897e-01
9.492848299999999684e-01
9.780321499999999890e-01
9.776951900000000473e-01
1.005835100000000093e+00
1.010118800000000094e+00
9.562292700000000201e-01
9.686002200000000117e-01
9.740580399999999583e-01
1.010404599999999986e+00
1.003800299999999979e+00
1.031540099999999960e+00
1.014135800000000032e+00
1.009696699999999892e+00
9.882429099999999744e-01
9.634355700000000189e-01
9.685787200000000041e-01
9.472219200000000505e-01
9.710606699999999591e-01
9.570790900000000212e-01
9.777487200000000156e-01
9.846758100000000402e-01
9.474865799999999671e-01
9.401399000000000283e-01
9.470580600000000349e-01
9.635166499999999745e-01
9.671172000000000102e-01
9.688519899999999963e-01
9.428026000000000462e-01
9.274288000000000531e-01
9.359074899999999531e-01
9.135709400000000535e-01
9.357277299999999798e-01
9.241669900000000215e-01
9.274412600000000451e-01
9.610372099999999751e-01
9.536893699999999807e-01
9.271198499999999676e-01
9.397460699999999889e-01
9.424233699999999825e-01
9.331445499999999615e-01
9.528404999999999792e-01
9.484575899999999615e-01
9.770513400000000459e-01
1.006230299999999911e+00
9.901552000000000131e-01
9.398157900000000398e-01
9.604323500000000458e-01
9.303349199999999541e-01
9.239726099999999720e-01
9.235452100000000053e-01
9.134638099999999872e-01
8.430296200000000351e-01
5.276436300000000301e-01
3.237069699999999828e-01
1.086062200000000033e-01
-4.954266000000000225e-02
-1.380288899999999874e-01
-2.592823599999999895e-01
-3.575628800000000274e-01
-4.483815500000000176e-01
-5.274407899999999927e-01
-6.147577699999999812e-01
-6.666725700000000199e-01
-7.341171600000000463e-01
-7.645716799999999758e-01
-8.074171999999999461e-01
-8.269036600000000403e-01
-8.714325800000000122e-01
-8.746859399999999951e-01
-8.986380600000000163e-01
-7.612610100000000157e-01
-4.510606999999999811e-01
-1.762969600000000026e-01
5.962771000000000043e-02
2.823421099999999795e-01
3.425826399999999938e-01
4.918476199999999854e-01
5.853111600000000525e-01
7.047129699999999941e-01
7.717936100000000188e-01
7.814911700000000128e-01
8.225910199999999506e-01
8.388303000000000287e-01
8.998817399999999855e-01
8.948682300000000422e-01
8.886300200000000205e-01
8.833186400000000438e-01
8.944004399999999633e-01
8.927210399999999657e-01
8.818771899999999775e-01
8.936169000000000473e-01
8.957216599999999751e-01
8.867171799999999937e-01
8.832671800000000406e-01
8.875579300000000504e-01
9.020318499999999684e-01
9.498261300000000462e-01
9.346546599999999705e-01
9.485591300000000281e-01
9.912266699999999764e-01
1.000776799999999911e+00
1.035413799999999940e+00
1.045906400000000014e+00
9.784979600000000000e-01
1.014728700000000039e+00
9.846983900000000345e-01
9.791125400000000312e-01
9.853953600000000534e-01
9.679573900000000286e-01
9.397429499999999658e-01
9.318643100000000290e-01
9.179631999999999792e-01
9.189607100000000139e-01
8.964702500000000240e-01
9.086194699999999846e-01
8.974778399999999712e-01
8.969584999999999919e-01
8.649493999999999794e-01
8.767795200000000344e-01
8.780326800000000098e-01
8.676120000000000498e-01
8.502636999999999556e-01
8.401646999999999865e-01
8.615336099999999497e-01
8.479059100000000404e-01
8.350666399999999712e-01
8.368670700000000462e-01
7.997796299999999636e-01
8.117138299999999695e-01
8.283480500000000024e-01
8.403955699999999807e-01
8.690698900000000116e-01
8.330693900000000207e-01
8.379170900000000310e-01
8.134049800000000552e-01
8.224501199999999512e-01
8.201704800000000350e-01
8.253008800000000145e-01
8.406042500000000528e-01
8.274961699999999754e-01
8.435422399999999987e-01
8.394288800000000439e-01
8.288607000000000058e-01
8.613650000000000473e-01
8.481621499999999481e-01
8.405405900000000319e-01
7.770036900000000246e-01
7.672320299999999538e-01
7.623537900000000311e-01
7.597881699999999849e-01
5.059265099999999959e-01
2.639208800000000243e-01
7.671913499999999386e-02
-8.445097399999999810e-02
-2.003891600000000106e-01
-3.069572500000000148e-01
-4.057739499999999944e-01
-4.775247100000000189e-01
-5.526582500000000175e-01
-6.372872000000000536e-01
-6.706623200000000340e-01
-7.385699799999999593e-01
-7.659899500000000305e-01
-8.853214400000000150e-01
-9.132797099999999668e-01
-9.335868099999999892e-01
-9.748173700000000164e-01
-9.905717499999999731e-01
-9.561259899999999812e-01
-6.470856299999999672e-01
-3.791557999999999873e-01
-1.239327100000000015e-01
8.643491300000000210e-02
2.069107400000000097e-01
3.697697999999999818e-01
4.742821500000000134e-01
5.638215600000000549e-01
6.717541399999999996e-01
7.101965300000000481e-01
7.392812300000000114e-01
7.679090200000000532e-01
7.721090299999999740e-01
7.821396200000000354e-01
8.473056500000000213e-01
8.443097299999999805e-01
8.411460200000000498e-01
8.461305399999999866e-01
8.541720699999999500e-01
8.533357400000000093e-01
8.676099900000000531e-01
8.786918999999999702e-01
8.992046299999999492e-01
9.006973400000000129e-01
8.884695700000000418e-01
8.989722199999999885e-01
8.863510199999999895e-01
9.293296399999999569e-01
9.776449900000000470e-01
9.549122700000000075e-01
9.588840600000000380e-01
1.001236000000000015e+00
9.605337200000000353e-01
9.607644300000000026e-01
9.429688999999999988e-01
9.439819200000000299e-01
9.265215700000000165e-01
9.524377600000000221e-01
9.355958199999999669e-01
9.448830499999999466e-01
9.499033500000000352e-01
9.203526699999999838e-01
9.060014699999999754e-01
9.000233300000000103e-01
8.831943100000000380e-01
8.848515300000000527e-01
8.759042500000000508e-01
8.638950100000000187e-01
8.951091199999999803e-01
8.952628400000000042e-01
8.453791899999999471e-01
8.491019100000000153e-01
8.497759499999999466e-01
8.753547900000000492e-01
8.788029899999999506e-01
8.858960700000000354e-01
8.561515600000000337e-01
8.812043299999999801e-01
8.649469600000000424e-01
8.550957099999999533e-01
8.778412399999999671e-01
8.906468499999999899e-01
8.668135000000000145e-01
8.645141499999999812e-01
8.767462599999999995e-01
8.578991299999999542e-01
8.604356800000000360e-01
8.472008800000000450e-01
8.255469899999999805e-01
8.070635999999999921e-01
8.384893300000000327e-01
8.241068700000000469e-01
8.122129200000000049e-01
7.565795800000000293e-01
7.503229200000000043e-01
7.492129800000000284e-01
7.332848800000000278e-01
7.525387100000000551e-01
6.895792299999999875e-01
5.053911399999999610e-01
3.056794999999999929e-01
8.556767999999999319e-02
-8.120937100000000242e-02
-2.630773800000000273e-01
-3.889681500000000125e-01
-5.435295399999999777e-01
-6.268240000000000478e-01
-7.079991599999999607e-01
-7.829929100000000419e-01
-8.676207500000000516e-01
-9.235994100000000095e-01
-1.000513100000000044e+00
-1.022188700000000061e+00
-1.019471100000000074e+00
-1.065298700000000043e+00
-1.045167500000000027e+00
-1.077139400000000080e+00
-1.073777600000000110e+00
-9.072682300000000089e-01
-5.927669899999999936e-01
-3.258232099999999742e-01
-5.653383900000000239e-02
1.218595100000000042e-01
1.863283699999999932e-01
3.231279400000000024e-01
3.878909199999999724e-01
4.847706199999999854e-01
5.600962099999999833e-01
5.700693500000000302e-01
6.203414999999999901e-01
6.535959000000000074e-01
6.598588600000000470e-01
6.678586800000000379e-01
6.753183999999999854e-01
7.178313200000000505e-01
7.076152700000000184e-01
7.431482600000000049e-01
7.569573499999999733e-01
7.516658400000000295e-01
7.784204599999999807e-01
8.011975099999999461e-01
8.006144099999999986e-01
7.997665000000000468e-01
8.132272000000000389e-01
8.218271999999999800e-01
8.287390700000000221e-01
8.356993700000000524e-01
8.549446299999999832e-01
8.575263400000000535e-01
9.137340600000000146e-01
9.170257600000000231e-01
8.938183600000000339e-01
8.936633800000000072e-01
8.907938800000000379e-01
9.205101900000000059e-01
9.264420199999999772e-01
9.310158200000000495e-01
8.966371400000000547e-01
8.827718599999999638e-01
8.943381400000000037e-01
8.878655100000000244e-01
8.794094999999999551e-01
8.880779300000000154e-01
8.593912400000000007e-01
8.926607100000000239e-01
8.510121299999999778e-01
8.479499099999999734e-01
9.023012000000000254e-01
8.920672600000000285e-01
8.756693800000000527e-01
8.656633400000000034e-01
8.487429800000000357e-01
8.442970800000000331e-01
8.305092699999999661e-01
8.319693599999999911e-01
8.383621599999999674e-01
7.972776799999999886e-01
8.033094899999999594e-01
8.064152500000000279e-01
8.260868399999999889e-01
8.341138099999999556e-01
8.313608599999999793e-01
8.398307900000000492e-01
8.754859699999999467e-01
8.661230800000000452e-01
8.425880300000000434e-01
8.638390799999999814e-01
8.772074199999999600e-01
8.397814700000000299e-01
8.543198899999999707e-01
8.252238100000000021e-01
8.004800699999999880e-01
8.254753200000000124e-01
8.053764199999999818e-01
8.196205600000000535e-01
7.856270100000000145e-01
7.933786499999999631e-01
7.965524099999999885e-01
5.219335299999999789e-01
2.601082800000000250e-01
8.229659899999999806e-02
-5.330761700000000158e-02
-2.341006200000000093e-01
-3.272764599999999913e-01
-4.247503799999999829e-01
-5.327633600000000191e-01
-6.074818499999999899e-01
-6.677087400000000228e-01
-7.007180899999999601e-01
-7.490830699999999620e-01
-7.927588100000000360e-01
-8.624698600000000326e-01
-8.996644000000000307e-01
-8.939241100000000495e-01
-9.143616799999999545e-01
-9.291781900000000149e-01
-8.495897300000000429e-01
-5.967024100000000164e-01
-3.085843999999999809e-01
-3.243213100000000293e-02
1.640480900000000075e-01
2.948317699999999930e-01
4.683038199999999818e-01
5.675675599999999710e-01
6.876109599999999933e-01
7.708780600000000316e-01
8.058849500000000443e-01
8.640171500000000115e-01
9.059053999999999718e-01
9.205107799999999729e-01
9.350433799999999795e-01
9.302452399999999733e-01
9.344672800000000112e-01
9.113890000000000047e-01
9.168957300000000199e-01
9.309224600000000072e-01
9.430731500000000267e-01
9.401803800000000377e-01
9.321336900000000147e-01
9.223749700000000162e-01
9.063626299999999469e-01
9.291356699999999691e-01
9.636224199999999795e-01
9.434610500000000233e-01
9.607488600000000378e-01
9.745499499999999982e-01
9.706318200000000340e-01
9.442948599999999582e-01
9.649622700000000108e-01
9.944120899999999708e-01
1.008494599999999908e+00
1.036181900000000100e+00
1.027712200000000076e+00
1.064665600000000101e+00
1.027703800000000056e+00
1.053646899999999942e+00
1.048760200000000031e+00
1.064337099999999925e+00
1.068827699999999936e+00
1.048525499999999999e+00
1.058987600000000029e+00
1.054941700000000093e+00
1.080699700000000041e+00
1.063708799999999899e+00
1.042011999999999938e+00
1.032903200000000021e+00
1.039180299999999946e+00
1.044497900000000090e+00
1.068744399999999928e+00
1.042950000000000044e+00
1.042138299999999962e+00
1.039270399999999928e+00
1.035421300000000100e+00
9.748516999999999877e-01
9.939828600000000236e-01
9.832914999999999850e-01
9.760265299999999478e-01
9.808959900000000509e-01
9.648445500000000230e-01
9.611550199999999711e-01
9.608406000000000446e-01
9.719100999999999990e-01
9.433207700000000306e-01
9.311881600000000425e-01
9.142943700000000229e-01
9.287758799999999981e-01
9.111118499999999454e-01
9.230944199999999711e-01
9.402464600000000061e-01
9.428223100000000523e-01
9.572626100000000138e-01
9.434344700000000250e-01
9.445181900000000352e-01
9.449730299999999916e-01
9.321093099999999687e-01
8.903605599999999676e-01
7.208882300000000187e-01
4.548971700000000173e-01
2.937183700000000064e-01
1.110034399999999949e-01
-7.060954599999999526e-02
-2.025201699999999994e-01
-3.441839999999999899e-01
-4.600023599999999990e-01
-5.452352900000000391e-01
-6.128566199999999631e-01
-6.800014599999999465e-01
-7.681396499999999516e-01
-8.383270099999999836e-01
-8.693065899999999901e-01
-9.312130499999999866e-01
-9.698034399999999611e-01
-9.929500399999999782e-01
-1.007434299999999894e+00
-1.002610800000000024e+00
-8.087088099999999447e-01
-5.197045500000000429e-01
-2.725156699999999876e-01
-3.795623000000000052e-02
1.453030999999999906e-01
2.382041799999999876e-01
3.478969299999999931e-01
4.164560400000000273e-01
5.402512099999999817e-01
6.155166199999999588e-01
6.308494399999999835e-01
6.804153800000000141e-01
7.131283600000000167e-01
7.313478399999999713e-01
7.713496899999999767e-01
7.658800399999999842e-01
7.738382999999999790e-01
7.813230500000000189e-01
8.169768699999999662e-01
8.407620700000000280e-01
8.525616799999999884e-01
8.401663200000000220e-01
8.586889599999999456e-01
8.421063699999999930e-01
8.352317099999999606e-01
8.084809699999999655e-01
8.125698000000000087e-01
7.908583000000000141e-01
8.218573900000000210e-01
8.049176000000000109e-01
8.140681699999999799e-01
8.214185899999999485e-01
8.186839000000000199e-01
8.127451500000000273e-01
8.418361199999999656e-01
8.171778800000000231e-01
8.187443300000000201e-01
8.699714499999999795e-01
8.692288400000000026e-01
8.661765900000000240e-01
8.947974899999999732e-01
9.110400400000000509e-01
9.228761899999999851e-01
9.535453299999999688e-01
9.373380599999999729e-01
9.364851100000000095e-01
9.730244200000000010e-01
9.621769599999999700e-01
9.637867500000000254e-01
9.466172600000000159e-01
9.502955199999999492e-01
9.346279299999999957e-01
9.525046000000000346e-01
9.851947699999999974e-01
9.705418599999999785e-01
9.800370499999999652e-01
9.516594900000000523e-01
9.842123200000000294e-01
9.796005500000000144e-01
9.616861300000000279e-01
9.495195499999999900e-01
9.749009199999999487e-01
9.459142299999999670e-01
9.414198799999999867e-01
9.254284900000000480e-01
9.265324799999999916e-01
9.360450900000000241e-01
9.413125399999999754e-01
9.236786599999999847e-01
8.885710500000000289e-01
8.847897300000000520e-01
8.889823799999999610e-01
8.823253899999999872e-01
8.596492399999999812e-01
8.391523300000000019e-01
8.808296799999999482e-01
8.621218000000000492e-01
8.430528000000000466e-01
5.922856199999999571e-01
3.957428599999999741e-01
2.229742799999999969e-01
3.546161400000000241e-02
-1.074819699999999961e-01
-1.995849799999999952e-01
-3.238107399999999858e-01
-4.258545100000000194e-01
-4.956728300000000087e-01
-5.979128099999999613e-01
-6.700561099999999826e-01
-7.375541599999999587e-01
-7.872064699999999915e-01
-8.425561299999999587e-01
-9.009994500000000350e-01
-9.507704900000000237e-01
-9.692526900000000278e-01
-9.874186999999999825e-01
-9.060605499999999646e-01
-6.088447799999999743e-01
-3.261543199999999976e-01
-1.354484499999999980e-01
1.455971899999999875e-01
2.312492999999999910e-01
3.515190999999999732e-01
4.434145999999999921e-01
5.397625400000000129e-01
6.142043000000000363e-01
6.616133699999999784e-01
7.153785400000000072e-01
7.561817400000000466e-01
7.651515800000000533e-01
7.934954699999999805e-01
7.964305400000000201e-01
7.786051400000000289e-01
8.151027299999999975e-01
8.293951899999999489e-01
8.285748600000000241e-01
8.578683000000000280e-01
8.253994300000000450e-01
8.365739500000000106e-01
8.801212000000000479e-01
8.959047799999999562e-01
8.845855500000000537e-01
8.875391099999999645e-01
8.974516799999999739e-01
8.929654900000000284e-01
9.068226600000000026e-01
9.109024500000000302e-01
9.018135999999999930e-01
8.683647199999999788e-01
8.367509400000000541e-01
8.140114099999999908e-01
8.319078899999999832e-01
8.551815699999999465e-01
8.761382800000000470e-01
8.392604200000000070e-01
8.882871799999999540e-01
8.892122999999999555e-01
8.892413200000000018e-01
8.985984000000000194e-01
8.875966699999999765e-01
9.215725900000000248e-01
8.949116200000000187e-01
9.246887999999999774e-01
9.246969800000000017e-01
9.164686199999999561e-01
8.996466800000000319e-01
9.181187800000000232e-01
9.360419599999999507e-01
9.416954499999999895e-01
9.267764800000000136e-01
9.193026199999999593e-01
9.285954199999999492e-01
9.207201000000000413e-01
9.287447800000000475e-01
8.919363300000000550e-01
9.486155400000000348e-01
9.131575299999999951e-01
8.942009400000000552e-01
8.761278599999999805e-01
8.861356799999999811e-01
8.820632999999999946e-01
9.143671899999999964e-01
8.661276999999999449e-01
8.918872399999999701e-01
8.556862499999999816e-01
8.907319200000000103e-01
8.710260899999999751e-01
8.745684400000000025e-01
8.632779699999999501e-01
8.590083299999999866e-01
8.334250199999999609e-01
7.820714699999999908e-01
8.009297399999999456e-01
8.170138000000000122e-01
7.967202399999999685e-01
7.953751100000000518e-01
6.149702000000000224e-01
3.600989099999999943e-01
1.868358900000000045e-01
1.385770700000000036e-02
-1.216212900000000069e-01
-2.381345199999999884e-01
-3.600750999999999813e-01
-4.779196600000000239e-01
-5.656766199999999634e-01
-6.510475100000000515e-01
-7.106904699999999631e-01
-8.185158399999999945e-01
-8.651602699999999535e-01
-8.979295800000000050e-01
-8.878334300000000345e-01
-9.603876799999999658e-01
-9.411388499999999713e-01
-9.881523800000000524e-01
-9.796824200000000538e-01
-7.626654299999999775e-01
-4.695066800000000096e-01
-2.209579899999999930e-01
-1.532236699999999993e-02
7.875714400000000115e-02
2.388687100000000119e-01
3.850669500000000189e-01
4.693171500000000163e-01
5.739847200000000038e-01
6.348697800000000502e-01
6.649532799999999799e-01
7.135403099999999554e-01
7.604661299999999624e-01
7.876002399999999515e-01
8.005670799999999865e-01
7.877781200000000261e-01
8.196529599999999860e-01
8.003683900000000406e-01
8.286085199999999595e-01
8.439558999999999811e-01
8.589220499999999925e-01
8.596144700000000194e-01
8.446635599999999799e-01
8.893036899999999800e-01
9.103607599999999911e-01
9.345215599999999734e-01
9.361414200000000019e-01
9.838275300000000056e-01
9.894757499999999872e-01
9.695500099999999621e-01
1.025794099999999931e+00
9.847972699999999469e-01
1.002106900000000023e+00
1.014085600000000031e+00
1.020783299999999949e+00
1.049731799999999993e+00
1.021544800000000031e+00
1.014239899999999972e+00
1.047176799999999908e+00
1.072755200000000020e+00
1.055768000000000040e+00
1.092964000000000047e+00
1.105575399999999986e+00
1.121690899999999935e+00
1.138183500000000015e+00
1.138343700000000069e+00
1.120798699999999926e+00
1.124108600000000013e+00
1.091220899999999938e+00
1.100568900000000072e+00
1.101642999999999928e+00
1.084245899999999985e+00
1.121375900000000092e+00
1.127166300000000065e+00
1.109720500000000110e+00
1.123033600000000076e+00
1.102224300000000046e+00
1.102970800000000029e+00
1.104050100000000034e+00
1.150691899999999990e+00
1.124185800000000013e+00
1.095935899999999963e+00
1.047297499999999992e+00
1.077053000000000038e+00
1.061273099999999969e+00
1.052216899999999900e+00
1.055095200000000011e+00
1.044120699999999902e+00
1.010081900000000088e+00
1.001007999999999898e+00
9.653828700000000040e-01
9.736746099999999959e-01
9.785526199999999841e-01
9.902348399999999495e-01
9.550353900000000396e-01
9.525546299999999578e-01
9.240297100000000041e-01
9.194121600000000338e-01
9.215390599999999655e-01
8.858808200000000133e-01
5.616049199999999519e-01
3.473610799999999887e-01
1.842513199999999962e-01
1.558829400000000080e-02
-9.876290599999999753e-02
-2.168230800000000014e-01
-3.309507400000000210e-01
-4.216792300000000160e-01
-4.938338299999999736e-01
-5.679522000000000181e-01
-6.230862099999999737e-01
-6.876078199999999807e-01
-7.843075000000000463e-01
-7.749525299999999728e-01
-8.310841399999999712e-01
-9.116342499999999793e-01
-9.111433100000000396e-01
-9.530564200000000152e-01
-8.589050000000000296e-01
-5.828798099999999982e-01
-3.279480000000000173e-01
-9.044539299999999893e-02
1.097495500000000013e-01
1.822300500000000045e-01
3.089790099999999984e-01
4.103045300000000006e-01
5.383089899999999872e-01
6.097193699999999827e-01
6.729313199999999995e-01
6.955472200000000216e-01
6.979771999999999643e-01
7.405482799999999477e-01
7.520788900000000554e-01
8.008876499999999510e-01
8.067859200000000452e-01
8.377064300000000019e-01
8.557484199999999541e-01
8.209178000000000308e-01
8.382365899999999481e-01
8.861013500000000098e-01
9.142220599999999475e-01
9.388428300000000171e-01
9.063687499999999453e-01
9.009547599999999656e-01
9.099734699999999510e-01
9.205497999999999736e-01
9.400822300000000187e-01
9.467599799999999455e-01
9.639055199999999601e-01
9.687331399999999926e-01
9.680753300000000117e-01
9.501055699999999549e-01
9.655850799999999845e-01
9.791772300000000095e-01
9.971680800000000122e-01
9.620570000000000510e-01
9.612380900000000450e-01
9.256852500000000150e-01
9.341722399999999871e-01
9.246055800000000380e-01
9.390933099999999589e-01
9.224022899999999581e-01
9.269841399999999565e-01
9.050114400000000003e-01
8.768001399999999501e-01
8.667824699999999716e-01
8.912962399999999619e-01
8.801475699999999902e-01
8.534904399999999614e-01
8.674128100000000341e-01
9.033926500000000193e-01
9.129859200000000063e-01
8.969566300000000325e-01
9.433833700000000544e-01
9.387749699999999864e-01
9.612523800000000174e-01
9.686307600000000351e-01
9.533171700000000470e-01
9.554039199999999621e-01
9.317053800000000274e-01
9.269661099999999543e-01
9.323192099999999538e-01
9.388852500000000045e-01
9.380604200000000059e-01
8.912415900000000279e-01
8.787751499999999494e-01
8.642515699999999690e-01
8.733183399999999708e-01
9.058573100000000267e-01
8.915091800000000122e-01
8.805169000000000468e-01
8.848212399999999533e-01
8.618227600000000210e-01
9.001089399999999685e-01
8.921963899999999503e-01
8.909769800000000295e-01
8.723838499999999607e-01
8.315949099999999650e-01
6.588611699999999960e-01
3.857908199999999788e-01
1.975516400000000006e-01
2.198728000000000141e-02
-1.207892700000000041e-01
-2.484240899999999863e-01
-3.515259299999999865e-01
-4.466970699999999739e-01
-5.262225499999999556e-01
-5.777665499999999899e-01
-6.222303000000000139e-01
-6.645559899999999853e-01
-7.283650699999999478e-01
-7.797549700000000472e-01
-8.267048299999999461e-01
-8.177244200000000074e-01
-8.327911799999999642e-01
-8.632594900000000182e-01
-8.573323400000000261e-01
-6.361461899999999448e-01
-3.562714399999999948e-01
-6.497019800000000678e-02
1.739135300000000106e-01
2.754301599999999794e-01
4.648246899999999848e-01
5.809794900000000428e-01
6.780175899999999478e-01
7.646813300000000480e-01
8.033361599999999658e-01
8.604245600000000049e-01
8.877300700000000377e-01
8.917350099999999946e-01
8.822968100000000424e-01
8.829499299999999939e-01
9.107085099999999711e-01
9.293973800000000507e-01
9.453414100000000486e-01
9.734063899999999547e-01
9.630484999999999740e-01
9.359144499999999534e-01
9.568868099999999766e-01
9.579437200000000541e-01
9.304681599999999886e-01
9.405477700000000052e-01
9.015956600000000210e-01
9.185862900000000275e-01
9.089314200000000454e-01
8.971150300000000355e-01
8.927159199999999961e-01
8.521761100000000422e-01
8.784790300000000496e-01
8.780526199999999504e-01
8.784631099999999915e-01
8.879335499999999604e-01
8.926157900000000200e-01
8.789913000000000309e-01
8.767180599999999657e-01
8.994084900000000049e-01
9.451869000000000520e-01
9.127072499999999700e-01
9.154024699999999681e-01
8.529388799999999549e-01
8.307260899999999726e-01
8.440227500000000438e-01
8.330138400000000054e-01
8.595186400000000004e-01
7.982521599999999884e-01
8.357845499999999594e-01
8.150926400000000349e-01
8.299832700000000507e-01
8.246953500000000492e-01
8.243431900000000034e-01
8.107848300000000119e-01
7.928722700000000456e-01
8.095359899999999831e-01
7.550821800000000472e-01
7.365632399999999524e-01
7.510685499999999459e-01
7.700159500000000046e-01
7.923865100000000439e-01
7.929671799999999937e-01
8.000234899999999483e-01
8.009821700000000488e-01
8.187482999999999844e-01
8.484894099999999995e-01
8.553832099999999494e-01
8.552101699999999918e-01
8.428957099999999647e-01
8.516660099999999733e-01
8.830546900000000310e-01
8.773354799999999454e-01
9.039509300000000414e-01
8.823772199999999621e-01
9.118709099999999790e-01
9.218478100000000452e-01
9.297883399999999909e-01
9.041343400000000363e-01
9.047039000000000053e-01
8.196703800000000317e-01
5.473720100000000199e-01
3.962462199999999823e-01
1.885528200000000099e-01
4.078029999999999849e-02
-9.173691100000000431e-02
-2.194693299999999903e-01
-3.189856799999999937e-01
-4.177175000000000193e-01
-5.101222800000000390e-01
-5.833340399999999981e-01
-6.682078000000000184e-01
-7.058611200000000085e-01
-7.640542599999999851e-01
-7.781253799999999776e-01
-7.863710299999999709e-01
-8.462527499999999980e-01
-8.741363599999999456e-01
-8.903828499999999480e-01
-7.454739099999999619e-01
-4.579219600000000168e-01
-1.428619999999999890e-01
5.827758799999999823e-02
2.832025100000000184e-01
3.822631300000000065e-01
5.545703800000000294e-01
6.392464100000000427e-01
7.503615900000000227e-01
8.067819800000000097e-01
8.527186100000000435e-01
8.857206399999999480e-01
9.094031900000000279e-01
9.240635000000000376e-01
9.548474300000000525e-01
9.351684599999999792e-01
9.602737900000000160e-01
9.642274699999999754e-01
9.358632000000000062e-01
9.476571400000000089e-01
9.550563899999999773e-01
9.496515500000000110e-01
9.294807600000000170e-01
9.237317999999999918e-01
9.461812099999999948e-01
9.184625400000000495e-01
9.038895099999999516e-01
9.190548200000000501e-01
8.947641499999999803e-01
9.151916599999999624e-01
9.265215799999999557e-01
9.503542200000000273e-01
9.415256699999999812e-01
9.710203800000000163e-01
9.671020999999999646e-01
9.912561399999999523e-01
9.964136199999999999e-01
9.716172800000000276e-01
9.846759099999999876e-01
9.661569899999999933e-01
9.739904099999999731e-01
1.000846499999999972e+00
1.005103499999999928e+00
9.828377200000000258e-01
9.781144899999999476e-01
9.905193599999999599e-01
9.882285200000000547e-01
9.853156400000000481e-01
9.873823000000000460e-01
9.833357200000000242e-01
1.014626500000000098e+00
9.997799099999999939e-01
1.002192799999999995e+00
9.952680600000000100e-01
1.024774700000000038e+00
1.018905900000000031e+00
1.013445099999999988e+00
9.719562800000000058e-01
9.619991399999999748e-01
9.647997600000000062e-01
9.606999299999999797e-01
9.698388700000000195e-01
9.569922600000000390e-01
9.242837499999999595e-01
9.437087499999999851e-01
9.363359399999999777e-01
8.905098999999999654e-01
8.506506200000000240e-01
8.340133400000000474e-01
8.670470099999999514e-01
8.527708999999999984e-01
8.480950400000000222e-01
8.425875299999999735e-01
8.564460699999999482e-01
8.709248699999999621e-01
8.823821200000000475e-01
8.595051999999999692e-01
8.752825600000000428e-01
8.872672900000000418e-01
8.804393900000000439e-01
6.419144300000000358e-01
3.733156400000000041e-01
1.833734200000000092e-01
-2.102137999999999923e-02
-1.935703599999999969e-01
-2.901960299999999937e-01
-4.157177300000000075e-01
-5.205579399999999968e-01
-6.119137199999999943e-01
-6.663065200000000132e-01
-7.207658300000000517e-01
-7.672533200000000164e-01
-8.205709399999999709e-01
-8.768605699999999503e-01
-9.158119399999999910e-01
-9.544113600000000419e-01
-9.582287499999999625e-01
-9.535061400000000020e-01
-9.633414799999999723e-01
-6.748508600000000524e-01
-3.686556599999999961e-01
-1.192822600000000011e-01
9.047318000000000027e-02
2.934923799999999972e-01
3.816181200000000051e-01
4.715545500000000168e-01
5.465205699999999833e-01
6.638072699999999493e-01
7.141442700000000254e-01
7.823012200000000194e-01
8.111700400000000366e-01
8.382376999999999745e-01
8.782360500000000458e-01
8.852776500000000270e-01
8.974287100000000184e-01
9.129606900000000191e-01
9.150153800000000448e-01
9.629001200000000260e-01
9.808222300000000171e-01
1.000410299999999975e+00
9.846418799999999694e-01
9.935072900000000429e-01
9.938920599999999661e-01
1.022621599999999908e+00
1.029846299999999992e+00
9.924317599999999961e-01
1.011811999999999934e+00
1.043486300000000089e+00
1.037592099999999906e+00
1.050865399999999950e+00
1.068660900000000025e+00
1.032985800000000065e+00
1.032358899999999968e+00
1.046810900000000100e+00
1.052786400000000011e+00
1.071015899999999910e+00
1.059843000000000091e+00
1.087101099999999931e+00
1.112038400000000093e+00
1.095294800000000013e+00
1.084542899999999976e+00
1.070554999999999923e+00
1.096925600000000056e+00
1.088836399999999927e+00
1.117475199999999891e+00
1.109642199999999912e+00
1.068982600000000005e+00
1.092036800000000030e+00
1.022381800000000007e+00
1.019346899999999945e+00
1.003097300000000081e+00
1.004224299999999959e+00
1.031576499999999896e+00
1.057150599999999940e+00
1.058912400000000087e+00
1.049865999999999966e+00
1.064351300000000000e+00
1.072831199999999985e+00
1.066102600000000011e+00
1.080874899999999972e+00
1.053303499999999948e+00
1.062496700000000072e+00
1.059484799999999893e+00
1.033061199999999902e+00
1.029589599999999994e+00
1.052674300000000063e+00
1.039865400000000051e+00
1.047820999999999891e+00
1.054230599999999907e+00
1.037406899999999910e+00
1.047310399999999975e+00
1.040298600000000073e+00
1.045057899999999984e+00
1.031208200000000019e+00
1.001410499999999981e+00
9.872449800000000497e-01
9.865599999999999925e-01
1.001204399999999994e+00
8.936829899999999549e-01
5.979423099999999769e-01
4.106170199999999992e-01
1.989249800000000012e-01
5.022625399999999796e-02
-6.241808799999999657e-02
-1.931833400000000089e-01
-2.788983999999999908e-01
-3.774902099999999927e-01
-4.802641300000000113e-01
-5.862825900000000479e-01
-6.472314999999999596e-01
-6.956526499999999835e-01
-7.363756299999999477e-01
-7.914662300000000483e-01
-8.183227800000000274e-01
-8.858941900000000258e-01
-8.983045400000000402e-01
-9.319422099999999931e-01
-7.752888999999999475e-01
-4.753917400000000071e-01
-1.721454199999999934e-01
8.113854099999999459e-02
3.158241800000000099e-01
3.699521399999999849e-01
4.962942900000000268e-01
5.650503900000000135e-01
6.747602600000000006e-01
7.119360099999999525e-01
7.417639299999999603e-01
7.757669099999999762e-01
8.110640700000000258e-01
8.067580100000000254e-01
8.358439899999999811e-01
8.521565800000000523e-01
8.962878399999999468e-01
9.064229700000000500e-01
8.819359100000000451e-01
8.968267800000000456e-01
9.364013700000000107e-01
9.130172500000000024e-01
9.400707900000000450e-01
9.433256500000000155e-01
9.386756800000000123e-01
9.123494699999999957e-01
9.477436599999999878e-01
9.842674900000000227e-01
9.787420900000000090e-01
1.012342099999999911e+00
9.951455799999999741e-01
1.000123000000000095e+00
9.402022500000000171e-01
9.668303900000000395e-01
9.892480299999999449e-01
1.009141400000000077e+00
9.903833300000000062e-01
9.941656300000000224e-01
9.926222399999999890e-01
9.843320399999999637e-01
1.023618600000000045e+00
1.054589999999999916e+00
1.079947999999999908e+00
1.081501199999999940e+00
1.098145900000000008e+00
1.080654299999999957e+00
1.099709000000000048e+00
1.089990999999999932e+00
1.103058600000000000e+00
1.095923699999999945e+00
1.084492500000000081e+00
1.084674099999999974e+00
1.102956199999999942e+00
1.074682899999999997e+00
1.109906800000000082e+00
1.072102700000000075e+00
1.071329900000000057e+00
1.068502999999999981e+00
1.054136900000000043e+00
1.024956699999999943e+00
1.034005999999999981e+00
1.068156499999999953e+00
1.068443899999999891e+00
1.048788700000000018e+00
1.017598500000000072e+00
1.041945899999999980e+00
1.017247999999999930e+00
1.019790600000000103e+00
1.007996899999999973e+00
9.992651700000000359e-01
1.007680399999999921e+00
1.010293300000000061e+00
9.764490999999999588e-01
9.708714000000000510e-01
9.496125199999999600e-01
9.606618500000000394e-01
9.345985300000000384e-01
9.339485400000000492e-01
9.077885700000000169e-01
8.717610199999999976e-01
6.077405700000000355e-01
3.741722299999999946e-01
1.770311599999999930e-01
-2.693741400000000067e-03
-1.306111100000000025e-01
-2.556289900000000004e-01
-3.507277500000000048e-01
-4.306058300000000227e-01
-5.133975800000000200e-01
-5.905534700000000248e-01
-6.520489699999999500e-01
-7.243063600000000379e-01
-8.105262600000000539e-01
-8.497722500000000068e-01
-9.210618600000000100e-01
-9.275591699999999884e-01
-9.504297900000000521e-01
-9.996458000000000288e-01
-9.887523200000000179e-01
-7.014408100000000257e-01
-3.737466700000000031e-01
-1.263569200000000115e-01
7.444601100000000637e-02
2.328257099999999913e-01
3.269784399999999813e-01
4.515324199999999899e-01
5.217277700000000351e-01
6.343114800000000386e-01
6.708106799999999925e-01
7.089689700000000316e-01
7.851335299999999684e-01
8.162848099999999718e-01
8.182792199999999738e-01
8.601250900000000366e-01
8.528535600000000105e-01
8.702780900000000042e-01
8.557445500000000482e-01
8.618889699999999765e-01
8.776843899999999810e-01
8.772027000000000019e-01
9.039624200000000442e-01
9.127962499999999757e-01
9.426159200000000515e-01
9.121166899999999522e-01
9.359279099999999740e-01
9.552798300000000520e-01
9.792933900000000413e-01
1.001515699999999898e+00
1.009992299999999954e+00
1.019802899999999957e+00
1.013736399999999982e+00
1.012327299999999930e+00
1.051188900000000093e+00
1.033505399999999907e+00
1.030117100000000008e+00
1.029490699999999981e+00
1.017961200000000010e+00
1.026497100000000051e+00
1.008810399999999996e+00
1.016408500000000048e+00
1.016399400000000064e+00
1.021710200000000013e+00
1.032919099999999979e+00
1.020035599999999931e+00
1.026784600000000047e+00
1.004376200000000052e+00
1.023537900000000000e+00
1.011843800000000071e+00
9.677887099999999965e-01
9.484887699999999811e-01
9.430259699999999912e-01
9.793197799999999731e-01
9.662355400000000039e-01
9.585336899999999938e-01
9.941956800000000261e-01
9.617879099999999681e-01
9.557922399999999596e-01
9.530341300000000349e-01
9.986436300000000044e-01
9.806503399999999537e-01
9.869166900000000409e-01
9.534957899999999542e-01
9.254693600000000187e-01
9.271392000000000522e-01
9.240668800000000349e-01
8.938763199999999465e-01
9.227795800000000437e-01
9.254861199999999677e-01
9.237514100000000505e-01
9.104370999999999992e-01
8.886107500000000048e-01
8.532395400000000185e-01
8.508927899999999545e-01
8.533958400000000166e-01
8.778086299999999786e-01
8.498168400000000178e-01
8.493125700000000444e-01
7.065715900000000271e-01
4.197891899999999787e-01
2.489651999999999976e-01
5.890879000000000254e-02
-8.642706599999999684e-02
-2.168622500000000064e-01
-3.532747900000000052e-01
-4.214138000000000051e-01
-5.195570800000000045e-01
-5.884410599999999603e-01
-6.419575299999999984e-01
-7.084298300000000381e-01
-7.564521400000000506e-01
-7.863042500000000379e-01
-7.856482299999999475e-01
-8.639769299999999763e-01
-8.875418299999999761e-01
-9.227267200000000003e-01
-9.454034000000000049e-01
-7.495587200000000117e-01
-4.346852500000000230e-01
-1.561867399999999906e-01
1.060458700000000004e-01
3.156539999999999901e-01
3.742863100000000109e-01
4.797422499999999812e-01
5.534339600000000026e-01
6.680848099999999734e-01
7.032868899999999979e-01
7.661162900000000331e-01
8.381501700000000277e-01
8.086679599999999635e-01
7.833441399999999666e-01
8.010598399999999675e-01
8.060881199999999636e-01
8.081603899999999507e-01
8.427218300000000051e-01
8.225478699999999588e-01
8.418285599999999480e-01
8.724293699999999818e-01
8.371678900000000256e-01
8.852842899999999737e-01
9.109619300000000308e-01
9.033924500000000135e-01
9.149857500000000421e-01
9.269307799999999542e-01
9.380828100000000447e-01
9.070441700000000385e-01
9.166644600000000143e-01
9.060959400000000441e-01
9.067130300000000309e-01
8.738660700000000503e-01
8.859259200000000334e-01
8.664051900000000472e-01
8.905508399999999547e-01
9.092256399999999461e-01
9.083235699999999690e-01
8.941421000000000507e-01
9.001778400000000069e-01
9.017151199999999811e-01
9.005567100000000380e-01
9.073543299999999867e-01
8.874603100000000300e-01
8.907431000000000099e-01
8.549660700000000224e-01
8.198586199999999824e-01
8.282127200000000133e-01
8.721636600000000072e-01
8.370443600000000428e-01
8.292011599999999927e-01
8.328010900000000216e-01
8.238548199999999877e-01
7.620209000000000010e-01
7.820319999999999494e-01
8.069645800000000424e-01
8.531778399999999651e-01
8.496668000000000553e-01
8.530493199999999998e-01
8.360349999999999726e-01
8.222531899999999672e-01
8.110386200000000434e-01
7.904637199999999808e-01
8.524644799999999689e-01
9.032116000000000033e-01
9.119055000000000355e-01
8.985531900000000016e-01
9.076234199999999586e-01
8.752921999999999647e-01
8.819270500000000457e-01
8.768396899999999494e-01
8.939198900000000503e-01
9.046184099999999839e-01
8.988285099999999694e-01
8.913207800000000347e-01
8.878445600000000049e-01
8.656841499999999856e-01
8.706343899999999802e-01
8.431870500000000490e-01
8.595297400000000421e-01
6.146850099999999761e-01
4.046657699999999802e-01
2.189356500000000094e-01
6.149538799999999805e-02
-1.186304499999999984e-01
-2.252124000000000070e-01
-3.287456300000000109e-01
-4.441315599999999808e-01
-5.266748999999999459e-01
-5.742061299999999813e-01
-6.485151399999999899e-01
-7.163749799999999945e-01
-7.730988300000000146e-01
-8.328282099999999577e-01
-8.617268700000000337e-01
-9.187761399999999634e-01
-9.302925199999999561e-01
-9.636313899999999766e-01
-9.792163400000000184e-01
-7.127459600000000117e-01
-3.771903999999999813e-01
-1.074049200000000009e-01
1.202924799999999933e-01
2.956296199999999819e-01
3.891042900000000193e-01
5.195917799999999476e-01
5.760798799999999886e-01
6.355923300000000387e-01
7.101956400000000169e-01
7.447084600000000165e-01
7.896215399999999551e-01
8.560859699999999739e-01
8.614374399999999987e-01
8.685702199999999484e-01
8.406795900000000321e-01
8.320164399999999683e-01
8.059560000000000057e-01
8.159272400000000536e-01
8.128423700000000363e-01
8.196286499999999586e-01
8.109860399999999636e-01
8.265929600000000432e-01
8.285507500000000025e-01
8.181334500000000398e-01
8.172777100000000461e-01
8.709257000000000248e-01
8.343897799999999698e-01
8.661862700000000359e-01
8.465043700000000060e-01
8.501533100000000509e-01
8.505239500000000286e-01
8.359761599999999682e-01
8.317810599999999610e-01
8.525799600000000256e-01
8.169430300000000145e-01
8.431161900000000431e-01
8.360397999999999996e-01
8.136313899999999544e-01
8.365940499999999780e-01
8.212002800000000047e-01
8.371233000000000146e-01
8.148859699999999595e-01
8.403677499999999689e-01
8.520672000000000246e-01
8.901460300000000325e-01
8.614452900000000302e-01
8.251977499999999521e-01
8.621911399999999670e-01
8.484891199999999856e-01
8.851774999999999505e-01
8.981134200000000511e-01
8.691138000000000474e-01
8.667329900000000364e-01
8.843514700000000284e-01
8.702882199999999457e-01
8.655364800000000525e-01
8.183951900000000501e-01
8.317454899999999762e-01
8.347255599999999776e-01
8.100824699999999989e-01
8.161605699999999741e-01
7.958910099999999543e-01
7.947807900000000148e-01
7.945210099999999720e-01
8.010429900000000103e-01
7.985826900000000395e-01
7.981426400000000143e-01
8.312933500000000420e-01
8.154462199999999994e-01
8.223947099999999732e-01
8.239777400000000140e-01
8.190409199999999501e-01
8.069004300000000018e-01
7.762224800000000480e-01
7.873484800000000172e-01
8.084934400000000077e-01
8.029860899999999857e-01
7.814247699999999908e-01
6.016438499999999800e-01
3.311191199999999890e-01
1.401302399999999893e-01
-6.151489799999999841e-02
-2.077678599999999987e-01
-3.407970900000000247e-01
-4.562522500000000258e-01
-5.030273299999999947e-01
-5.835356999999999905e-01
-6.540505899999999873e-01
-7.190774199999999672e-01
-7.790581500000000048e-01
-8.213524700000000012e-01
-8.702216400000000185e-01
-8.771924800000000522e-01
-9.152430299999999574e-01
-9.592313799999999668e-01
-9.951147799999999766e-01
-1.008710500000000065e+00
-8.061386999999999858e-01
-4.646616299999999922e-01
-1.851459400000000088e-01
3.611347300000000010e-02
2.211479799999999940e-01
3.180596099999999926e-01
4.233317500000000067e-01
4.905320599999999920e-01
5.973145499999999997e-01
6.768056999999999546e-01
7.368685499999999555e-01
8.070680700000000263e-01
7.853771000000000502e-01
8.263112799999999813e-01
8.262904800000000494e-01
8.960455899999999474e-01
8.860542300000000537e-01
8.871625800000000339e-01
8.847753099999999815e-01
8.915058599999999833e-01
8.829797200000000235e-01
8.785124899999999792e-01
9.036060799999999782e-01
9.208253699999999764e-01
9.561455300000000213e-01
9.668470099999999512e-01
9.660202599999999640e-01
1.000356100000000081e+00
9.666084999999999816e-01
9.912225300000000461e-01
9.728996100000000258e-01
9.805456299999999459e-01
1.021736299999999931e+00
1.017348700000000106e+00
1.041731299999999916e+00
1.021571400000000018e+00
1.027849999999999930e+00
1.016611699999999896e+00
9.969080399999999953e-01
9.938217200000000195e-01
9.773425500000000321e-01
9.694815799999999539e-01
9.642762099999999670e-01
9.721059699999999859e-01
9.714491299999999940e-01
9.933026000000000355e-01
9.648024800000000178e-01
9.621722600000000014e-01
9.660717100000000279e-01
9.496188300000000249e-01
9.292439999999999589e-01
9.318372700000000508e-01
9.140615100000000215e-01
9.268477000000000521e-01
9.366497299999999582e-01
9.194664900000000252e-01
9.205257500000000315e-01
9.621476300000000315e-01
9.643807599999999480e-01
9.608062699999999623e-01
9.352895799999999538e-01
9.546302599999999527e-01
9.769437100000000207e-01
9.529195799999999883e-01
9.476721299999999459e-01
9.486643299999999446e-01
9.488307499999999450e-01
9.160927800000000509e-01
9.199999500000000108e-01
9.241974400000000367e-01
9.500415100000000335e-01
9.033867899999999951e-01
8.755635200000000395e-01
8.393279700000000343e-01
8.323540600000000067e-01
8.324303899999999645e-01
8.132291900000000462e-01
7.804754699999999490e-01
8.030356400000000505e-01
7.574690499999999771e-01
4.584923699999999824e-01
2.372415099999999888e-01
8.325764400000000565e-02
-1.011099399999999954e-01
-2.535525399999999929e-01
-3.763438000000000061e-01
-4.806572499999999803e-01
-5.621383100000000299e-01
-6.549983000000000333e-01
-7.331864200000000054e-01
-7.733492400000000488e-01
-8.336716800000000260e-01
-8.680115800000000048e-01
-9.257336099999999846e-01
-9.590388100000000193e-01
-9.881781400000000382e-01
-1.028670100000000032e+00
-1.048287600000000097e+00
-1.076520900000000003e+00
-7.538955800000000096e-01
-4.662882500000000152e-01
-2.007235800000000125e-01
1.970612000000000058e-02
1.386269900000000055e-01
2.921384100000000150e-01
3.577717300000000100e-01
4.593389800000000078e-01
5.512835000000000374e-01
5.634105600000000047e-01
5.843143699999999718e-01
6.416965799999999609e-01
6.655537700000000445e-01
6.763618200000000025e-01
6.650011999999999590e-01
6.809625700000000448e-01
7.062523600000000235e-01
6.995776200000000111e-01
7.135943099999999539e-01
7.542134900000000419e-01
7.469723700000000521e-01
7.680476600000000209e-01
7.759770000000000278e-01
7.903140600000000404e-01
8.198870600000000008e-01
8.654908700000000232e-01
8.586962799999999785e-01
8.682934199999999825e-01
8.793488400000000205e-01
8.983640099999999906e-01
8.798270299999999544e-01
8.987563699999999711e-01
8.825688800000000001e-01
8.802289199999999703e-01
8.652671299999999954e-01
8.986019200000000540e-01
8.877214700000000125e-01
9.057860800000000490e-01
9.260728900000000374e-01
9.240886900000000459e-01
9.212452700000000050e-01
9.123317899999999758e-01
9.004702900000000065e-01
9.312213000000000296e-01
9.010583800000000476e-01
9.172811899999999685e-01
8.788289200000000134e-01
8.873687599999999787e-01
8.635308200000000323e-01
8.762445300000000215e-01
9.068979700000000532e-01
9.091874199999999684e-01
9.027266200000000351e-01
9.224229000000000456e-01
9.019149699999999825e-01
8.729291200000000028e-01
8.655419800000000441e-01
8.707277700000000120e-01
8.891597399999999762e-01
8.542874599999999985e-01
8.618738099999999625e-01
8.820262199999999719e-01
8.507890799999999754e-01
8.304847699999999833e-01
8.246737200000000545e-01
8.329674599999999929e-01
8.608450699999999900e-01
8.532228499999999771e-01
8.295744999999999925e-01
7.937785000000000535e-01
8.151028299999999449e-01
7.970708699999999869e-01
7.946620199999999690e-01
7.932153100000000068e-01
7.971202299999999852e-01
7.376998000000000166e-01
7.014418700000000229e-01
7.107281699999999924e-01
7.082085299999999473e-01
5.172311499999999729e-01
2.463442399999999921e-01
4.502734900000000123e-02
-1.161854100000000029e-01
-2.791669099999999903e-01
-4.245910099999999909e-01
-5.241738099999999623e-01
-6.263363699999999756e-01
-6.894420799999999572e-01
-7.633778100000000455e-01
-8.695783799999999841e-01
-9.451574499999999546e-01
-9.508836800000000089e-01
-9.796206800000000214e-01
-1.031600300000000026e+00
-1.090226700000000104e+00
-1.089646300000000068e+00
-1.142862499999999892e+00
-1.119956399999999963e+00
-9.500645599999999469e-01
-6.022123700000000524e-01
-3.461629199999999851e-01
-1.156070500000000029e-01
8.728520800000000301e-02
1.982421099999999992e-01
2.955358299999999994e-01
3.596283599999999803e-01
4.731619200000000136e-01
5.334925099999999754e-01
5.659775500000000514e-01
5.562949600000000050e-01
6.329566199999999698e-01
6.368726900000000191e-01
6.490429599999999466e-01
6.483739299999999872e-01
6.783604899999999827e-01
6.810880599999999951e-01
6.929887599999999814e-01
7.267398200000000363e-01
7.641069799999999912e-01
7.490225999999999829e-01
7.745450299999999677e-01
7.440822999999999743e-01
7.521307799999999988e-01
7.794609999999999594e-01
7.668830700000000000e-01
7.786795300000000086e-01
8.056890399999999675e-01
8.124058199999999452e-01
8.099199200000000154e-01
8.386481399999999864e-01
8.182302799999999765e-01
8.013270200000000010e-01
8.152739799999999537e-01
8.032523900000000383e-01
8.282794399999999779e-01
8.534143899999999672e-01
8.677207700000000301e-01
8.657274499999999540e-01
8.912094600000000089e-01
8.844468300000000172e-01
8.673011800000000049e-01
8.735449299999999972e-01
8.750495299999999643e-01
8.911571400000000143e-01
8.951496300000000295e-01
8.625077599999999567e-01
8.949640599999999502e-01
8.856437299999999624e-01
8.845998600000000156e-01
8.809429100000000235e-01
8.949093599999999871e-01
8.952927899999999495e-01
8.613512700000000022e-01
8.764274300000000073e-01
8.697634100000000146e-01
8.784140299999999568e-01
8.830991999999999731e-01
8.700374899999999689e-01
8.409239099999999967e-01
8.590744799999999737e-01
8.821675500000000225e-01
8.593917300000000203e-01
8.514402399999999593e-01
8.715571399999999525e-01
8.751566600000000307e-01
8.757589000000000068e-01
8.666038299999999639e-01
8.652739699999999479e-01
8.494221499999999869e-01
8.437313600000000413e-01
8.499831399999999704e-01
8.621858500000000314e-01
8.631933000000000522e-01
8.650038599999999578e-01
8.359285600000000427e-01
8.130078699999999658e-01
8.048981100000000000e-01
7.933939199999999747e-01
4.744278499999999843e-01
2.960529199999999972e-01
1.058391399999999982e-01
-2.933320700000000003e-02
-1.672255099999999939e-01
-2.691373300000000079e-01
-3.525991399999999776e-01
-4.583695500000000145e-01
-5.369219800000000209e-01
-6.001041900000000373e-01
-6.653511100000000233e-01
-7.010901400000000283e-01
-7.864489300000000460e-01
-8.126085800000000248e-01
-8.418894000000000100e-01
-9.109036299999999642e-01
-9.196951799999999455e-01
-9.602845399999999643e-01
-8.574936300000000067e-01
-6.021938500000000305e-01
-3.020087100000000135e-01
-5.320291299999999751e-02
9.079227600000000509e-02
2.837882600000000144e-01
4.485794900000000252e-01
5.254615200000000153e-01
6.436445400000000427e-01
7.009641899999999870e-01
7.608268200000000148e-01
7.813465400000000338e-01
8.346689000000000469e-01
8.473652400000000195e-01
8.851969699999999719e-01
8.739508000000000276e-01
8.746971500000000344e-01
8.808255200000000285e-01
8.828408199999999706e-01
8.953947700000000065e-01
8.869732900000000253e-01
9.126737600000000006e-01
8.679835500000000481e-01
8.994741400000000331e-01
9.165590700000000313e-01
9.033937800000000351e-01
9.179788500000000129e-01
9.384580799999999723e-01
9.317834000000000394e-01
9.486975300000000111e-01
9.973079400000000039e-01
9.824810099999999879e-01
9.909731099999999904e-01
9.869414399999999477e-01
1.030916399999999955e+00
1.002365100000000009e+00
9.908835099999999674e-01
1.003759700000000032e+00
9.821973499999999691e-01
1.005092000000000096e+00
1.012015099999999945e+00
1.025677699999999914e+00
1.033527800000000108e+00
1.022610500000000089e+00
1.021917299999999917e+00
1.064193900000000026e+00
1.059318800000000005e+00
1.052840800000000021e+00
1.081179300000000065e+00
1.058933899999999984e+00
1.056898399999999905e+00
1.066433299999999917e+00
1.051921000000000106e+00
1.085976899999999912e+00
1.083938899999999927e+00
1.080582099999999990e+00
1.054615700000000045e+00
1.035166999999999948e+00
1.079385999999999957e+00
1.059763999999999928e+00
1.044126799999999911e+00
1.057133499999999948e+00
1.056233699999999942e+00
1.044662500000000049e+00
1.029676100000000094e+00
1.031044700000000036e+00
1.050770999999999900e+00
1.081357499999999972e+00
1.050212200000000040e+00
1.058923599999999965e+00
1.028752399999999900e+00
1.033346700000000062e+00
1.040962799999999966e+00
1.070001200000000097e+00
1.034924600000000083e+00
1.010183499999999901e+00
1.016185300000000069e+00
1.006227500000000052e+00
9.955474100000000215e-01
9.647268399999999744e-01
7.847293400000000529e-01
5.186746399999999646e-01
3.527548600000000034e-01
1.574068999999999885e-01
1.856226399999999846e-02
-1.648297400000000024e-01
-2.576541700000000157e-01
-3.788790899999999739e-01
-4.538165000000000115e-01
-5.188788699999999920e-01
-5.945364899999999730e-01
-7.094941599999999848e-01
-7.192675400000000385e-01
-8.175308799999999598e-01
-8.297232399999999730e-01
-8.739342199999999838e-01
-9.099358899999999695e-01
-9.304932599999999887e-01
-9.349218000000000250e-01
-7.466758399999999796e-01
-4.430399899999999946e-01
-1.595637699999999937e-01
8.756244400000000316e-02
2.957884499999999806e-01
3.447589300000000190e-01
4.624244200000000027e-01
5.832272800000000146e-01
6.419690999999999592e-01
6.928967299999999607e-01
7.373501700000000270e-01
7.560529700000000464e-01
7.695636900000000225e-01
7.850100500000000148e-01
8.127987700000000038e-01
8.119088899999999942e-01
8.659705899999999845e-01
8.506328899999999749e-01
8.729608100000000315e-01
8.388021500000000241e-01
8.532234400000000552e-01
8.359066000000000551e-01
8.437688800000000544e-01
8.519447799999999571e-01
8.532695999999999614e-01
8.545549500000000354e-01
8.493647600000000519e-01
8.623385300000000475e-01
8.732849299999999593e-01
8.445135499999999462e-01
8.566383899999999718e-01
8.319668599999999747e-01
8.256050700000000520e-01
8.586229499999999959e-01
8.334059299999999615e-01
8.519161899999999621e-01
8.734252200000000022e-01
9.224558299999999766e-01
8.935080499999999981e-01
9.063606100000000110e-01
9.135193499999999522e-01
9.363762300000000316e-01
9.316240300000000474e-01
9.316327699999999989e-01
9.436503699999999606e-01
9.275561599999999629e-01
9.599735700000000538e-01
9.647854700000000339e-01
9.539393800000000034e-01
9.382274299999999734e-01
9.177821299999999738e-01
9.426975600000000455e-01
9.268603100000000206e-01
9.253239300000000167e-01
9.191594100000000100e-01
8.793460100000000113e-01
8.972668700000000497e-01
8.734477699999999567e-01
8.677933899999999978e-01
8.787582800000000027e-01
8.915448799999999840e-01
8.857495499999999966e-01
8.625750599999999491e-01
8.694792900000000158e-01
8.730006599999999839e-01
8.802480400000000094e-01
8.933758400000000321e-01
8.647773399999999500e-01
8.521178900000000445e-01
8.542131099999999977e-01
8.905968300000000060e-01
8.641058600000000034e-01
8.774007200000000228e-01
9.054670400000000008e-01
9.041854999999999754e-01
9.116041799999999862e-01
9.262816900000000464e-01
9.040459699999999765e-01
8.664991199999999560e-01
6.580930499999999572e-01
3.480119099999999799e-01
1.789907099999999973e-01
1.878582200000000063e-02
-8.438603699999999708e-02
-2.459655699999999945e-01
-3.142676200000000253e-01
-4.174002800000000124e-01
-4.901642299999999786e-01
-5.752230299999999685e-01
-6.259970500000000548e-01
-6.460062300000000146e-01
-7.380307499999999576e-01
-7.737957100000000255e-01
-8.300834299999999555e-01
-8.095069700000000479e-01
-8.668748200000000459e-01
-8.911972700000000414e-01
-8.088638200000000111e-01
-5.196409300000000009e-01
-2.350032999999999983e-01
4.253196899999999760e-03
2.133597100000000080e-01
3.113429799999999914e-01
4.386871600000000204e-01
5.341671300000000455e-01
6.787920499999999802e-01
7.176324899999999563e-01
7.616950200000000004e-01
8.105907300000000371e-01
8.650487500000000329e-01
8.810806399999999705e-01
8.732844499999999899e-01
8.993542900000000007e-01
8.940146900000000008e-01
9.115019899999999842e-01
8.941064399999999468e-01
9.028549900000000239e-01
9.158476700000000026e-01
8.882190899999999889e-01
9.142586299999999611e-01
9.175910499999999637e-01
8.898130699999999838e-01
9.103576700000000077e-01
9.147551999999999905e-01
9.145612899999999712e-01
9.080620499999999540e-01
9.413785900000000151e-01
9.081645699999999488e-01
9.262677799999999850e-01
9.327600000000000335e-01
9.244815899999999642e-01
9.079179499999999736e-01
9.032294600000000395e-01
9.412347100000000300e-01
9.295802199999999571e-01
9.434186199999999856e-01
9.556584999999999663e-01
9.786118999999999790e-01
9.451164399999999466e-01
9.539542500000000036e-01
9.692709600000000147e-01
9.522998499999999478e-01
9.640369100000000246e-01
9.524266099999999513e-01
9.445807200000000403e-01
9.080090499999999842e-01
9.325616500000000197e-01
9.021835700000000458e-01
9.241432299999999822e-01
9.194970900000000169e-01
9.382028000000000034e-01
9.131723999999999952e-01
9.114244700000000421e-01
8.985369600000000512e-01
9.119989899999999539e-01
9.408566099999999821e-01
9.052806700000000095e-01
9.138443400000000327e-01
9.136610600000000248e-01
9.383169799999999672e-01
9.018757099999999971e-01
9.021106500000000139e-01
8.906249299999999813e-01
9.038751699999999500e-01
9.185609799999999714e-01
8.944889700000000499e-01
9.101041300000000112e-01
9.009295499999999679e-01
9.074963099999999727e-01
9.209888200000000413e-01
9.338868799999999748e-01
8.744449600000000489e-01
8.922466599999999692e-01
8.927502400000000282e-01
8.770668600000000037e-01
8.570816700000000177e-01
8.334927399999999542e-01
6.353097100000000275e-01
3.571248200000000095e-01
1.767922600000000066e-01
2.153147999999999868e-02
-1.134889800000000032e-01
-2.344126699999999897e-01
-3.472952300000000103e-01
-4.631389399999999990e-01
-5.282228599999999608e-01
-6.288562399999999553e-01
-7.031026299999999507e-01
-7.844827899999999854e-01
-8.306455900000000447e-01
-8.891791300000000398e-01
-9.396023500000000306e-01
-9.605186000000000002e-01
-1.017850799999999944e+00
-1.054968499999999976e+00
-1.051011899999999999e+00
-8.037468800000000524e-01
-4.719257199999999930e-01
-2.057723200000000086e-01
1.802527199999999843e-02
2.099235700000000038e-01
2.647939200000000159e-01
4.160762100000000019e-01
5.118966499999999531e-01
6.339674299999999985e-01
7.154794899999999958e-01
7.258017399999999730e-01
7.306526700000000041e-01
7.588313700000000050e-01
7.751635300000000450e-01
7.581866000000000438e-01
7.903768899999999986e-01
7.837437600000000115e-01
7.950625500000000345e-01
7.816533100000000456e-01
8.072157500000000097e-01
8.019720999999999655e-01
7.960072599999999943e-01
8.079036899999999521e-01
7.965811200000000314e-01
8.021114700000000486e-01
8.243098100000000317e-01
8.276076900000000069e-01
8.154739100000000240e-01
8.040144700000000366e-01
7.954539400000000260e-01
8.025914899999999630e-01
8.170514100000000335e-01
8.599995799999999857e-01
8.514070700000000436e-01
8.589255900000000166e-01
8.463530999999999693e-01
8.307858799999999766e-01
8.411710199999999915e-01
8.434460099999999683e-01
8.672787400000000479e-01
8.508975399999999523e-01
8.467573699999999537e-01
8.469356500000000398e-01
8.611730899999999744e-01
8.476660200000000200e-01
8.530140099999999892e-01
8.814680999999999766e-01
8.689880700000000013e-01
8.982523100000000538e-01
8.735809900000000017e-01
8.623171699999999662e-01
9.005194199999999594e-01
8.296914899999999760e-01
8.263193800000000477e-01
8.406931899999999791e-01
8.160493899999999856e-01
8.664358199999999677e-01
8.911880300000000199e-01
8.977780199999999544e-01
8.291877699999999907e-01
8.591423000000000254e-01
8.297256699999999707e-01
8.451436700000000135e-01
8.151928400000000297e-01
8.073325900000000166e-01
8.559067099999999595e-01
8.238246999999999653e-01
7.878676799999999592e-01
7.982806000000000068e-01
8.044841799999999932e-01
7.959716500000000305e-01
8.182017999999999791e-01
7.925996299999999994e-01
8.215294100000000155e-01
8.169155599999999851e-01
7.939414000000000193e-01
8.051738400000000295e-01
7.863500599999999618e-01
7.783782299999999488e-01
6.622165599999999541e-01
4.001420900000000058e-01
2.284861300000000095e-01
2.737671800000000127e-02
-1.324627800000000022e-01
-2.524941299999999833e-01
-3.716886799999999935e-01
-4.663078999999999974e-01
-5.295903299999999980e-01
-6.235909099999999983e-01
-7.026799799999999818e-01
-7.429523700000000286e-01
-8.407949599999999801e-01
-8.923644499999999757e-01
-9.087025499999999978e-01
-9.244266599999999556e-01
-9.388178799999999935e-01
-9.621148299999999765e-01
-9.762335599999999447e-01
-8.939118099999999734e-01
-5.873135999999999912e-01
-2.782616299999999820e-01
-1.183459799999999999e-02
1.895599599999999996e-01
3.123164999999999969e-01
4.491678000000000059e-01
5.458380299999999741e-01
6.707796799999999893e-01
7.382955100000000437e-01
7.291490499999999653e-01
7.711806399999999728e-01
7.841044700000000534e-01
7.667133000000000420e-01
7.992950300000000174e-01
8.153028799999999521e-01
8.823637399999999520e-01
9.249288900000000035e-01
9.435388399999999898e-01
9.482783299999999471e-01
9.785049099999999500e-01
1.000599100000000075e+00
9.626612799999999526e-01
9.663310400000000300e-01
9.635799000000000447e-01
9.456668200000000191e-01
9.917430999999999885e-01
9.830508100000000526e-01
1.030868200000000012e+00
1.015740800000000110e+00
1.020036100000000001e+00
1.004358400000000096e+00
1.023604900000000040e+00
1.004363799999999918e+00
1.006534800000000063e+00
1.016848600000000102e+00
1.054201900000000025e+00
1.037140299999999904e+00
1.013519800000000082e+00
1.028408999999999907e+00
1.032747800000000105e+00
1.010402299999999975e+00
1.027256500000000017e+00
1.030524199999999890e+00
1.070022699999999993e+00
1.060132899999999934e+00
1.052251199999999942e+00
1.047295700000000052e+00
1.021699799999999936e+00
1.002267400000000031e+00
9.758105599999999935e-01
1.003211899999999934e+00
9.946374999999999522e-01
1.001691600000000015e+00
9.867077199999999548e-01
9.896382000000000234e-01
1.001262000000000096e+00
9.817175200000000101e-01
9.812819999999999876e-01
9.705414300000000383e-01
9.888892500000000529e-01
9.857875699999999464e-01
9.787353100000000250e-01
9.972484499999999530e-01
9.726850599999999902e-01
9.759826400000000124e-01
9.575376300000000285e-01
8.940011100000000432e-01
8.781348700000000118e-01
8.774724099999999805e-01
8.517211599999999772e-01
8.293310499999999585e-01
8.359519899999999781e-01
8.608730199999999888e-01
8.727495699999999745e-01
8.705144299999999502e-01
8.624431900000000262e-01
8.158624899999999958e-01
7.975877799999999684e-01
7.919662100000000038e-01
5.551443200000000244e-01
3.449396599999999813e-01
1.595652999999999933e-01
4.516577899999999791e-03
-1.457483499999999987e-01
-2.922605899999999868e-01
-4.048100499999999768e-01
-5.093613700000000355e-01
-5.555893899999999608e-01
-6.549179699999999604e-01
-7.441885099999999698e-01
-7.971641000000000421e-01
-8.613968899999999707e-01
-9.025131400000000470e-01
-9.441705200000000131e-01
-9.646687800000000035e-01
-9.942376600000000231e-01
-1.006514200000000026e+00
-9.957044900000000531e-01
-7.447577300000000067e-01
-4.192106099999999835e-01
-1.182197599999999932e-01
8.239441399999999915e-02
1.888802800000000115e-01
3.442751900000000087e-01
4.516836699999999816e-01
5.277843599999999524e-01
6.135690700000000497e-01
6.987891999999999992e-01
7.303543200000000013e-01
7.756684299999999643e-01
7.934060099999999949e-01
8.203549999999999454e-01
8.820242099999999752e-01
8.849396699999999560e-01
9.289426100000000019e-01
9.444713999999999610e-01
9.655762500000000248e-01
9.812793199999999549e-01
9.942161099999999863e-01
1.001693900000000026e+00
1.001387900000000108e+00
9.961476099999999612e-01
9.989325199999999905e-01
9.966439799999999849e-01
9.787605099999999725e-01
1.026434300000000022e+00
1.012962200000000035e+00
1.057294299999999909e+00
1.073529900000000037e+00
1.064133900000000077e+00
1.075715399999999988e+00
1.032055200000000061e+00
1.013168400000000080e+00
1.030626899999999901e+00
1.068583199999999955e+00
1.051880699999999891e+00
1.068440800000000079e+00
1.057907099999999989e+00
1.028461999999999987e+00
1.019766600000000079e+00
1.023875700000000055e+00
1.018590200000000001e+00
1.011921499999999918e+00
1.045772200000000041e+00
9.863500499999999782e-01
1.003129099999999996e+00
9.740820500000000326e-01
9.653462400000000221e-01
9.758547699999999825e-01
9.527586000000000110e-01
9.755679800000000013e-01
9.514057399999999998e-01
1.002756200000000097e+00
9.736218899999999898e-01
9.601944000000000035e-01
9.917646100000000464e-01
1.014853199999999900e+00
9.916854000000000502e-01
9.878542099999999548e-01
9.799734500000000237e-01
9.689176999999999929e-01
9.314368800000000226e-01
9.393848399999999987e-01
9.204880399999999518e-01
9.117840099999999781e-01
8.910369999999999679e-01
9.125915100000000502e-01
9.078996299999999575e-01
8.998136700000000099e-01
9.079585500000000309e-01
8.878374599999999672e-01
9.297706100000000529e-01
8.797366699999999984e-01
9.181655399999999467e-01
9.263842199999999805e-01
8.953502100000000352e-01
8.792910299999999735e-01
8.186739699999999731e-01
5.123268800000000400e-01
3.156372299999999909e-01
8.726490800000000214e-02
-5.820808200000000127e-02
-1.849692300000000122e-01
-2.369157600000000030e-01
-3.489895599999999765e-01
-4.449434299999999731e-01
-4.971400699999999895e-01
-5.793268799999999885e-01
-6.488456799999999802e-01
-6.802729800000000271e-01
-7.067823300000000142e-01
-7.311437499999999812e-01
-7.696543599999999818e-01
-7.938585700000000411e-01
-8.570428900000000016e-01
-8.743032699999999657e-01
-7.716584399999999455e-01
-4.358162899999999951e-01
-1.301368699999999878e-01
8.411869499999999333e-02
3.105545200000000006e-01
3.592937600000000176e-01
5.134227300000000493e-01
5.862793499999999769e-01
6.868723199999999807e-01
7.647622200000000481e-01
7.736875699999999911e-01
8.404457100000000125e-01
8.848947200000000235e-01
9.075386500000000023e-01
9.040089399999999831e-01
9.044836699999999619e-01
9.137376799999999966e-01
9.262239599999999573e-01
9.381458999999999770e-01
9.374104399999999560e-01
9.266097500000000098e-01
9.254289500000000279e-01
9.217002300000000092e-01
9.282992899999999992e-01
9.276925000000000310e-01
9.512546100000000004e-01
9.397219999999999462e-01
9.494800100000000409e-01
9.346116899999999950e-01
9.127692099999999975e-01
9.671740500000000074e-01
9.491822199999999654e-01
9.596834300000000040e-01
9.713683699999999810e-01
9.530521899999999658e-01
1.015818700000000074e+00
1.023103000000000096e+00
1.050866199999999973e+00
1.055997999999999992e+00
1.008613800000000005e+00
1.020489600000000108e+00
1.031946299999999983e+00
1.015916499999999889e+00
1.018474099999999938e+00
1.006911300000000065e+00
9.878323100000000467e-01
1.013972600000000002e+00
1.041866699999999923e+00
1.033604399999999979e+00
1.059490100000000101e+00
1.056104600000000060e+00
1.049733000000000027e+00
1.065932600000000008e+00
1.067591600000000085e+00
1.073176899999999989e+00
1.114837199999999973e+00
1.101277300000000015e+00
1.088789000000000007e+00
1.059144899999999945e+00
1.031878700000000038e+00
1.066754500000000050e+00
1.035460899999999906e+00
1.018090900000000021e+00
9.968078799999999795e-01
9.783144299999999571e-01
9.755563600000000113e-01
9.857462299999999455e-01
9.637476499999999557e-01
9.618417500000000508e-01
9.735327900000000367e-01
9.739851800000000059e-01
9.595943999999999585e-01
9.851580399999999571e-01
9.623650999999999733e-01
9.311130499999999977e-01
9.420382499999999659e-01
9.436766699999999952e-01
9.173108800000000507e-01
9.297575900000000226e-01
9.187354100000000301e-01
6.899121999999999755e-01
4.381153500000000145e-01
2.480771499999999963e-01
7.148263600000000217e-02
-8.427890500000000118e-02
-1.996663399999999977e-01
-3.330024100000000264e-01
-4.327800700000000167e-01
-5.441039899999999818e-01
-6.360501200000000521e-01
-6.675192300000000190e-01
-7.622222600000000403e-01
-8.058754099999999587e-01
-8.416550600000000104e-01
-9.007142000000000204e-01
-9.231043599999999572e-01
-9.633617199999999769e-01
-9.827363500000000363e-01
-1.030787399999999909e+00
-7.408782099999999815e-01
-4.357220500000000274e-01
-1.775742899999999957e-01
7.889000100000000126e-02
2.276166699999999932e-01
2.502020099999999747e-01
3.798009099999999916e-01
4.156837600000000132e-01
5.419046800000000275e-01
6.126161700000000154e-01
6.635214099999999782e-01
6.922681800000000107e-01
7.027528299999999950e-01
7.235775399999999635e-01
7.677500600000000119e-01
7.965588999999999587e-01
8.395473700000000150e-01
8.516643200000000302e-01
8.394018100000000260e-01
8.440850199999999637e-01
8.784902300000000386e-01
8.824988400000000066e-01
8.754498800000000136e-01
8.603570900000000465e-01
8.590817099999999984e-01
8.577344900000000161e-01
9.061229800000000223e-01
8.858618000000000325e-01
8.987382099999999818e-01
8.880605900000000386e-01
9.034542500000000143e-01
9.244405399999999773e-01
9.132090999999999958e-01
9.226700399999999691e-01
9.128231999999999458e-01
9.211058300000000143e-01
9.298187399999999769e-01
9.485281899999999933e-01
9.573871200000000359e-01
9.376870299999999769e-01
9.314046999999999743e-01
9.756460500000000424e-01
9.544698099999999741e-01
9.756521299999999508e-01
9.732595200000000446e-01
9.753490599999999899e-01
9.715795299999999690e-01
9.882856700000000050e-01
1.018770299999999907e+00
9.809073600000000059e-01
9.848120200000000102e-01
1.002811300000000072e+00
1.014556199999999908e+00
1.029945300000000064e+00
1.011028599999999944e+00
1.027882900000000044e+00
1.040928099999999912e+00
1.039440099999999978e+00
1.076722100000000015e+00
1.046483700000000017e+00
1.016288000000000080e+00
1.011302600000000051e+00
1.022216100000000072e+00
1.012930499999999956e+00
1.012811899999999987e+00
1.023663699999999954e+00
9.877727400000000380e-01
9.790963900000000386e-01
9.696322699999999628e-01
9.515339900000000517e-01
9.516992699999999861e-01
9.476308399999999743e-01
9.509965500000000516e-01
9.537028199999999512e-01
9.830104400000000409e-01
9.769307699999999484e-01
9.437256299999999820e-01
9.184914299999999976e-01
9.145935200000000487e-01
7.908975099999999703e-01
5.091272900000000101e-01
3.277976499999999960e-01
1.424448000000000103e-01
-2.728952599999999971e-03
-1.676208399999999932e-01
-2.358945899999999873e-01
-3.537595599999999729e-01
-4.562017600000000117e-01
-5.348050100000000251e-01
-6.182981400000000516e-01
-6.873136300000000087e-01
-7.247450699999999912e-01
-8.056456100000000120e-01
-8.664029899999999840e-01
-9.151382500000000420e-01
-9.296475499999999892e-01
-9.558853099999999881e-01
-1.008516200000000085e+00
-8.557333599999999985e-01
-5.603341200000000466e-01
-2.528594200000000014e-01
1.579360399999999928e-02
1.108048900000000031e-01
2.553208299999999986e-01
3.560128100000000129e-01
4.534238999999999908e-01
5.580950799999999656e-01
6.118611999999999940e-01
6.692172400000000465e-01
7.093096300000000243e-01
6.897415700000000260e-01
7.160580199999999618e-01
7.234804400000000024e-01
7.186515599999999671e-01
7.258851899999999580e-01
7.074045100000000419e-01
7.070886800000000250e-01
7.390234700000000156e-01
7.047910099999999956e-01
7.139237000000000499e-01
7.450089399999999529e-01
7.811192700000000322e-01
7.560850099999999463e-01
7.451231600000000066e-01
7.806795899999999788e-01
7.910505700000000084e-01
8.018776600000000476e-01
8.108809000000000156e-01
8.169631299999999818e-01
8.207938000000000178e-01
8.230804099999999845e-01
8.022317399999999710e-01
8.165720199999999540e-01
8.227925400000000167e-01
8.140170100000000408e-01
8.498959499999999556e-01
7.970815300000000381e-01
8.041572500000000456e-01
8.253201700000000196e-01
8.036815999999999960e-01
8.257071000000000272e-01
8.392466400000000437e-01
8.516989799999999944e-01
8.312463700000000122e-01
8.424833299999999747e-01
8.267959599999999964e-01
8.401130900000000068e-01
8.295769899999999586e-01
8.387831399999999826e-01
8.236515599999999493e-01
8.314725600000000272e-01
8.224689400000000372e-01
8.197753500000000138e-01
8.011292800000000547e-01
8.212794700000000114e-01
8.125106899999999799e-01
8.308605999999999492e-01
8.712419500000000427e-01
8.388384800000000530e-01
8.322954999999999659e-01
8.396873200000000148e-01
8.063375200000000298e-01
8.138636099999999596e-01
8.237434900000000226e-01
8.721497900000000358e-01
8.420471000000000483e-01
8.797721400000000358e-01
8.946520599999999712e-01
8.468714400000000309e-01
8.769426799999999744e-01
8.809293200000000157e-01
8.988840799999999742e-01
8.553250399999999809e-01
8.563046899999999795e-01
8.750124599999999919e-01
8.731409900000000057e-01
8.421730200000000499e-01
8.008294500000000538e-01
5.140315899999999827e-01
2.954861200000000188e-01
1.082734000000000057e-01
-2.989230799999999938e-02
-1.558174599999999910e-01
-2.988957700000000051e-01
-4.119336499999999845e-01
-4.868785999999999947e-01
-5.396138900000000405e-01
-5.692439500000000541e-01
-6.255686400000000091e-01
-6.799567800000000384e-01
-7.346083799999999497e-01
-7.787800000000000278e-01
-8.163304399999999905e-01
-8.467198099999999616e-01
-8.254096100000000158e-01
-7.535188200000000336e-01
-7.515039999999999498e-01
-4.896507999999999972e-01
-1.802051899999999873e-01
1.146667700000000012e-01
2.821499399999999880e-01
3.462703899999999835e-01
4.653594899999999868e-01
5.930168200000000001e-01
6.604709500000000011e-01
7.394255600000000372e-01
7.844689400000000035e-01
8.159451500000000079e-01
8.164698000000000233e-01
8.007786599999999755e-01
8.157958699999999785e-01
8.553905800000000115e-01
8.883794400000000202e-01
9.272943500000000450e-01
9.005765500000000312e-01
9.008412599999999770e-01
9.068245900000000415e-01
9.045668500000000334e-01
9.197941899999999560e-01
9.162306000000000061e-01
9.081244000000000538e-01
9.276252400000000176e-01
8.876502200000000453e-01
8.959725699999999682e-01
9.024648299999999956e-01
9.038777199999999956e-01
9.016714900000000199e-01
9.359258099999999692e-01
9.308860899999999994e-01
8.859295700000000551e-01
9.046708999999999445e-01
9.141225200000000495e-01
9.029909600000000092e-01
8.952977600000000535e-01
9.091497699999999682e-01
9.158201700000000445e-01
8.990815599999999463e-01
8.932167899999999827e-01
8.771539200000000314e-01
8.511125499999999677e-01
8.413098599999999649e-01
8.731687900000000280e-01
8.398640699999999626e-01
8.364551799999999648e-01
8.206125499999999962e-01
7.700970299999999602e-01
7.578211400000000042e-01
7.754357400000000400e-01
7.720349499999999976e-01
7.583122399999999708e-01
7.431639500000000176e-01
7.627901700000000451e-01
7.663731999999999767e-01
7.834847999999999812e-01
7.901690799999999681e-01
7.926039000000000279e-01
7.898676599999999715e-01
8.045729499999999534e-01
7.680179400000000101e-01
8.002705599999999642e-01
7.909209499999999560e-01
7.952571400000000290e-01
7.980341300000000082e-01
7.790097400000000061e-01
7.639666999999999986e-01
7.916294600000000070e-01
7.935606600000000288e-01
7.769418799999999736e-01
7.857333600000000473e-01
7.721554999999999946e-01
7.613011299999999926e-01
7.446848200000000251e-01
7.481227599999999978e-01
7.711188500000000223e-01
7.367831700000000428e-01
5.924170300000000111e-01
3.555150799999999833e-01
1.549263800000000024e-01
7.337275400000000010e-03
-1.198455699999999985e-01
-2.389059500000000058e-01
-3.513886900000000035e-01
-4.507292900000000047e-01
-5.396777900000000461e-01
-6.146423300000000145e-01
-6.848864099999999455e-01
-7.752879499999999480e-01
-8.194858200000000314e-01
-8.587824600000000252e-01
-9.273776200000000136e-01
-9.191724300000000403e-01
-9.440237599999999896e-01
-1.006760199999999994e+00
-9.931516500000000525e-01
-8.422431200000000118e-01
-5.247218700000000347e-01
-2.373549699999999985e-01
-4.136858000000000202e-02
1.415676800000000013e-01
1.932297199999999937e-01
3.103786199999999940e-01
3.685355799999999737e-01
4.545293200000000144e-01
5.319756300000000326e-01
5.747998500000000011e-01
5.931799700000000009e-01
5.938168799999999914e-01
6.181132900000000374e-01
6.348404199999999609e-01
6.461852599999999835e-01
6.515918800000000122e-01
6.597046600000000538e-01
6.757780899999999979e-01
6.827947899999999848e-01
7.178684699999999808e-01
7.302228400000000397e-01
7.013191699999999917e-01
7.050956099999999838e-01
7.500983300000000353e-01
7.597832399999999708e-01
7.616757899999999637e-01
7.695297800000000521e-01
7.847105699999999961e-01
7.714792299999999603e-01
7.837423199999999923e-01
7.895675399999999566e-01
7.564952200000000238e-01
7.664912600000000076e-01
7.592820000000000125e-01
7.581221500000000502e-01
7.623791300000000160e-01
8.029758299999999460e-01
8.070487699999999709e-01
8.118703600000000131e-01
8.096115099999999787e-01
8.308565399999999768e-01
8.121329999999999938e-01
8.604037300000000332e-01
8.509763599999999872e-01
8.405817599999999556e-01
8.332688400000000106e-01
8.593961700000000148e-01
8.271884400000000248e-01
8.413249800000000000e-01
8.647450199999999754e-01
8.432110600000000122e-01
8.762085899999999539e-01
8.469730699999999946e-01
8.766566799999999660e-01
8.679345800000000111e-01
8.605121500000000312e-01
8.492464299999999966e-01
8.534209400000000167e-01
8.692717399999999595e-01
8.522928899999999697e-01
8.160317000000000265e-01
8.162964200000000226e-01
8.473861999999999783e-01
8.728552400000000322e-01
8.079444199999999965e-01
8.096407199999999804e-01
7.945808699999999947e-01
7.978761800000000459e-01
7.709810799999999853e-01
7.544661200000000179e-01
7.344868100000000455e-01
7.169346800000000464e-01
7.170329399999999520e-01
7.214845399999999520e-01
6.756662300000000343e-01
6.771548800000000146e-01
6.629730900000000426e-01
6.411370899999999651e-01
5.843167000000000222e-01
3.277661299999999889e-01
1.242393999999999998e-01
-2.059917099999999945e-02
-1.734176600000000013e-01
-3.067676200000000186e-01
-4.167233499999999924e-01
-5.163383099999999670e-01
-6.207860899999999571e-01
-6.692372100000000268e-01
-7.676835899999999713e-01
-8.210030600000000067e-01
-8.650989199999999935e-01
-9.037111599999999578e-01
-9.532511200000000073e-01
-9.972998699999999772e-01
-1.044752200000000020e+00
-1.071466699999999994e+00
-1.075435799999999942e+00
-1.041486200000000029e+00
-7.846958499999999725e-01
-5.085323099999999874e-01
-2.865464799999999923e-01
-5.644454899999999664e-02
9.534091499999999830e-02
1.640818099999999946e-01
2.706425800000000215e-01
3.552433999999999870e-01
4.392153999999999781e-01
4.978132800000000246e-01
5.139594600000000346e-01
5.350092100000000128e-01
5.672274200000000377e-01
6.161047699999999683e-01
5.956014099999999978e-01
5.722150299999999579e-01
5.737585200000000496e-01
5.852017999999999942e-01
6.311848799999999482e-01
6.692899199999999826e-01
6.718306099999999947e-01
7.052082800000000207e-01
7.353501999999999539e-01
7.485817700000000352e-01
7.220280799999999610e-01
7.482993399999999795e-01
7.564306800000000219e-01
7.725424300000000022e-01
8.093859899999999996e-01
8.221097499999999725e-01
8.482621200000000083e-01
8.226540500000000256e-01
8.194686100000000417e-01
8.279258099999999843e-01
8.008561100000000099e-01
7.944840800000000369e-01
7.947459599999999735e-01
8.001743199999999945e-01
7.945377399999999923e-01
8.093134400000000506e-01
8.111847800000000497e-01
7.877287200000000489e-01
7.922841200000000361e-01
7.722353299999999976e-01
7.629561999999999733e-01
7.860555500000000473e-01
8.029179600000000416e-01
8.144888000000000128e-01
8.147240599999999722e-01
8.370726299999999842e-01
8.391175199999999501e-01
8.319814399999999610e-01
8.517011399999999677e-01
8.756494299999999509e-01
8.422771000000000008e-01
8.494335800000000214e-01
8.380863200000000512e-01
8.558075600000000227e-01
8.461667200000000388e-01
8.577074599999999771e-01
8.555562799999999468e-01
8.496230200000000066e-01
8.390578699999999834e-01
8.126152100000000322e-01
8.209834599999999982e-01
8.244736599999999971e-01
8.575157300000000316e-01
8.458456600000000547e-01
8.709432599999999969e-01
8.377282200000000234e-01
8.255933199999999639e-01
8.201689199999999680e-01
7.806378800000000062e-01
7.558337099999999920e-01
7.731490699999999938e-01
7.820071899999999632e-01
7.772895899999999747e-01
7.649921100000000029e-01
7.787941099999999839e-01
5.796987399999999901e-01
3.196080099999999979e-01
1.418145299999999942e-01
-9.524254299999999895e-03
-1.180292700000000056e-01
-2.307336500000000123e-01
-3.487839999999999829e-01
-4.387079099999999787e-01
-5.229343199999999525e-01
-5.763167500000000443e-01
-6.310709199999999797e-01
-7.063954500000000358e-01
-7.217534100000000397e-01
-7.428890000000000216e-01
-7.895821400000000434e-01
-8.135403700000000127e-01
-8.448335500000000442e-01
-8.671099799999999469e-01
-8.872826799999999903e-01
-7.472975800000000168e-01
-4.358465400000000045e-01
-2.024118299999999870e-01
-1.460846399999999982e-02
1.933683200000000102e-01
2.429888900000000129e-01
3.474196199999999846e-01
4.049940799999999785e-01
4.918755599999999895e-01
5.262537099999999857e-01
5.650679800000000252e-01
5.855888999999999678e-01
5.921585400000000110e-01
6.067150500000000335e-01
6.091372400000000242e-01
6.493408499999999695e-01
6.505383000000000138e-01
6.469625199999999854e-01
6.986736099999999450e-01
7.164910799999999469e-01
6.746767000000000181e-01
6.530241100000000465e-01
6.900599699999999670e-01
6.991457599999999495e-01
7.049678099999999725e-01
7.395550899999999706e-01
7.492860799999999655e-01
7.357262799999999547e-01
7.721919699999999498e-01
7.413230899999999624e-01
7.674198599999999537e-01
7.627616099999999788e-01
7.622902099999999681e-01
7.322540300000000002e-01
7.522949700000000073e-01
7.752968599999999766e-01
7.495544299999999938e-01
7.716517200000000409e-01
7.804388399999999670e-01
8.219383900000000187e-01
8.304532900000000106e-01
8.121440399999999560e-01
8.180770299999999828e-01
8.131902699999999928e-01
7.948701799999999817e-01
7.905327599999999455e-01
8.166309200000000379e-01
7.996437299999999970e-01
7.901816699999999472e-01
8.100272800000000162e-01
8.110178099999999501e-01
8.439879399999999920e-01
8.000731700000000002e-01
8.237429899999999527e-01
8.538672000000000484e-01
8.478706499999999480e-01
8.546388700000000505e-01
8.610909799999999503e-01
8.722001000000000337e-01
8.929266399999999937e-01
8.645775100000000490e-01
8.768806599999999785e-01
8.712673399999999457e-01
8.522727700000000128e-01
8.742997000000000130e-01
8.977160600000000379e-01
9.000738299999999636e-01
9.123105500000000534e-01
9.121166200000000446e-01
8.936785499999999605e-01
8.830028100000000268e-01
8.889472899999999456e-01
8.914166000000000034e-01
8.806989299999999909e-01
8.596225600000000355e-01
8.245772799999999680e-01
8.565893199999999874e-01
8.486851399999999490e-01
8.520065900000000081e-01
8.361149199999999837e-01
5.773501699999999959e-01
3.368155899999999980e-01
1.545767200000000008e-01
3.085997500000000129e-02
-1.261700600000000005e-01
-2.444663900000000056e-01
-3.657304000000000110e-01
-4.691685700000000070e-01
-5.611546299999999876e-01
-6.334520000000000151e-01
-6.857127100000000031e-01
-7.506849700000000070e-01
-7.919194299999999798e-01
-8.356576599999999688e-01
-8.797862300000000024e-01
-9.114422899999999883e-01
-9.465333599999999903e-01
-9.300294199999999956e-01
-8.611927400000000121e-01
-5.728944799999999837e-01
-3.216319400000000051e-01
-7.210772599999999699e-02
1.437826399999999893e-01
2.397507600000000072e-01
3.309441699999999820e-01
4.348171499999999856e-01
4.805838000000000054e-01
5.925126200000000454e-01
5.913230600000000114e-01
5.994922099999999698e-01
6.334521800000000313e-01
6.915902499999999620e-01
7.019850600000000496e-01
7.134368399999999610e-01
7.346876100000000465e-01
7.335054100000000243e-01
7.389989399999999931e-01
7.535969599999999824e-01
7.524465399999999971e-01
7.578473599999999699e-01
7.752488400000000501e-01
7.654799799999999488e-01
7.804316799999999610e-01
7.460172099999999862e-01
7.667476300000000133e-01
7.825061199999999717e-01
7.995785399999999488e-01
7.899954500000000435e-01
7.664062499999999556e-01
7.750898999999999983e-01
7.331569100000000505e-01
7.352817900000000462e-01
7.339329399999999781e-01
7.799136300000000244e-01
7.831527000000000349e-01
8.135269899999999499e-01
8.272988300000000406e-01
8.737538999999999723e-01
8.716642199999999896e-01
8.874973000000000445e-01
8.807984700000000000e-01
8.756265300000000140e-01
8.610643700000000234e-01
8.471560500000000493e-01
8.359822500000000378e-01
8.477741399999999539e-01
8.802931600000000190e-01
8.749402899999999539e-01
8.263064799999999543e-01
8.375313100000000288e-01
8.447609799999999947e-01
8.461387599999999898e-01
8.309093899999999699e-01
8.056379700000000366e-01
8.309565300000000265e-01
8.064264899999999958e-01
7.820275300000000263e-01
7.844776399999999761e-01
7.905021100000000356e-01
7.471591499999999941e-01
7.645031199999999805e-01
7.384190999999999949e-01
7.369238000000000177e-01
7.099752099999999677e-01
7.092694299999999785e-01
7.185889100000000251e-01
7.512838400000000361e-01
7.402336699999999547e-01
7.253351700000000291e-01
7.291653500000000454e-01
6.978082700000000083e-01
6.768845399999999790e-01
6.708019800000000199e-01
6.719905800000000040e-01
7.316485000000000349e-01
7.303081200000000051e-01
7.184414500000000370e-01
5.332608300000000190e-01
2.752633400000000230e-01
1.232562999999999992e-01
-3.481552000000000258e-02
-1.503825400000000090e-01
-2.555451499999999987e-01
-3.566282299999999905e-01
-4.482433699999999743e-01
-5.319905799999999907e-01
-5.919491500000000350e-01
-6.737054599999999782e-01
-7.270664900000000097e-01
-7.861059999999999715e-01
-8.152279199999999948e-01
-8.675584100000000021e-01
-9.046318300000000256e-01
-9.178099199999999458e-01
-9.302477200000000002e-01
-9.271692200000000161e-01
-7.383637499999999854e-01
-4.614114000000000271e-01
-2.282274699999999878e-01
2.226034400000000135e-03
1.097235599999999978e-01
2.565046699999999902e-01
3.481450500000000114e-01
4.272493600000000225e-01
5.053523800000000454e-01
5.596763999999999628e-01
6.016150900000000190e-01
6.299177900000000330e-01
6.712452500000000155e-01
6.990385999999999544e-01
7.597625999999999546e-01
7.605348400000000453e-01
7.496157199999999854e-01
7.770950699999999989e-01
8.032063099999999789e-01
8.172307599999999450e-01
7.975665800000000250e-01
7.877033599999999636e-01
8.108676099999999609e-01
8.025325100000000322e-01
7.903055199999999836e-01
8.160523600000000322e-01
8.300043999999999755e-01
8.662491399999999730e-01
8.378307799999999972e-01
8.189210099999999493e-01
8.115474000000000299e-01
8.357471400000000550e-01
8.152317199999999930e-01
8.482849099999999476e-01
8.689333299999999483e-01
8.447633100000000450e-01
8.293139600000000167e-01
8.617572999999999483e-01
8.240032200000000362e-01
8.532547099999999718e-01
8.357775100000000013e-01
8.357170400000000221e-01
8.488041600000000297e-01
8.237428900000000054e-01
8.167518900000000359e-01
7.902138899999999744e-01
7.947958499999999704e-01
7.931915299999999780e-01
8.112852299999999683e-01
8.372081900000000187e-01
8.210910000000000153e-01
7.980281200000000075e-01
8.157590900000000200e-01
8.326145900000000433e-01
8.126474399999999987e-01
8.135319600000000539e-01
8.001177800000000007e-01
8.100218200000000035e-01
8.193216300000000230e-01
8.273654799999999865e-01
8.446458300000000419e-01
8.260281800000000008e-01
8.408904900000000460e-01
8.274414700000000122e-01
8.150948999999999556e-01
8.117115499999999484e-01
7.638674399999999531e-01
7.705482500000000456e-01
7.839206199999999569e-01
7.338359599999999539e-01
7.142822500000000074e-01
7.089080700000000013e-01
7.254414999999999614e-01
6.915975500000000054e-01
7.179796200000000406e-01
7.058328999999999853e-01
6.668872900000000215e-01
6.849609700000000023e-01
6.583092099999999780e-01
6.295379700000000023e-01
3.297326300000000265e-01
1.241564899999999944e-01
-4.590071899999999955e-02
-1.975854700000000130e-01
-3.443706300000000109e-01
-4.436038600000000165e-01
-5.299938299999999991e-01
-5.930335599999999596e-01
-6.632022899999999721e-01
-7.146382700000000199e-01
-7.486160899999999563e-01
-7.923425200000000501e-01
-8.489223099999999578e-01
-8.991698000000000190e-01
-9.001017000000000046e-01
-9.013743600000000411e-01
-9.206672700000000376e-01
-9.525826299999999858e-01
-8.873445100000000307e-01
-5.971472300000000288e-01
-3.167643099999999934e-01
-9.300728599999999457e-02
8.832848399999999878e-02
2.236352600000000024e-01
2.445482400000000001e-01
3.301366800000000157e-01
4.028789999999999871e-01
5.220806700000000244e-01
5.487778199999999718e-01
5.720077500000000370e-01
5.810632500000000311e-01
5.853603699999999632e-01
6.066910399999999592e-01
5.954100399999999738e-01
6.145992399999999911e-01
5.951797699999999969e-01
6.027514099999999875e-01
6.179352999999999652e-01
6.635443500000000050e-01
6.505389900000000392e-01
6.568762599999999896e-01
6.711175600000000019e-01
6.915531299999999604e-01
6.684993099999999577e-01
6.600209000000000215e-01
6.672271600000000413e-01
6.522213199999999933e-01
6.589842399999999989e-01
6.872155399999999581e-01
6.705296899999999560e-01
6.510294399999999593e-01
6.428170100000000220e-01
6.723709100000000438e-01
6.815771200000000363e-01
6.757493300000000369e-01
6.952539300000000200e-01
6.826456499999999927e-01
6.810088199999999592e-01
6.892225600000000396e-01
6.885147700000000537e-01
7.203980399999999618e-01
6.735243699999999833e-01
6.589046100000000017e-01
6.739908999999999484e-01
6.758726099999999848e-01
6.627305599999999686e-01
7.027851099999999906e-01
6.964588499999999627e-01
6.980600099999999530e-01
7.224147300000000049e-01
7.197964399999999818e-01
6.842293600000000087e-01
6.795343499999999537e-01
6.514116300000000193e-01
6.644523199999999852e-01
6.810546899999999626e-01
6.744582599999999761e-01
6.847057199999999622e-01
6.337246300000000110e-01
6.568056700000000081e-01
6.740607699999999758e-01
6.409274700000000546e-01
6.501799600000000012e-01
6.365617399999999870e-01
6.190620399999999801e-01
6.010532600000000336e-01
6.218000500000000486e-01
