6.040996199999999483e-01
6.942239300000000446e-01
7.384034800000000009e-01
7.921926099999999638e-01
8.529008700000000331e-01
8.535182700000000233e-01
9.103396099999999658e-01
9.268347700000000300e-01
9.531286599999999609e-01
9.709391400000000338e-01
9.633672100000000293e-01
1.009090999999999960e+00
9.328160399999999575e-01
9.646709199999999873e-01
9.657728500000000160e-01
9.605444699999999836e-01
9.658660999999999497e-01
1.003136100000000086e+00
1.001976500000000048e+00
9.954078100000000040e-01
9.963275099999999718e-01
1.008891800000000005e+00
9.920345400000000202e-01
9.835628899999999675e-01
9.810584900000000053e-01
1.006186299999999978e+00
1.046106900000000062e+00
1.004762699999999898e+00
1.014284299999999917e+00
1.045234299999999950e+00
1.091299100000000077e+00
1.071950900000000040e+00
1.062003999999999948e+00
1.098975700000000000e+00
1.051379999999999981e+00
1.052662800000000010e+00
1.042951900000000043e+00
1.020788800000000052e+00
9.809637500000000232e-01
9.784238800000000236e-01
9.715241700000000202e-01
9.731886899999999674e-01
9.894641299999999973e-01
9.794135800000000058e-01
9.704051799999999783e-01
9.645641099999999746e-01
9.562195599999999684e-01
9.365825700000000031e-01
9.572671900000000456e-01
9.482537599999999456e-01
9.441472600000000437e-01
9.560659500000000532e-01
9.191129799999999683e-01
8.846635900000000552e-01
8.624368399999999824e-01
8.420972199999999797e-01
8.810518000000000516e-01
8.494648900000000280e-01
8.120103300000000024e-01
7.908708500000000141e-01
7.820818800000000071e-01
7.970674300000000212e-01
7.470173199999999847e-01
7.837519499999999750e-01
7.861290600000000461e-01
8.012946300000000077e-01
7.759976699999999727e-01
7.779891799999999469e-01
7.456561600000000123e-01
7.501408800000000099e-01
7.484651100000000445e-01
5.359503500000000198e-01
2.776255499999999987e-01
8.829760300000000228e-02
-4.049077000000000232e-02
-1.967580200000000057e-01
-3.372667100000000251e-01
-4.565278500000000128e-01
-5.429592699999999938e-01
-6.484828000000000259e-01
-7.358834600000000448e-01
-7.922182700000000022e-01
-8.353528199999999959e-01
-8.885791499999999843e-01
-9.338915199999999750e-01
-9.300056899999999960e-01
-9.305757000000000057e-01
-9.613712199999999708e-01
-1.001566799999999979e+00
-9.863833800000000318e-01
-7.302936399999999662e-01
-4.323085099999999792e-01
-1.761323399999999983e-01
-1.929786899999999875e-02
2.163412899999999917e-01
2.911747299999999927e-01
3.886360799999999949e-01
4.843615900000000085e-01
6.154525299999999977e-01
6.891949600000000231e-01
7.234037599999999513e-01
7.626455199999999657e-01
7.801222799999999458e-01
8.384035800000000371e-01
8.350331800000000415e-01
8.815524999999999611e-01
8.813580500000000040e-01
8.753754500000000549e-01
9.141587799999999486e-01
9.141036500000000453e-01
9.272014699999999721e-01
9.138879600000000547e-01
9.255048099999999556e-01
9.405463899999999544e-01
9.491305700000000067e-01
9.389816300000000115e-01
9.340068099999999651e-01
9.622083399999999953e-01
9.883913199999999621e-01
1.002888699999999966e+00
9.855895199999999967e-01
9.847146100000000457e-01
9.993057100000000137e-01
9.719633199999999640e-01
9.846116200000000207e-01
9.666979599999999673e-01
1.003964800000000102e+00
9.879702000000000206e-01
1.010247200000000012e+00
9.783676100000000542e-01
1.001917200000000063e+00
1.017904600000000048e+00
1.011100499999999958e+00
1.004344499999999973e+00
9.954313700000000376e-01
1.022026600000000007e+00
9.922448400000000168e-01
9.670703999999999967e-01
1.002283899999999894e+00
9.892788599999999821e-01
9.943055100000000035e-01
9.940981199999999740e-01
1.005868299999999937e+00
1.030116500000000102e+00
1.055702499999999988e+00
1.038187100000000029e+00
1.047843300000000033e+00
1.052044800000000002e+00
1.058556499999999900e+00
1.058414399999999977e+00
1.080337799999999904e+00
1.048152100000000031e+00
1.080658799999999919e+00
1.065468499999999930e+00
1.077511700000000072e+00
1.061728800000000028e+00
1.059848899999999983e+00
1.072278300000000018e+00
1.106760100000000024e+00
1.064878200000000108e+00
1.105993599999999910e+00
1.087388900000000103e+00
1.085917599999999927e+00
1.061761900000000036e+00
1.066020500000000037e+00
1.035825199999999890e+00
1.028921200000000091e+00
1.039361699999999944e+00
1.026105499999999893e+00
9.272609800000000124e-01
5.870949100000000254e-01
4.193397700000000006e-01
2.538527300000000264e-01
1.076960599999999962e-01
9.881948099999999374e-03
-1.226024799999999998e-01
-1.946426099999999937e-01
-2.948037700000000205e-01
-3.872433399999999915e-01
-4.620958900000000091e-01
-5.162005600000000305e-01
-5.750333899999999776e-01
-6.466211600000000281e-01
-6.886459900000000411e-01
-7.035384999999999556e-01
-7.449693099999999957e-01
-7.747929000000000066e-01
-8.092416500000000346e-01
-6.396259800000000384e-01
-3.480415700000000223e-01
-6.332943300000000442e-02
1.996318300000000101e-01
4.108015500000000153e-01
5.051499400000000195e-01
6.456954999999999778e-01
7.445857900000000251e-01
8.544843600000000539e-01
8.988162899999999622e-01
9.129515099999999661e-01
9.474096800000000318e-01
9.433688599999999758e-01
9.812919399999999737e-01
9.932024400000000197e-01
9.940973800000000304e-01
9.973843100000000517e-01
9.871342400000000517e-01
9.978910199999999620e-01
9.828710200000000397e-01
9.595820699999999537e-01
9.487421000000000326e-01
9.583048100000000069e-01
9.340052699999999986e-01
9.524721200000000332e-01
9.483357900000000118e-01
9.619478299999999482e-01
9.687420100000000422e-01
9.989380300000000323e-01
1.039746000000000059e+00
1.001090199999999930e+00
1.026577899999999932e+00
1.043663800000000030e+00
1.034837699999999971e+00
1.044489299999999954e+00
9.852141199999999710e-01
9.755189899999999747e-01
9.646225000000000493e-01
9.851612299999999989e-01
9.840208599999999972e-01
9.869283599999999490e-01
9.828122000000000247e-01
9.898932000000000286e-01
1.007838699999999976e+00
1.019107200000000102e+00
1.049574100000000065e+00
1.041864200000000018e+00
1.015351399999999904e+00
1.000260699999999892e+00
1.008706399999999892e+00
1.030583000000000027e+00
9.912301500000000321e-01
1.003436999999999912e+00
1.006905600000000067e+00
9.989280099999999774e-01
9.968090499999999743e-01
9.722491399999999562e-01
9.309045799999999815e-01
9.255590500000000498e-01
9.484753799999999790e-01
9.641471499999999528e-01
1.006283299999999992e+00
9.809574399999999583e-01
1.012111299999999936e+00
9.638199800000000206e-01
9.654041599999999557e-01
9.679355800000000176e-01
9.859373799999999743e-01
9.705901300000000509e-01
9.799002300000000387e-01
9.831543600000000049e-01
1.001708000000000043e+00
1.014275000000000038e+00
1.002211200000000080e+00
1.003430800000000067e+00
1.041867000000000099e+00
1.017591899999999994e+00
1.015195599999999976e+00
1.005619299999999994e+00
1.002577999999999969e+00
7.472173600000000526e-01
5.422854700000000472e-01
3.172534300000000029e-01
1.496541500000000136e-01
1.254788800000000010e-03
-1.150606400000000057e-01
-2.313570199999999966e-01
-3.402567699999999862e-01
-4.137335400000000107e-01
-5.179944399999999449e-01
-5.904988799999999483e-01
-6.561560699999999802e-01
-6.531224700000000105e-01
-7.187009800000000448e-01
-7.887730200000000469e-01
-8.099305199999999871e-01
-8.774781499999999568e-01
-9.234499600000000141e-01
-8.918971700000000169e-01
-5.599806200000000400e-01
-2.722698599999999747e-01
-2.847175700000000031e-02
1.733274399999999993e-01
2.693151999999999768e-01
4.215130599999999950e-01
5.115076899999999593e-01
5.936458599999999697e-01
6.985217700000000418e-01
7.308714800000000178e-01
7.739234400000000180e-01
7.634234399999999532e-01
7.816582300000000094e-01
7.701250299999999882e-01
8.183163199999999859e-01
7.987838099999999830e-01
8.109924499999999759e-01
8.117351200000000322e-01
8.112551000000000068e-01
8.095383200000000334e-01
8.697761499999999701e-01
8.485679200000000311e-01
8.487612900000000016e-01
8.532352399999999504e-01
8.407430799999999760e-01
8.849589500000000220e-01
8.685500099999999835e-01
8.780828200000000416e-01
8.800358700000000534e-01
8.887952999999999548e-01
9.132337400000000160e-01
9.467567900000000147e-01
9.313542900000000291e-01
8.994074699999999867e-01
9.197874700000000514e-01
9.202725299999999775e-01
8.957704600000000461e-01
9.393037499999999929e-01
9.476436700000000490e-01
9.858293399999999984e-01
9.810236300000000353e-01
9.628988299999999834e-01
9.651064900000000391e-01
9.741046399999999661e-01
9.672959100000000365e-01
9.223852799999999741e-01
9.250465199999999832e-01
9.188183800000000456e-01
9.363921699999999682e-01
9.722469999999999724e-01
9.497904099999999739e-01
9.313839200000000318e-01
9.126455799999999563e-01
9.116293300000000155e-01
9.354181900000000383e-01
9.528001200000000281e-01
9.435993299999999584e-01
9.459558200000000028e-01
9.383252199999999599e-01
9.391630699999999887e-01
9.629196799999999445e-01
9.625450899999999921e-01
9.476155699999999626e-01
9.420816300000000032e-01
9.589258400000000293e-01
9.470583000000000196e-01
9.553521799999999953e-01
9.597335200000000066e-01
9.737289000000000083e-01
9.589492400000000361e-01
9.822596700000000292e-01
9.600022900000000359e-01
9.607290600000000236e-01
9.294566699999999848e-01
9.477283100000000182e-01
9.242007599999999545e-01
8.974180600000000174e-01
9.084912200000000437e-01
8.669425400000000392e-01
7.192938899999999913e-01
4.906372800000000090e-01
2.430191200000000051e-01
9.707109999999999350e-02
-9.567173900000000564e-02
-2.079749200000000076e-01
-3.447134299999999874e-01
-4.400333900000000242e-01
-5.181705199999999678e-01
-5.963514500000000051e-01
-6.906077600000000150e-01
-7.653571099999999516e-01
-8.161526300000000456e-01
-8.434915200000000501e-01
-8.443341199999999658e-01
-9.123653999999999931e-01
-9.421622299999999894e-01
-9.560176700000000416e-01
-9.475651200000000385e-01
-7.821507899999999847e-01
-4.494831400000000032e-01
-1.946705999999999992e-01
3.904993899999999879e-02
2.425055700000000036e-01
3.328876700000000244e-01
4.772967499999999919e-01
5.407737599999999922e-01
6.478670800000000396e-01
7.143991299999999933e-01
7.606370999999999549e-01
7.672072199999999675e-01
7.743024499999999755e-01
7.714707800000000226e-01
7.861277700000000035e-01
8.108888499999999944e-01
8.486482699999999824e-01
8.208121900000000526e-01
8.687770099999999607e-01
8.878276299999999788e-01
8.779966700000000346e-01
8.651974099999999446e-01
8.637555900000000175e-01
8.584038299999999788e-01
8.552783099999999861e-01
8.412423999999999458e-01
8.567842599999999642e-01
8.005175900000000011e-01
8.240863499999999675e-01
8.496734500000000523e-01
8.414021900000000498e-01
8.677686399999999800e-01
8.596510800000000119e-01
8.537806399999999796e-01
8.667845199999999473e-01
8.798284100000000052e-01
8.922108399999999495e-01
8.997851500000000335e-01
8.965869199999999539e-01
8.982763999999999749e-01
8.879960199999999970e-01
8.862097300000000288e-01
8.851352999999999582e-01
8.715728299999999651e-01
8.605465100000000422e-01
8.525084200000000445e-01
8.715045200000000047e-01
8.225914199999999621e-01
8.200033700000000092e-01
8.430094099999999591e-01
8.288257199999999880e-01
8.199489699999999992e-01
8.318828400000000123e-01
8.558109299999999697e-01
8.520476500000000453e-01
8.411852800000000352e-01
8.210801800000000483e-01
8.349923299999999493e-01
8.089925100000000535e-01
8.231118800000000180e-01
8.093289999999999651e-01
7.855467400000000211e-01
8.520845500000000516e-01
8.602272499999999988e-01
8.635754599999999614e-01
8.610958399999999457e-01
8.386762100000000331e-01
8.261311900000000152e-01
8.415448100000000320e-01
8.481182299999999730e-01
8.123804300000000422e-01
8.210935000000000317e-01
8.333515900000000309e-01
8.509012999999999716e-01
8.653118899999999725e-01
8.475591999999999571e-01
8.800084200000000134e-01
8.254171999999999620e-01
8.669489500000000515e-01
8.677086200000000415e-01
6.129188500000000150e-01
3.911736499999999839e-01
2.157369600000000054e-01
7.460704199999999842e-02
-1.048283400000000060e-01
-2.271426000000000001e-01
-3.412688700000000019e-01
-4.639685399999999849e-01
-5.401023200000000246e-01
-6.223646600000000140e-01
-7.023211999999999788e-01
-7.700583699999999920e-01
-8.102470099999999897e-01
-8.652372499999999578e-01
-8.765902700000000047e-01
-8.899785300000000454e-01
-9.557020499999999696e-01
-9.453616799999999820e-01
-8.722572299999999945e-01
-6.222616699999999890e-01
-3.035473799999999778e-01
-3.731481500000000118e-02
1.507783699999999949e-01
2.526873499999999773e-01
3.670509200000000027e-01
4.400978199999999729e-01
5.421572599999999742e-01
6.111319200000000507e-01
6.381760800000000344e-01
6.883343899999999627e-01
6.865621499999999822e-01
7.090020900000000292e-01
7.764650499999999900e-01
7.487641999999999909e-01
7.612942600000000004e-01
7.746026599999999984e-01
8.080637000000000514e-01
8.284150000000000125e-01
8.604107300000000125e-01
8.833970700000000065e-01
8.732299900000000115e-01
8.640674900000000491e-01
8.489191900000000457e-01
8.579827700000000057e-01
8.609416500000000028e-01
8.641903399999999458e-01
8.562563100000000205e-01
8.609814300000000475e-01
8.820533900000000482e-01
8.711075200000000240e-01
8.817365700000000528e-01
8.829881200000000430e-01
8.790769699999999576e-01
9.073952299999999971e-01
9.058097800000000088e-01
9.456881599999999999e-01
9.238744300000000242e-01
9.399790799999999669e-01
9.376430900000000124e-01
9.448545499999999597e-01
9.537813099999999933e-01
9.502538699999999450e-01
9.685762500000000275e-01
9.722127999999999881e-01
9.834266600000000080e-01
9.686551500000000203e-01
9.692453199999999658e-01
9.799289700000000103e-01
9.328074299999999930e-01
9.606224599999999558e-01
9.858690500000000245e-01
9.474857300000000260e-01
9.353309300000000048e-01
9.204807299999999692e-01
9.079341600000000456e-01
8.688688300000000364e-01
9.059537399999999518e-01
9.069009199999999993e-01
9.312375400000000303e-01
9.270910700000000171e-01
9.362187400000000492e-01
9.623817099999999458e-01
9.590724699999999547e-01
9.506653400000000254e-01
9.555796199999999629e-01
9.468790900000000343e-01
9.232768000000000086e-01
9.428560799999999853e-01
9.244471699999999847e-01
9.151143600000000156e-01
9.295604200000000539e-01
9.031300799999999462e-01
9.318504800000000365e-01
9.411892400000000380e-01
9.122424199999999983e-01
9.142745700000000086e-01
9.205319800000000274e-01
8.986702899999999827e-01
7.444549799999999884e-01
4.717547500000000005e-01
2.923245400000000216e-01
9.067765199999999748e-02
-9.537601299999999560e-02
-2.282727599999999912e-01
-3.553511300000000150e-01
-4.731518800000000247e-01
-5.766006099999999579e-01
-6.677044100000000260e-01
-7.344773100000000499e-01
-7.962417899999999493e-01
-8.628158400000000006e-01
-8.817622299999999802e-01
-9.188087200000000232e-01
-9.463036000000000225e-01
-9.557382599999999506e-01
-9.748770399999999725e-01
-1.003316899999999956e+00
-8.202404800000000495e-01
-5.033581599999999989e-01
-2.041490099999999919e-01
3.174003400000000030e-02
2.250298199999999915e-01
2.990050300000000050e-01
4.585252100000000164e-01
5.449923199999999746e-01
6.953022300000000211e-01
7.709268200000000126e-01
8.238494200000000545e-01
8.538501299999999850e-01
8.763495300000000432e-01
9.076852100000000201e-01
9.219536600000000082e-01
9.002911500000000400e-01
9.105314899999999989e-01
9.156471999999999944e-01
9.074066200000000526e-01
9.331317199999999978e-01
9.184455900000000339e-01
9.044381200000000121e-01
8.958394499999999816e-01
8.921506200000000053e-01
9.094584199999999896e-01
9.082795200000000069e-01
8.980435700000000132e-01
8.922833300000000412e-01
9.486654100000000422e-01
9.215220699999999709e-01
9.091304999999999525e-01
9.393369799999999881e-01
9.434802500000000203e-01
9.376458399999999527e-01
9.601500899999999561e-01
9.746366800000000330e-01
9.835851799999999479e-01
1.006952700000000034e+00
9.905336799999999720e-01
9.849884199999999757e-01
1.009554300000000016e+00
1.019452800000000048e+00
1.010725799999999897e+00
1.043145800000000012e+00
1.034652700000000092e+00
1.029587999999999948e+00
1.043320900000000107e+00
1.034734599999999949e+00
1.021395300000000006e+00
9.843910799999999739e-01
1.005853300000000061e+00
9.870318200000000042e-01
9.768523099999999459e-01
1.012842000000000020e+00
9.916215900000000527e-01
9.819533400000000078e-01
9.575229899999999628e-01
9.863087699999999458e-01
9.712483699999999720e-01
9.373731499999999883e-01
9.121682800000000535e-01
9.047357600000000000e-01
8.825914999999999733e-01
8.659756600000000359e-01
8.520356500000000333e-01
8.681170000000000275e-01
8.635998700000000472e-01
9.002642699999999776e-01
8.727001800000000475e-01
8.495696499999999540e-01
8.385302000000000033e-01
8.502710999999999464e-01
8.272011799999999804e-01
8.599424399999999746e-01
8.024997900000000461e-01
8.124006499999999464e-01
8.033457000000000514e-01
7.752636800000000106e-01
4.345751099999999867e-01
2.140742499999999937e-01
6.812387300000000145e-02
-1.256883900000000109e-01
-2.878071999999999853e-01
-4.109345799999999937e-01
-5.238731899999999886e-01
-5.921835300000000135e-01
-6.904378300000000301e-01
-7.587710699999999919e-01
-8.254475799999999586e-01
-8.698530700000000060e-01
-9.166752200000000128e-01
-9.639635199999999626e-01
-9.946374300000000446e-01
-1.037222599999999995e+00
-1.084408000000000039e+00
-1.093036899999999978e+00
-9.868681900000000340e-01
-7.090730899999999615e-01
-4.257907899999999746e-01
-2.098343599999999975e-01
8.458210200000000623e-02
1.828465900000000033e-01
3.473382899999999940e-01
4.283400800000000119e-01
5.488572299999999737e-01
6.341889899999999525e-01
7.140191500000000469e-01
7.395784699999999878e-01
7.494608099999999773e-01
7.658606000000000025e-01
8.020838500000000426e-01
8.017645599999999595e-01
8.157691900000000329e-01
8.262709999999999777e-01
8.695505999999999514e-01
8.767966200000000265e-01
8.624607199999999585e-01
8.344476299999999958e-01
8.434977200000000064e-01
8.789957699999999541e-01
8.928295000000000536e-01
9.206891600000000064e-01
9.282690300000000505e-01
9.403328800000000376e-01
9.036732299999999940e-01
9.405438000000000409e-01
9.657504799999999667e-01
9.532893799999999640e-01
9.396932700000000249e-01
9.768592000000000386e-01
9.471958900000000403e-01
9.508529999999999482e-01
9.720307099999999645e-01
9.806230799999999803e-01
9.731458299999999895e-01
9.925885100000000349e-01
9.773446700000000265e-01
9.965125599999999917e-01
9.845911600000000208e-01
9.901990699999999590e-01
1.033460199999999940e+00
1.014888800000000035e+00
1.035415399999999986e+00
1.014701999999999993e+00
1.038207300000000055e+00
1.042718899999999893e+00
1.044319800000000020e+00
1.036280700000000055e+00
1.047818200000000033e+00
1.038963400000000092e+00
1.038801300000000039e+00
1.041139800000000060e+00
1.018848399999999987e+00
9.911341200000000073e-01
9.643697599999999648e-01
9.449477200000000465e-01
9.164960800000000463e-01
8.796880099999999647e-01
8.716183400000000470e-01
8.934126100000000514e-01
8.849983099999999547e-01
9.163653499999999674e-01
8.968495899999999743e-01
8.883310399999999607e-01
8.874192400000000536e-01
8.851564899999999625e-01
8.633795100000000167e-01
8.935555099999999973e-01
9.051762800000000553e-01
8.907968800000000131e-01
8.859187600000000273e-01
8.746756100000000478e-01
8.701229200000000219e-01
8.956101800000000335e-01
9.029007999999999479e-01
9.033201100000000094e-01
7.106461600000000267e-01
4.655608399999999758e-01
2.902394699999999994e-01
1.021581200000000050e-01
-5.700695599999999752e-02
-1.467060299999999873e-01
-2.616716900000000123e-01
-3.706673100000000276e-01
-4.679125299999999932e-01
-5.459845599999999521e-01
-6.056632400000000471e-01
-6.859889500000000417e-01
-7.525016900000000009e-01
-8.124300800000000544e-01
-8.090191700000000097e-01
-8.953858799999999674e-01
-9.164513600000000482e-01
-9.534666299999999817e-01
-9.361533899999999742e-01
-7.355261300000000002e-01
-4.116468500000000086e-01
-1.515040900000000079e-01
5.964302099999999746e-02
1.947086199999999989e-01
3.235123599999999988e-01
4.414739899999999828e-01
5.266910599999999887e-01
6.577535599999999594e-01
7.188194199999999867e-01
7.559930099999999653e-01
8.191212100000000440e-01
8.579610100000000239e-01
8.826822699999999911e-01
9.131283199999999933e-01
9.065014999999999601e-01
9.085845900000000253e-01
8.923551699999999753e-01
9.303777199999999636e-01
9.351312400000000302e-01
9.256658700000000017e-01
9.687662099999999610e-01
9.723564999999999570e-01
9.962120199999999759e-01
1.030967600000000095e+00
1.027119399999999905e+00
1.023873000000000033e+00
1.040722200000000042e+00
1.013007900000000072e+00
9.602410599999999796e-01
9.702506800000000320e-01
9.338845700000000249e-01
9.573788399999999532e-01
9.737736900000000251e-01
9.611221100000000295e-01
9.889963400000000293e-01
9.876359799999999689e-01
9.897379099999999985e-01
1.028224100000000085e+00
1.065047400000000088e+00
1.087498700000000040e+00
1.103332900000000061e+00
1.145245099999999905e+00
1.121451299999999929e+00
1.114318799999999943e+00
1.134556300000000073e+00
1.150244000000000044e+00
1.159728000000000092e+00
1.135739599999999960e+00
1.138275699999999890e+00
1.163383700000000021e+00
1.128734099999999962e+00
1.148522499999999891e+00
1.157307300000000039e+00
1.154732700000000056e+00
1.145517300000000072e+00
1.138281799999999899e+00
1.125153000000000070e+00
1.142077900000000090e+00
1.140128899999999890e+00
1.127537599999999918e+00
1.089371899999999949e+00
1.078315200000000029e+00
1.066779300000000097e+00
1.061403899999999956e+00
1.052366899999999994e+00
1.059598000000000040e+00
1.087856799999999957e+00
1.071670300000000076e+00
1.067123999999999961e+00
1.079368399999999895e+00
1.087004599999999988e+00
1.060095000000000010e+00
1.048111500000000085e+00
1.028251500000000096e+00
1.014332000000000011e+00
9.964353000000000238e-01
1.005232200000000020e+00
1.021990600000000082e+00
1.000319100000000017e+00
6.777228100000000088e-01
4.797884099999999985e-01
3.256709300000000251e-01
1.481881999999999922e-01
1.374753400000000049e-02
-8.124020899999999379e-02
-2.116784600000000127e-01
-3.328162399999999854e-01
-4.193926800000000177e-01
-4.960475799999999880e-01
-5.559175400000000433e-01
-6.474547699999999573e-01
-7.257745100000000393e-01
-7.645512300000000261e-01
-7.943316499999999447e-01
-8.396108300000000302e-01
-8.343622299999999825e-01
-8.895696699999999790e-01
-7.666456400000000171e-01
-5.038791900000000323e-01
-2.147229599999999905e-01
1.866504000000000080e-02
2.446324599999999960e-01
3.254727299999999879e-01
4.590535099999999979e-01
5.536576899999999801e-01
6.913727899999999593e-01
7.697752799999999507e-01
8.435103099999999854e-01
8.625085300000000510e-01
8.978289400000000198e-01
9.195773099999999811e-01
9.576802399999999604e-01
9.613281399999999977e-01
9.884178399999999920e-01
9.874010899999999813e-01
1.028519399999999973e+00
9.923452799999999963e-01
9.877835700000000552e-01
9.933522999999999659e-01
9.915669999999999762e-01
9.811704300000000378e-01
9.832842299999999813e-01
9.868727000000000471e-01
1.023804600000000065e+00
1.022818400000000016e+00
1.019241400000000075e+00
1.022164499999999920e+00
1.002061400000000102e+00
9.569622199999999745e-01
9.566548700000000460e-01
9.591026900000000355e-01
9.899762399999999518e-01
9.956076000000000370e-01
1.029670300000000038e+00
1.012984600000000013e+00
1.012042799999999909e+00
1.015116099999999966e+00
1.013034999999999908e+00
1.011639399999999966e+00
1.018564000000000025e+00
1.015242299999999931e+00
1.037983600000000006e+00
1.042811699999999897e+00
1.027713199999999993e+00
1.011639900000000036e+00
1.034152100000000019e+00
1.033238499999999949e+00
1.004435100000000025e+00
9.734743000000000146e-01
1.041387999999999980e+00
1.024674099999999921e+00
9.824382000000000392e-01
9.967749599999999877e-01
9.791482400000000030e-01
9.666513599999999595e-01
9.693648599999999949e-01
9.339340999999999893e-01
9.217975400000000263e-01
9.056776800000000405e-01
8.964872499999999578e-01
9.028519000000000405e-01
9.161698400000000131e-01
9.163121699999999814e-01
8.880947700000000333e-01
8.758120999999999823e-01
8.846354600000000401e-01
8.800694799999999596e-01
8.826492200000000121e-01
8.674705499999999514e-01
8.582183799999999474e-01
8.399180699999999611e-01
8.419750000000000290e-01
8.489924300000000201e-01
8.222414200000000006e-01
7.801301000000000485e-01
7.665030200000000349e-01
7.285209799999999847e-01
5.608207800000000187e-01
3.138108199999999903e-01
1.574873999999999996e-01
-7.038615600000000007e-03
-1.675762799999999941e-01
-2.823549799999999776e-01
-3.801333000000000073e-01
-4.774515400000000076e-01
-5.596169399999999516e-01
-6.477000499999999716e-01
-7.409390700000000329e-01
-7.798372700000000268e-01
-8.318275800000000109e-01
-8.750582700000000269e-01
-9.264952100000000135e-01
-9.421923199999999721e-01
-9.748199800000000304e-01
-9.900733000000000450e-01
-9.583567400000000402e-01
-7.512500100000000236e-01
-4.754968500000000264e-01
-1.915712199999999865e-01
2.889616199999999954e-02
1.179700399999999982e-01
2.550691800000000065e-01
3.831612099999999743e-01
5.122128400000000026e-01
5.801744699999999977e-01
6.526609199999999777e-01
6.932438600000000450e-01
7.123219200000000528e-01
7.304499899999999935e-01
7.283770099999999914e-01
7.394502200000000469e-01
7.585616800000000159e-01
7.683950899999999473e-01
7.558461100000000155e-01
7.932803200000000388e-01
8.061674899999999866e-01
7.967859699999999545e-01
8.044078399999999851e-01
7.917625099999999749e-01
7.989973099999999606e-01
8.026227999999999696e-01
8.121633099999999716e-01
7.909118400000000326e-01
8.062837699999999552e-01
8.125975199999999621e-01
8.119238600000000528e-01
7.956591299999999922e-01
8.185012400000000188e-01
8.419186499999999906e-01
8.316336600000000523e-01
8.442663400000000040e-01
8.568936799999999909e-01
8.588731499999999741e-01
8.593637400000000426e-01
8.646215800000000007e-01
8.725112499999999605e-01
8.463189500000000143e-01
8.807180599999999693e-01
8.787365200000000209e-01
8.901406400000000385e-01
8.864404799999999751e-01
9.023500100000000357e-01
9.155612600000000434e-01
8.847807199999999650e-01
9.054162900000000125e-01
9.054990499999999720e-01
8.550413100000000544e-01
8.637318000000000495e-01
8.841049500000000005e-01
8.797453499999999815e-01
8.879078500000000540e-01
9.248245200000000388e-01
9.172771100000000066e-01
9.114877300000000515e-01
9.041798500000000072e-01
9.170871699999999516e-01
9.144949100000000497e-01
9.156981600000000387e-01
9.152152599999999749e-01
9.242899500000000268e-01
9.081367000000000189e-01
9.166279200000000404e-01
9.222534700000000196e-01
9.238964600000000305e-01
9.326938099999999565e-01
9.417861100000000096e-01
9.463383100000000159e-01
9.379218799999999856e-01
9.463201500000000266e-01
9.432287299999999597e-01
9.383286899999999653e-01
9.766915400000000247e-01
9.694080499999999656e-01
9.607490300000000039e-01
9.605235199999999640e-01
8.785860300000000178e-01
6.264194199999999491e-01
4.593539799999999951e-01
2.765377099999999921e-01
1.077090700000000040e-01
-4.549883899999999926e-02
-1.546929999999999972e-01
-2.470213900000000073e-01
-3.203439799999999726e-01
-4.263795799999999803e-01
-4.905252700000000132e-01
-5.421197399999999611e-01
-6.146635999999999767e-01
-6.792135999999999729e-01
-7.075595300000000476e-01
-7.485919300000000165e-01
-8.152822400000000469e-01
-8.540809400000000107e-01
-8.768802100000000488e-01
-7.656226900000000501e-01
-5.007747099999999563e-01
-1.786146500000000137e-01
6.944211799999999712e-02
3.007361900000000143e-01
3.460876199999999847e-01
4.773440500000000197e-01
5.572463199999999617e-01
6.789198800000000311e-01
7.346265499999999893e-01
7.829477799999999821e-01
8.430044599999999555e-01
8.679582000000000130e-01
8.891469699999999809e-01
9.417565599999999648e-01
9.399625400000000131e-01
9.511667900000000397e-01
9.559719800000000545e-01
9.708163699999999841e-01
9.596708600000000144e-01
9.808641299999999452e-01
9.750386199999999670e-01
9.793912799999999752e-01
9.864705299999999566e-01
9.959510999999999781e-01
9.892330499999999471e-01
9.894057899999999517e-01
1.036990800000000101e+00
1.015155500000000099e+00
1.027326900000000043e+00
1.056787300000000096e+00
1.059661600000000092e+00
1.045199699999999954e+00
1.063973700000000022e+00
1.039828999999999892e+00
1.070104500000000014e+00
1.080366699999999902e+00
1.094919799999999999e+00
1.084992299999999910e+00
1.056037799999999915e+00
1.037942600000000049e+00
1.089186699999999952e+00
1.086590100000000003e+00
1.059253800000000023e+00
1.090480099999999952e+00
1.097844100000000100e+00
1.095606899999999939e+00
1.111686699999999917e+00
1.112452400000000008e+00
1.099775500000000017e+00
1.142883300000000046e+00
1.117208100000000037e+00
1.148300600000000005e+00
1.121407599999999949e+00
1.136174699999999982e+00
1.090295599999999920e+00
1.119237899999999897e+00
1.096693600000000046e+00
1.118403800000000059e+00
1.100033800000000062e+00
1.126735499999999890e+00
1.112198500000000090e+00
1.078180399999999928e+00
1.064601300000000084e+00
1.093297299999999916e+00
1.059285599999999938e+00
1.033081099999999974e+00
1.037141499999999938e+00
1.050073100000000093e+00
1.059801699999999958e+00
1.067347700000000010e+00
1.048116800000000071e+00
1.048074200000000067e+00
1.039512800000000015e+00
1.033108899999999997e+00
1.028438100000000022e+00
1.021849999999999925e+00
1.021735400000000071e+00
1.029484800000000089e+00
1.026414299999999891e+00
7.786045099999999719e-01
5.154227200000000009e-01
3.633056599999999747e-01
1.642037399999999869e-01
1.644124900000000153e-02
-7.772918099999999442e-02
-2.085162600000000088e-01
-2.984010799999999852e-01
-4.070418399999999881e-01
-4.751062500000000077e-01
-5.596322999999999714e-01
-6.270304799999999457e-01
-6.946497400000000155e-01
-7.413426400000000527e-01
-7.667839300000000025e-01
-8.465996199999999972e-01
-8.564264999999999795e-01
-8.906183100000000241e-01
-9.208042300000000013e-01
-6.574402400000000091e-01
-3.631525299999999734e-01
-1.189868500000000051e-01
1.076179200000000058e-01
2.944610400000000072e-01
3.872071699999999894e-01
4.739876599999999773e-01
5.871377100000000349e-01
6.741144999999999499e-01
7.309462399999999693e-01
7.556791999999999954e-01
7.946331800000000500e-01
8.041439400000000015e-01
8.367967499999999781e-01
8.585545199999999877e-01
8.865694400000000419e-01
9.124855499999999786e-01
9.145913399999999749e-01
9.292565600000000092e-01
9.292793999999999777e-01
9.354010400000000169e-01
9.239117700000000211e-01
9.310246399999999589e-01
9.331107899999999677e-01
9.253652599999999673e-01
9.137099400000000538e-01
9.093011399999999522e-01
9.353178300000000167e-01
9.454513799999999524e-01
9.233981500000000286e-01
9.105184899999999582e-01
9.354741899999999832e-01
9.184140200000000531e-01
8.939825599999999817e-01
8.865250199999999969e-01
8.966768699999999592e-01
8.954685900000000087e-01
9.164291300000000362e-01
9.045814399999999589e-01
9.076057899999999679e-01
8.879374500000000170e-01
9.143107000000000317e-01
9.249212700000000176e-01
9.752488900000000349e-01
9.377849000000000323e-01
9.514230299999999474e-01
9.046716299999999489e-01
9.115732899999999805e-01
9.428389400000000142e-01
8.971614300000000375e-01
9.067363699999999582e-01
9.105947100000000294e-01
9.222239500000000145e-01
9.226742500000000291e-01
9.548453900000000161e-01
9.443290300000000137e-01
9.203204600000000069e-01
9.115534899999999663e-01
8.952388100000000515e-01
8.842733499999999580e-01
8.803319699999999637e-01
8.724844400000000277e-01
8.798666499999999724e-01
8.691089800000000309e-01
8.665354800000000246e-01
8.534723800000000304e-01
8.477494500000000155e-01
8.256427100000000019e-01
8.301975499999999508e-01
8.558963299999999830e-01
8.122279199999999921e-01
8.343552699999999822e-01
8.092140100000000391e-01
7.989686299999999575e-01
8.118771599999999866e-01
8.092416700000000240e-01
7.714172400000000041e-01
7.571603399999999873e-01
7.693516999999999717e-01
6.391611999999999849e-01
3.773051299999999886e-01
1.915593700000000066e-01
-2.531600000000000170e-02
-1.872659700000000038e-01
-2.990535699999999908e-01
-4.320405399999999729e-01
-5.448054300000000350e-01
-6.457416999999999740e-01
-7.407439099999999499e-01
-8.144629799999999475e-01
-8.849657699999999849e-01
-9.347749699999999828e-01
-1.009227400000000108e+00
-1.051898699999999964e+00
-1.081325499999999940e+00
-1.119464800000000038e+00
-1.131798899999999941e+00
-1.137301899999999977e+00
-9.960973899999999714e-01
-7.085673799999999689e-01
-4.243583400000000005e-01
-1.517102300000000015e-01
7.057013400000000658e-02
1.261948699999999868e-01
2.364653700000000081e-01
2.898521000000000014e-01
4.024751100000000248e-01
4.392024500000000220e-01
4.905418699999999910e-01
5.432767299999999855e-01
5.611214700000000111e-01
5.999740999999999547e-01
6.073949899999999680e-01
6.120939600000000480e-01
6.576218900000000422e-01
6.250803000000000331e-01
6.368345600000000495e-01
6.408271599999999513e-01
6.683582300000000531e-01
6.628339100000000261e-01
6.787183399999999756e-01
6.896712499999999579e-01
6.828670599999999702e-01
6.615415399999999835e-01
6.817588300000000379e-01
6.741881800000000258e-01
6.476662899999999778e-01
6.879837600000000553e-01
6.754500599999999633e-01
7.156104500000000090e-01
7.093973500000000376e-01
7.375042000000000542e-01
7.385213600000000156e-01
7.520244400000000162e-01
7.364000600000000230e-01
7.515629900000000418e-01
7.524530299999999672e-01
7.550110700000000064e-01
7.804904299999999573e-01
7.499391499999999988e-01
7.592135100000000358e-01
7.522328999999999821e-01
7.770907599999999915e-01
7.584091600000000266e-01
7.577199300000000415e-01
7.297605700000000528e-01
7.202817200000000142e-01
7.303851999999999567e-01
6.920938300000000210e-01
6.650094800000000417e-01
6.744256600000000379e-01
6.815789100000000378e-01
6.999783699999999609e-01
6.803514699999999582e-01
6.764611799999999953e-01
7.197334800000000365e-01
7.159328299999999645e-01
7.392516900000000168e-01
7.686492900000000406e-01
7.819054800000000416e-01
7.948708799999999464e-01
8.040900100000000217e-01
7.658582200000000340e-01
7.921180700000000074e-01
7.970692600000000017e-01
8.027388899999999827e-01
8.623204799999999448e-01
8.135294699999999768e-01
8.324441099999999594e-01
8.636234000000000410e-01
8.422298900000000366e-01
8.586750800000000350e-01
8.458934200000000070e-01
8.616170800000000352e-01
8.738368600000000486e-01
9.032572599999999508e-01
9.247100400000000109e-01
9.100006800000000062e-01
6.936547499999999866e-01
4.632009599999999949e-01
2.337955100000000119e-01
3.975873299999999749e-02
-1.138049500000000019e-01
-2.228245600000000048e-01
-3.445749399999999962e-01
-4.402387600000000067e-01
-5.431834100000000332e-01
-6.074490399999999957e-01
-6.756174400000000135e-01
-7.336594800000000305e-01
-7.774396700000000271e-01
-7.970160099999999970e-01
-8.523489199999999544e-01
-8.677289500000000544e-01
-8.878303100000000114e-01
-9.313392400000000126e-01
-9.194466999999999501e-01
-6.199847400000000341e-01
-2.857439199999999846e-01
-5.604025299999999994e-03
1.966558999999999946e-01
3.957326299999999741e-01
4.426738000000000062e-01
5.657126300000000496e-01
6.142476000000000047e-01
7.270429999999999948e-01
7.465713000000000488e-01
7.810409699999999455e-01
7.874643799999999638e-01
8.383646999999999627e-01
8.780757599999999830e-01
8.986107300000000242e-01
8.950776099999999680e-01
9.084683300000000461e-01
9.257796999999999832e-01
9.006167299999999765e-01
9.173003600000000368e-01
8.625372500000000331e-01
8.830384500000000303e-01
9.027545399999999942e-01
9.046265700000000187e-01
8.823711600000000432e-01
8.802285199999999588e-01
8.823039700000000485e-01
8.808820400000000328e-01
8.707843100000000058e-01
8.787118900000000510e-01
8.502695900000000195e-01
8.561235400000000162e-01
8.669071299999999702e-01
8.882771400000000206e-01
9.287745200000000478e-01
9.172441599999999751e-01
9.235713300000000237e-01
9.275933600000000334e-01
9.495308599999999766e-01
9.613919300000000057e-01
9.941866799999999893e-01
9.794904300000000230e-01
9.987864400000000531e-01
1.005751400000000073e+00
9.989295299999999544e-01
9.894690000000000429e-01
9.742072200000000404e-01
1.008093200000000023e+00
9.704468000000000538e-01
9.549163999999999985e-01
9.734858699999999754e-01
9.641300200000000320e-01
9.975555499999999576e-01
9.796578599999999915e-01
9.993619299999999539e-01
1.014014100000000029e+00
1.027862000000000053e+00
1.042231399999999919e+00
1.042095500000000063e+00
1.077681700000000076e+00
1.057769200000000076e+00
1.060472300000000034e+00
1.074758000000000102e+00
1.026585800000000104e+00
1.034702100000000069e+00
1.060497400000000034e+00
1.039304699999999970e+00
1.081803999999999988e+00
1.074205199999999971e+00
1.103261999999999965e+00
1.078572000000000086e+00
1.108383200000000013e+00
1.096280700000000108e+00
1.106287599999999927e+00
1.093739000000000017e+00
1.090443700000000016e+00
1.073144899999999957e+00
1.074862599999999890e+00
9.107891999999999655e-01
6.319988899999999798e-01
4.644858700000000229e-01
2.853909399999999819e-01
1.485652799999999940e-01
-2.623520799999999945e-02
-1.308800900000000045e-01
-2.667603900000000139e-01
-3.524443700000000068e-01
-4.119830500000000173e-01
-4.802113399999999865e-01
-5.404236100000000542e-01
-6.036324699999999766e-01
-6.312934999999999519e-01
-6.360030100000000353e-01
-7.194104700000000241e-01
-7.729028100000000512e-01
-8.286966799999999633e-01
-8.380512700000000148e-01
-6.748077000000000103e-01
-3.780466599999999788e-01
-5.719496000000000302e-02
1.901259200000000038e-01
3.888595400000000035e-01
4.894791299999999845e-01
6.119071900000000452e-01
6.951832500000000303e-01
7.940663100000000529e-01
8.366897500000000099e-01
8.830661300000000047e-01
9.196807399999999966e-01
9.260333400000000381e-01
9.568337199999999987e-01
9.614640199999999748e-01
9.616586000000000301e-01
9.478812100000000296e-01
9.740182099999999954e-01
9.318981200000000520e-01
9.313884500000000344e-01
9.798980200000000362e-01
9.309403699999999615e-01
9.533668199999999482e-01
9.591904199999999880e-01
9.574530700000000172e-01
9.282396899999999507e-01
9.476270300000000368e-01
9.264258499999999952e-01
9.301149300000000064e-01
9.265992299999999959e-01
9.204647700000000432e-01
9.407674599999999998e-01
9.387915799999999589e-01
9.374553399999999703e-01
9.264409200000000011e-01
9.431206399999999546e-01
9.393611800000000178e-01
9.638853699999999636e-01
9.478101100000000390e-01
1.001443700000000048e+00
9.828884300000000351e-01
9.859660700000000277e-01
9.775824100000000128e-01
9.762966400000000489e-01
9.808522800000000208e-01
9.420903299999999758e-01
9.045085600000000170e-01
9.287031900000000118e-01
9.766852099999999703e-01
9.635102899999999915e-01
9.514980299999999946e-01
9.719330600000000153e-01
9.788179999999999659e-01
9.208853399999999967e-01
9.397543999999999897e-01
9.485991999999999758e-01
9.183723799999999882e-01
9.163660200000000033e-01
9.147933299999999601e-01
9.170385800000000476e-01
9.229095800000000072e-01
9.262476899999999569e-01
9.225881200000000115e-01
9.530396199999999762e-01
9.442753400000000186e-01
9.690086700000000164e-01
9.919443900000000092e-01
1.017231400000000008e+00
1.015724700000000036e+00
1.032999500000000070e+00
1.023524799999999901e+00
1.022375699999999998e+00
1.047486700000000104e+00
1.042062999999999962e+00
1.057687100000000102e+00
1.034969000000000028e+00
1.048914600000000030e+00
1.026954200000000039e+00
1.029044599999999976e+00
1.040523700000000051e+00
7.985674299999999670e-01
5.815276200000000228e-01
3.952055899999999955e-01
2.287976300000000018e-01
7.071638199999999430e-02
-3.709837600000000235e-02
-1.491301499999999891e-01
-2.573967400000000127e-01
-3.765464900000000115e-01
-4.495062799999999803e-01
-5.419086699999999812e-01
-5.971236699999999953e-01
-6.413568499999999784e-01
-6.369270200000000104e-01
-6.903115199999999563e-01
-7.428033099999999944e-01
-7.541094200000000303e-01
-7.731203800000000514e-01
-7.638631799999999750e-01
-4.849153700000000122e-01
-1.748566400000000076e-01
9.755724000000000340e-02
3.445868799999999843e-01
4.851923499999999945e-01
5.769321200000000482e-01
6.527633299999999750e-01
7.283003799999999694e-01
8.345802599999999627e-01
8.858900299999999950e-01
9.015026499999999610e-01
9.342965699999999929e-01
9.620502600000000459e-01
9.617867500000000236e-01
9.824460600000000099e-01
9.642437099999999761e-01
9.665332699999999999e-01
9.600948299999999547e-01
9.442382999999999749e-01
9.528267400000000054e-01
9.464924500000000407e-01
9.139348499999999653e-01
9.476681799999999711e-01
9.023539299999999708e-01
8.662522400000000067e-01
8.894959999999999534e-01
9.107224000000000430e-01
8.870262799999999448e-01
8.942894000000000121e-01
8.628314500000000553e-01
8.583761500000000044e-01
8.393695300000000303e-01
8.316186899999999937e-01
8.036080700000000077e-01
8.144225200000000386e-01
8.128266800000000236e-01
8.245127500000000165e-01
7.973430700000000426e-01
8.023955299999999680e-01
8.229264600000000263e-01
8.506975300000000351e-01
8.739626900000000420e-01
8.370528999999999886e-01
8.503037900000000038e-01
8.371476199999999812e-01
8.195962500000000261e-01
7.984046500000000490e-01
7.858856800000000309e-01
7.900443900000000408e-01
7.751335700000000495e-01
7.782660099999999526e-01
7.980774000000000479e-01
7.899244699999999897e-01
7.705445100000000158e-01
7.680263600000000190e-01
7.891376799999999525e-01
7.769163900000000123e-01
7.789133599999999991e-01
7.635328000000000115e-01
7.487963199999999597e-01
7.473742100000000388e-01
7.551073099999999760e-01
7.339640200000000503e-01
7.614579200000000103e-01
7.269321699999999886e-01
7.409713100000000496e-01
7.395327600000000112e-01
7.281608999999999998e-01
7.283201400000000048e-01
7.183337199999999534e-01
7.052146000000000248e-01
7.025343200000000454e-01
7.281332999999999833e-01
7.019819299999999762e-01
7.460084599999999844e-01
7.634938999999999476e-01
7.644281699999999624e-01
7.681752499999999761e-01
7.574033700000000202e-01
5.945902600000000371e-01
3.464942300000000142e-01
1.747104800000000013e-01
-1.121178800000000031e-02
-1.547946600000000006e-01
-2.659126499999999726e-01
-3.833844200000000035e-01
-4.714615300000000175e-01
-5.558323400000000358e-01
-6.156351899999999988e-01
-6.871722999999999582e-01
-7.287835499999999467e-01
-7.869741799999999676e-01
-8.250942399999999788e-01
-8.348901600000000478e-01
-8.647844700000000273e-01
-9.085368600000000017e-01
-9.522100000000000009e-01
-9.717705300000000213e-01
-7.938129200000000329e-01
-4.376167200000000146e-01
-1.640749999999999986e-01
5.503463900000000325e-02
2.334367400000000037e-01
3.058251599999999848e-01
4.450486799999999743e-01
5.197782499999999972e-01
6.214243099999999798e-01
6.622711100000000517e-01
7.163112799999999947e-01
7.993608100000000327e-01
7.719163500000000289e-01
7.849824100000000193e-01
7.930600100000000374e-01
8.604110099999999761e-01
8.360579200000000100e-01
8.796628600000000464e-01
8.883984700000000512e-01
9.254546299999999448e-01
9.257904599999999817e-01
9.330013000000000334e-01
9.563555799999999829e-01
9.555082099999999690e-01
9.775981500000000546e-01
9.907965100000000191e-01
9.591041399999999939e-01
9.807207300000000405e-01
9.644017999999999757e-01
9.720859200000000477e-01
9.671776300000000104e-01
9.687459499999999668e-01
9.837395899999999971e-01
9.843609899999999913e-01
9.963903899999999592e-01
9.732733599999999763e-01
9.892971999999999877e-01
9.924136399999999858e-01
9.895819799999999722e-01
1.006677000000000044e+00
9.702759800000000379e-01
9.640566799999999992e-01
9.332039399999999540e-01
9.122640300000000035e-01
9.004302800000000273e-01
8.990881400000000356e-01
8.723468100000000280e-01
8.432118400000000458e-01
8.512240100000000309e-01
8.707349599999999468e-01
8.498110100000000333e-01
8.556156999999999790e-01
8.409250900000000417e-01
8.454339800000000293e-01
8.427135999999999516e-01
8.563740499999999978e-01
8.650194399999999728e-01
8.638348000000000138e-01
8.830702700000000460e-01
8.833124500000000268e-01
8.648044700000000473e-01
8.893398900000000218e-01
9.069953200000000493e-01
9.121622499999999523e-01
9.045456200000000502e-01
9.164252499999999690e-01
9.285391200000000511e-01
9.180873099999999898e-01
9.058122100000000065e-01
8.906124300000000105e-01
8.993085199999999446e-01
8.754380400000000284e-01
8.652429200000000264e-01
8.531083400000000205e-01
8.544859299999999491e-01
8.767781399999999836e-01
8.474631500000000539e-01
8.390511200000000391e-01
8.040967599999999660e-01
7.824882100000000174e-01
5.070010099999999742e-01
2.695275200000000204e-01
1.119679299999999933e-01
-5.999951700000000221e-02
-2.238392899999999963e-01
-3.533268800000000098e-01
-4.705281199999999941e-01
-5.687458699999999867e-01
-6.386554700000000029e-01
-7.248767400000000194e-01
-7.910671000000000230e-01
-8.405683600000000144e-01
-8.903423299999999596e-01
-9.125086500000000322e-01
-9.540202899999999930e-01
-9.801696199999999637e-01
-1.004617499999999941e+00
-1.008955199999999941e+00
-1.007001700000000000e+00
-6.644092700000000518e-01
-4.028669799999999857e-01
-1.556441799999999931e-01
3.697057000000000121e-02
1.429367300000000118e-01
2.918565200000000082e-01
3.715707400000000105e-01
4.648800599999999839e-01
5.402909500000000476e-01
5.781979099999999816e-01
5.918428199999999917e-01
6.357344999999999802e-01
6.774935600000000502e-01
6.855780700000000394e-01
7.027150500000000077e-01
6.870582800000000212e-01
7.392631699999999695e-01
7.187618700000000249e-01
7.143747099999999683e-01
7.080201000000000411e-01
7.133349799999999519e-01
7.417464499999999461e-01
7.350738500000000286e-01
7.227214899999999664e-01
7.356704899999999547e-01
7.749416900000000163e-01
8.016755800000000542e-01
7.826368599999999898e-01
7.909732699999999506e-01
8.158115999999999701e-01
8.398239699999999752e-01
8.139310199999999496e-01
8.100384200000000368e-01
8.055516700000000530e-01
8.099192400000000402e-01
8.555193500000000117e-01
8.668836300000000161e-01
8.780752400000000346e-01
8.989066599999999685e-01
9.224342100000000322e-01
8.987024099999999516e-01
9.044451900000000100e-01
8.890694500000000389e-01
9.099319599999999841e-01
9.306540899999999894e-01
9.364585600000000509e-01
9.217944999999999611e-01
9.419997399999999743e-01
9.486993299999999518e-01
9.519301500000000305e-01
9.722574800000000073e-01
9.633045099999999472e-01
9.968451099999999787e-01
1.052299099999999932e+00
1.042715499999999906e+00
1.041019600000000045e+00
1.040152699999999930e+00
1.065705300000000078e+00
1.094192700000000018e+00
1.089773300000000056e+00
1.105115700000000034e+00
1.135818599999999901e+00
1.104683499999999929e+00
1.099468099999999948e+00
1.103067599999999926e+00
1.100492199999999920e+00
1.126494700000000071e+00
1.108999099999999904e+00
1.104855099999999979e+00
1.082617900000000022e+00
1.122363500000000069e+00
1.084482200000000063e+00
1.058310899999999943e+00
1.073968299999999987e+00
1.111876499999999934e+00
1.054518300000000020e+00
1.019375600000000048e+00
9.961522499999999614e-01
1.008300999999999892e+00
8.181349199999999877e-01
5.489802400000000082e-01
3.451575900000000141e-01
1.779658299999999915e-01
1.475952399999999956e-02
-9.954743300000000461e-02
-2.048781199999999969e-01
-3.114779500000000034e-01
-4.024757700000000105e-01
-4.823394200000000187e-01
-5.703536700000000348e-01
-6.364505299999999588e-01
-6.735631300000000099e-01
-7.098243300000000033e-01
-7.323228299999999802e-01
-7.622902799999999868e-01
-8.102474899999999591e-01
-8.526924500000000462e-01
-8.329963400000000018e-01
-6.866302499999999975e-01
-3.898600500000000135e-01
-1.406189200000000084e-01
9.416098600000000207e-02
2.634383900000000223e-01
3.503758699999999782e-01
4.381661600000000267e-01
5.301612399999999781e-01
6.199818599999999957e-01
6.566138200000000147e-01
6.906018699999999511e-01
6.745126999999999651e-01
7.579580000000000206e-01
7.560860000000000358e-01
7.687724999999999698e-01
7.491732399999999625e-01
7.599421600000000332e-01
7.491430900000000115e-01
7.715366900000000250e-01
8.052613800000000266e-01
8.480218600000000162e-01
8.229155799999999799e-01
8.386857500000000076e-01
8.162098100000000356e-01
8.233623100000000417e-01
8.446123800000000514e-01
7.978896300000000164e-01
7.918176999999999577e-01
8.215702299999999569e-01
8.239845900000000167e-01
8.413965399999999706e-01
8.362496499999999555e-01
8.271589999999999776e-01
8.169903200000000476e-01
8.343393000000000059e-01
8.519272700000000142e-01
8.525869000000000364e-01
8.864145900000000022e-01
8.866003500000000370e-01
8.614759100000000114e-01
8.849542099999999634e-01
9.020788699999999771e-01
8.891654700000000133e-01
8.749000099999999502e-01
8.602633100000000033e-01
8.437286800000000087e-01
8.139332099999999626e-01
7.854449799999999593e-01
8.095609599999999961e-01
8.246456199999999681e-01
8.137806899999999732e-01
8.216508300000000542e-01
8.675541399999999737e-01
8.708033200000000473e-01
8.276277300000000059e-01
8.771964199999999767e-01
8.647315899999999944e-01
8.827176199999999806e-01
8.841091899999999892e-01
8.784111700000000189e-01
8.763981199999999472e-01
8.684737900000000232e-01
8.979326399999999486e-01
8.433248500000000147e-01
8.305518100000000015e-01
8.390666399999999747e-01
8.646308600000000011e-01
8.534574900000000408e-01
8.251367400000000352e-01
7.994776399999999894e-01
7.944663699999999773e-01
7.611390099999999492e-01
7.300090200000000085e-01
7.638246199999999542e-01
7.747446199999999950e-01
7.603136799999999917e-01
7.612132799999999921e-01
7.770788800000000274e-01
7.704217500000000163e-01
7.577688700000000388e-01
4.174537700000000018e-01
2.420424800000000043e-01
5.140103299999999875e-02
-1.292177100000000134e-01
-2.517026199999999880e-01
-3.664465000000000083e-01
-4.676484100000000144e-01
-5.540691599999999495e-01
-6.344550500000000204e-01
-7.109982000000000246e-01
-7.524481499999999823e-01
-7.932208699999999668e-01
-8.854104200000000313e-01
-9.235747699999999893e-01
-9.643674800000000547e-01
-9.796555399999999914e-01
-9.730706599999999762e-01
-9.847255999999999787e-01
-8.946000100000000010e-01
-6.154289400000000354e-01
-3.460534699999999741e-01
-1.107972299999999966e-01
4.959998099999999785e-03
1.310878400000000110e-01
2.845835700000000079e-01
3.805184699999999975e-01
4.959969499999999920e-01
5.747637899999999966e-01
6.422548000000000146e-01
6.804771200000000464e-01
7.246525799999999906e-01
7.411971800000000110e-01
7.868622699999999748e-01
7.754164399999999846e-01
7.854407799999999495e-01
8.073385199999999484e-01
7.901411099999999799e-01
8.048536200000000473e-01
8.004267600000000149e-01
8.544783900000000321e-01
8.449380699999999855e-01
8.521630900000000119e-01
8.825889500000000387e-01
9.180568999999999535e-01
8.737178799999999468e-01
8.611596700000000437e-01
8.696888099999999788e-01
8.799238099999999729e-01
9.063220400000000510e-01
8.847366800000000531e-01
8.757036499999999446e-01
8.920823700000000134e-01
9.072057100000000540e-01
9.186390500000000126e-01
9.514668899999999541e-01
9.144735499999999684e-01
9.015660300000000182e-01
9.259608299999999570e-01
9.199425199999999858e-01
9.136151700000000320e-01
9.382722100000000509e-01
9.355552000000000312e-01
9.388100600000000018e-01
9.563347399999999610e-01
9.481775099999999457e-01
9.462224799999999769e-01
9.465706200000000292e-01
9.181694000000000244e-01
9.151084999999999914e-01
9.325599199999999867e-01
9.341317199999999987e-01
9.558779200000000476e-01
9.610550399999999716e-01
9.866496700000000342e-01
1.022830799999999929e+00
1.007568800000000042e+00
1.025719300000000000e+00
1.006703099999999962e+00
9.718006399999999934e-01
9.534086400000000294e-01
9.067301399999999623e-01
9.152879499999999613e-01
9.011828699999999692e-01
8.863548500000000274e-01
8.962486100000000011e-01
9.095008100000000484e-01
8.744539999999999536e-01
8.692186200000000529e-01
8.236355600000000443e-01
8.592328399999999977e-01
8.621234300000000239e-01
8.854714500000000488e-01
8.704015200000000396e-01
8.498298100000000188e-01
8.323588600000000337e-01
8.242006899999999581e-01
8.280000400000000482e-01
7.973346999999999518e-01
6.067792499999999922e-01
3.510549000000000031e-01
1.571888300000000016e-01
-3.604090900000000292e-02
-1.632185800000000020e-01
-3.256868500000000277e-01
-4.249727699999999997e-01
-5.748347700000000504e-01
-6.242351299999999714e-01
-6.983452199999999888e-01
-7.743304800000000432e-01
-8.742757899999999971e-01
-9.102344999999999464e-01
-9.926514600000000410e-01
-1.034709899999999960e+00
-1.053092700000000104e+00
-1.076515399999999900e+00
-1.073598499999999900e+00
-1.070311100000000071e+00
-8.501819600000000143e-01
-5.485973699999999731e-01
-2.825056400000000023e-01
-5.593102199999999691e-02
1.111324999999999952e-01
1.784368100000000013e-01
2.903626000000000262e-01
4.111275699999999977e-01
4.709904400000000102e-01
5.003120199999999684e-01
5.700747699999999529e-01
5.924439900000000314e-01
6.078545899999999724e-01
6.528838099999999534e-01
6.907730499999999996e-01
6.849677400000000471e-01
7.203939200000000209e-01
7.113316899999999610e-01
7.334311900000000106e-01
7.372683700000000062e-01
7.394773799999999619e-01
7.683982999999999786e-01
7.808248700000000042e-01
7.924669500000000033e-01
7.881746200000000480e-01
7.720130499999999785e-01
7.756389500000000492e-01
7.829555099999999657e-01
8.077931999999999890e-01
8.112445499999999532e-01
8.290844400000000336e-01
8.473821299999999557e-01
8.462788399999999767e-01
8.413674899999999957e-01
8.506074300000000532e-01
8.732303999999999622e-01
8.661712200000000195e-01
9.051152999999999560e-01
8.726872799999999541e-01
9.040766099999999472e-01
9.207720400000000138e-01
9.296619000000000410e-01
9.495582500000000481e-01
9.487773200000000351e-01
9.829878399999999461e-01
9.310038299999999767e-01
9.535103499999999510e-01
9.445028199999999652e-01
9.543001199999999740e-01
9.539353000000000415e-01
9.337126500000000329e-01
9.310749099999999778e-01
9.296782999999999575e-01
9.560503700000000382e-01
9.619477100000000114e-01
9.385003699999999727e-01
9.493305399999999450e-01
9.492206399999999489e-01
9.634562899999999930e-01
9.312818400000000274e-01
9.641939299999999768e-01
9.417183099999999474e-01
9.205614399999999531e-01
9.111301400000000328e-01
8.796454099999999610e-01
8.973820300000000527e-01
9.136062499999999531e-01
9.137056999999999540e-01
9.171137099999999709e-01
8.981648300000000251e-01
9.198724999999999818e-01
9.136609399999999770e-01
8.940430799999999900e-01
9.270140999999999520e-01
8.986470199999999631e-01
9.120643200000000395e-01
9.158035599999999610e-01
8.916254900000000205e-01
8.514964800000000000e-01
6.295943600000000195e-01
2.952441100000000040e-01
1.287535499999999944e-01
-5.784311599999999998e-02
-1.625525399999999954e-01
-2.892344099999999973e-01
-3.793285499999999866e-01
-4.654390700000000103e-01
-5.471436800000000211e-01
-6.313230699999999862e-01
-6.634337099999999543e-01
-7.023564100000000421e-01
-7.854340300000000052e-01
-7.933594999999999953e-01
-8.838419100000000084e-01
-8.685454400000000019e-01
-9.259231799999999568e-01
-9.369640099999999583e-01
-8.690866400000000214e-01
-5.459381199999999712e-01
-2.886294300000000201e-01
-9.102609700000000026e-02
1.262794499999999875e-01
2.331369399999999870e-01
3.750068899999999816e-01
4.615974899999999992e-01
5.842697000000000029e-01
6.536602999999999719e-01
6.887651999999999664e-01
7.210528499999999674e-01
7.549039499999999903e-01
7.878449800000000280e-01
8.008322500000000232e-01
8.129955100000000323e-01
8.285185999999999940e-01
8.440488600000000119e-01
8.441353499999999510e-01
8.295859500000000164e-01
8.517226700000000150e-01
8.452965399999999851e-01
8.728373999999999855e-01
8.917717800000000139e-01
8.650271099999999880e-01
8.618276499999999452e-01
8.721012500000000500e-01
8.489489900000000144e-01
8.361443400000000414e-01
8.604336799999999785e-01
8.384293200000000335e-01
8.651487500000000219e-01
8.895562999999999665e-01
8.931933499999999970e-01
9.132035600000000253e-01
9.016558999999999546e-01
9.058205999999999758e-01
8.973660799999999549e-01
9.088611800000000462e-01
9.262058800000000369e-01
9.240234600000000187e-01
9.005750999999999618e-01
9.155929699999999505e-01
8.959570799999999613e-01
8.804788799999999638e-01
8.560713599999999479e-01
8.185125100000000264e-01
8.270305799999999596e-01
8.051223600000000369e-01
8.110159300000000515e-01
7.902517799999999593e-01
8.442738199999999527e-01
7.986749100000000157e-01
8.210098300000000515e-01
8.178187999999999569e-01
8.294013599999999764e-01
8.247413200000000000e-01
8.136617600000000117e-01
8.233838399999999780e-01
8.194577800000000245e-01
7.892433199999999704e-01
8.230077099999999479e-01
8.423371699999999684e-01
7.951460599999999879e-01
7.828243400000000074e-01
7.742958500000000077e-01
7.743704599999999827e-01
7.666730899999999460e-01
7.491795500000000274e-01
7.466933799999999621e-01
7.364271999999999485e-01
7.232502499999999834e-01
6.883448899999999870e-01
6.988512700000000244e-01
6.579753299999999694e-01
6.610731499999999983e-01
6.651499300000000003e-01
6.521394000000000357e-01
6.843821700000000119e-01
6.911973300000000542e-01
5.081818500000000460e-01
2.185560800000000137e-01
1.949544599999999961e-02
-1.587762000000000062e-01
-2.977059400000000022e-01
-4.242690199999999967e-01
-5.356406599999999907e-01
-6.208973800000000542e-01
-7.275573600000000418e-01
-7.978660899999999723e-01
-8.673244799999999533e-01
-9.571577399999999791e-01
-1.009382999999999919e+00
-1.064123799999999953e+00
-1.085438399999999914e+00
-1.094013300000000077e+00
-1.115847899999999893e+00
-1.140022799999999892e+00
-1.139288099999999915e+00
-8.797667799999999705e-01
-5.571340799999999760e-01
-2.707146200000000169e-01
-4.832924499999999984e-02
1.343308400000000069e-01
2.238421600000000122e-01
3.876459500000000169e-01
4.361962099999999731e-01
5.206985699999999717e-01
5.981248200000000015e-01
6.210377299999999545e-01
6.576433699999999494e-01
7.068513800000000291e-01
6.872506200000000343e-01
6.864560199999999446e-01
7.305657300000000243e-01
7.498853300000000166e-01
7.672458199999999673e-01
7.713991000000000042e-01
7.954679900000000137e-01
8.164738000000000273e-01
8.316136400000000428e-01
8.908576599999999956e-01
9.070875900000000547e-01
9.322828600000000465e-01
9.401099499999999720e-01
9.442534000000000205e-01
9.438680499999999585e-01
9.416155899999999468e-01
9.489997500000000308e-01
9.524372300000000235e-01
9.455243500000000134e-01
9.557573499999999500e-01
9.679848699999999972e-01
9.714170300000000147e-01
9.699387400000000214e-01
9.747499400000000369e-01
9.587446600000000263e-01
9.587567399999999962e-01
9.886921800000000315e-01
1.016152799999999967e+00
9.911111500000000518e-01
1.013099699999999936e+00
1.088099399999999939e+00
1.066569199999999995e+00
1.076918400000000053e+00
1.100999199999999956e+00
1.073908400000000096e+00
1.077990199999999898e+00
1.067209199999999969e+00
1.057947299999999924e+00
1.062017100000000047e+00
1.018753500000000090e+00
9.996133799999999958e-01
1.010507599999999950e+00
1.006054699999999968e+00
1.014734299999999978e+00
9.691157900000000325e-01
1.002106399999999953e+00
9.723659300000000449e-01
9.674082299999999801e-01
9.553997600000000423e-01
9.426020200000000404e-01
9.221979399999999938e-01
9.298175899999999716e-01
9.776534900000000139e-01
9.242917200000000388e-01
9.081204600000000182e-01
9.000842999999999483e-01
9.133282000000000345e-01
9.116373399999999627e-01
8.875314300000000101e-01
8.458089600000000541e-01
8.558632699999999538e-01
8.262917199999999518e-01
8.402069399999999577e-01
8.623509200000000208e-01
7.945180899999999546e-01
7.834078899999999956e-01
6.592675700000000250e-01
3.698899800000000071e-01
1.583722300000000027e-01
-1.786934100000000039e-02
-1.391972499999999946e-01
-2.990875299999999903e-01
-4.151544899999999871e-01
-5.006313999999999487e-01
-6.052354399999999579e-01
-6.968587800000000110e-01
-7.515989400000000487e-01
-7.853970399999999907e-01
-8.897332900000000100e-01
-9.199779599999999835e-01
-9.655543899999999846e-01
-1.008340299999999967e+00
-1.041556699999999891e+00
-1.071462300000000090e+00
-1.091018700000000008e+00
-9.821104400000000290e-01
-6.589521600000000090e-01
-3.614542199999999927e-01
-9.278554599999999652e-02
1.256500799999999973e-01
2.368254300000000034e-01
3.689887800000000162e-01
4.741157599999999972e-01
5.829711899999999725e-01
6.481827300000000402e-01
6.962432100000000013e-01
7.328903300000000343e-01
7.642968999999999458e-01
7.909869800000000062e-01
8.286279100000000231e-01
8.364112099999999606e-01
8.835459700000000138e-01
8.968238699999999675e-01
8.783459599999999812e-01
8.705307100000000409e-01
8.623389000000000193e-01
8.816573899999999853e-01
8.509550700000000356e-01
8.550392900000000074e-01
8.925308699999999762e-01
8.927375199999999511e-01
9.039184599999999792e-01
9.058413800000000293e-01
9.100477900000000231e-01
8.912013899999999822e-01
9.090943999999999692e-01
9.233326200000000483e-01
9.661727500000000246e-01
9.666768999999999501e-01
9.897009500000000237e-01
9.696222399999999686e-01
9.656478800000000140e-01
1.007977399999999912e+00
9.915056500000000161e-01
9.944463900000000134e-01
1.023995599999999895e+00
1.014778399999999969e+00
1.019074299999999988e+00
1.024266399999999910e+00
1.040349100000000027e+00
9.846512400000000387e-01
1.017458900000000055e+00
9.980609299999999573e-01
1.004895300000000047e+00
9.850693200000000260e-01
9.578850800000000554e-01
9.812814300000000101e-01
9.542585999999999569e-01
9.654489800000000121e-01
9.203119100000000108e-01
9.333035800000000215e-01
9.430737099999999540e-01
9.295191600000000109e-01
9.259049000000000307e-01
9.266899100000000056e-01
9.388602900000000417e-01
9.201401500000000455e-01
9.343987999999999738e-01
9.154324099999999742e-01
9.005558500000000466e-01
8.771973600000000371e-01
8.762891299999999717e-01
8.239380699999999669e-01
8.521451799999999466e-01
8.665327099999999838e-01
8.712324799999999758e-01
8.797066399999999842e-01
8.835419300000000309e-01
8.998305800000000465e-01
9.095104200000000416e-01
8.966207899999999453e-01
9.026134099999999494e-01
9.045470799999999478e-01
8.987684200000000123e-01
9.096755699999999889e-01
6.523332099999999967e-01
4.144878000000000173e-01
2.069321299999999919e-01
1.185885700000000043e-02
-1.414471399999999990e-01
-3.013525599999999915e-01
-4.132771299999999925e-01
-5.252577899999999467e-01
-6.083465500000000414e-01
-6.913171900000000258e-01
-7.565654800000000124e-01
-8.205034900000000020e-01
-8.586064300000000316e-01
-9.035339799999999588e-01
-9.679042700000000110e-01
-9.841329500000000063e-01
-1.001862400000000042e+00
-1.075299199999999900e+00
-1.090407600000000032e+00
-8.421496099999999929e-01
-5.255421799999999699e-01
-2.517518300000000098e-01
-3.494888499999999898e-02
5.367923100000000086e-02
2.054614100000000110e-01
3.381664600000000021e-01
3.984707900000000191e-01
4.959171299999999838e-01
5.336656699999999809e-01
5.696428100000000549e-01
6.153937299999999722e-01
6.411541200000000496e-01
6.699637899999999480e-01
7.077564499999999814e-01
7.187387499999999818e-01
7.434846499999999692e-01
7.639347600000000460e-01
7.816474100000000425e-01
8.143983799999999773e-01
8.238114699999999901e-01
8.414370199999999800e-01
8.605696400000000246e-01
8.266026800000000341e-01
8.376788800000000146e-01
8.817569400000000446e-01
8.702032899999999627e-01
9.133315899999999710e-01
8.934497399999999923e-01
9.095244200000000001e-01
8.929014299999999960e-01
8.584370099999999448e-01
8.834386100000000130e-01
8.919730700000000345e-01
8.930426900000000279e-01
9.189327699999999544e-01
9.513478699999999844e-01
9.465474900000000469e-01
1.000164800000000076e+00
1.028873799999999950e+00
1.020497599999999894e+00
1.022389200000000109e+00
1.013464399999999932e+00
1.043778499999999942e+00
1.043644699999999981e+00
1.057325599999999977e+00
1.029670599999999991e+00
1.043348200000000059e+00
1.032582399999999900e+00
1.060544200000000048e+00
1.095341899999999979e+00
1.073444400000000076e+00
1.135305000000000009e+00
1.140712500000000018e+00
1.143884099999999959e+00
1.130855500000000013e+00
1.100350900000000021e+00
1.107157799999999970e+00
1.120040399999999936e+00
1.117226000000000052e+00
1.147321000000000035e+00
1.129558999999999980e+00
1.112755099999999997e+00
1.090603699999999954e+00
1.100090599999999919e+00
1.107422099999999965e+00
1.093693699999999991e+00
1.077333099999999932e+00
1.098860799999999971e+00
1.058626800000000090e+00
1.010978900000000014e+00
9.953363499999999808e-01
9.816632499999999872e-01
1.006418500000000105e+00
9.823087600000000030e-01
9.836221600000000231e-01
9.499788000000000121e-01
9.321206600000000453e-01
8.806610700000000458e-01
8.162210399999999533e-01
4.994210900000000120e-01
3.069138299999999986e-01
1.280369799999999947e-01
-7.085410500000000056e-03
-1.456560000000000077e-01
-2.294211499999999904e-01
-3.631461500000000009e-01
-4.393384200000000073e-01
-4.978324900000000164e-01
-5.898707499999999992e-01
-6.441530300000000153e-01
-7.249455399999999994e-01
-7.837837800000000410e-01
-8.100658200000000475e-01
-8.610212000000000421e-01
-8.985374299999999703e-01
-9.256720699999999580e-01
-9.639614499999999975e-01
-8.510415300000000460e-01
-5.297568700000000463e-01
-2.474535200000000101e-01
1.767949100000000030e-03
2.234221600000000085e-01
2.280474000000000112e-01
3.439239599999999730e-01
4.153492500000000032e-01
5.352785599999999588e-01
6.186706600000000389e-01
6.432845099999999761e-01
7.160293300000000194e-01
7.262239499999999515e-01
7.718682399999999832e-01
7.472814800000000535e-01
7.816099800000000375e-01
7.727159999999999584e-01
7.848553700000000521e-01
7.750704899999999453e-01
7.597441700000000520e-01
7.445446300000000406e-01
7.397799999999999931e-01
7.793806800000000479e-01
8.082266500000000464e-01
8.288618700000000006e-01
8.570596999999999799e-01
8.176889499999999700e-01
8.272025499999999809e-01
8.322923399999999639e-01
8.525196600000000124e-01
8.659917099999999701e-01
8.933826599999999951e-01
8.981814900000000268e-01
9.140031400000000472e-01
8.891858999999999735e-01
8.989113899999999768e-01
8.793583200000000266e-01
8.609918399999999528e-01
8.715101499999999835e-01
8.812148600000000442e-01
8.439940599999999904e-01
8.671235200000000365e-01
8.411378900000000547e-01
8.263596600000000514e-01
8.260710300000000395e-01
7.992838799999999466e-01
8.033463499999999868e-01
8.021059799999999962e-01
7.855232399999999560e-01
8.196605500000000433e-01
7.983247799999999561e-01
7.899904800000000504e-01
8.032585300000000261e-01
8.148908500000000554e-01
7.969389500000000348e-01
8.254186599999999707e-01
8.099501700000000248e-01
8.348411700000000213e-01
8.161402700000000010e-01
7.833621499999999793e-01
7.866504699999999906e-01
7.488711000000000118e-01
7.558941099999999524e-01
7.447336799999999535e-01
7.178416699999999873e-01
7.478641999999999790e-01
7.241117999999999721e-01
7.220604900000000548e-01
7.191155500000000478e-01
7.409314999999999651e-01
7.506371299999999858e-01
7.332900500000000266e-01
7.697823000000000304e-01
7.285085300000000430e-01
6.953520600000000496e-01
6.770557400000000170e-01
6.492408299999999910e-01
6.626282300000000403e-01
6.845835099999999507e-01
6.831753799999999988e-01
3.995710399999999884e-01
1.511352499999999988e-01
-5.014394400000000279e-02
-2.211850399999999994e-01
-3.789602799999999827e-01
-4.941950999999999983e-01
-6.250665199999999588e-01
-6.972579700000000047e-01
-7.575407600000000352e-01
-8.318094499999999503e-01
-9.078401900000000468e-01
-9.675858699999999590e-01
-1.026318899999999923e+00
-1.026711399999999941e+00
-1.081834299999999915e+00
-1.082009299999999952e+00
-1.082657100000000039e+00
-1.094471900000000053e+00
-1.127006900000000034e+00
-8.150606200000000134e-01
-5.169666800000000118e-01
-2.646230800000000105e-01
-2.306264699999999862e-02
1.143432499999999935e-01
1.795839700000000094e-01
2.985602900000000059e-01
3.714767600000000169e-01
4.941238700000000206e-01
5.486107700000000253e-01
6.195406399999999758e-01
6.584035900000000385e-01
7.024152599999999858e-01
7.191290099999999574e-01
7.341328000000000298e-01
7.769340999999999609e-01
8.169943699999999698e-01
8.351186900000000524e-01
8.064366600000000274e-01
8.141476699999999900e-01
8.169653199999999948e-01
8.195188199999999812e-01
8.132892000000000454e-01
8.083213500000000495e-01
8.249630900000000100e-01
8.177270899999999898e-01
8.379332999999999920e-01
8.193922900000000231e-01
8.345354600000000067e-01
8.258858700000000219e-01
8.257653000000000354e-01
8.295526800000000422e-01
8.345512099999999878e-01
8.435996300000000447e-01
8.403533800000000387e-01
8.560346899999999870e-01
8.660262899999999764e-01
9.015550700000000139e-01
9.124212400000000223e-01
8.882923900000000428e-01
8.981180600000000513e-01
9.074729799999999846e-01
9.026968199999999554e-01
9.015270899999999754e-01
9.016320799999999469e-01
8.754794999999999661e-01
8.567371700000000478e-01
8.518625499999999962e-01
8.680776500000000340e-01
8.665306099999999789e-01
8.760630000000000361e-01
8.612020900000000312e-01
8.535726799999999725e-01
8.547145200000000331e-01
8.679058699999999682e-01
8.872027900000000189e-01
8.500696899999999889e-01
8.592748900000000134e-01
8.718764900000000040e-01
8.214847600000000361e-01
8.275625500000000079e-01
8.369954400000000350e-01
8.489976000000000189e-01
8.526606899999999989e-01
8.611518099999999620e-01
8.761844100000000246e-01
8.264089399999999808e-01
8.175720800000000343e-01
8.002149200000000517e-01
8.250642000000000253e-01
8.164744800000000025e-01
8.392142700000000399e-01
8.253751099999999674e-01
8.494003100000000472e-01
8.744523699999999788e-01
8.419651200000000113e-01
8.096087699999999776e-01
8.161483600000000171e-01
8.297643999999999576e-01
7.231156300000000092e-01
4.320617700000000116e-01
2.528495499999999785e-01
7.798738700000000523e-02
-6.499162399999999784e-02
-2.089718000000000131e-01
-3.026590399999999903e-01
-4.240760399999999875e-01
-5.187880999999999743e-01
-6.095807100000000256e-01
-6.988100000000000422e-01
-7.463233000000000228e-01
-8.002136499999999986e-01
-8.415970999999999869e-01
-8.854278599999999555e-01
-9.351399599999999923e-01
-9.350741099999999584e-01
-9.681028699999999487e-01
-1.010131899999999971e+00
-8.511520399999999986e-01
-5.466381399999999946e-01
-2.557347300000000212e-01
-3.178984499999999887e-03
1.108181099999999975e-01
2.504768199999999889e-01
3.871748199999999751e-01
4.901951299999999789e-01
6.418784199999999496e-01
7.057204799999999834e-01
7.481786799999999849e-01
8.111878900000000225e-01
8.210784100000000363e-01
8.212744100000000103e-01
7.899180700000000277e-01
7.874766199999999605e-01
7.780063299999999682e-01
7.902614300000000425e-01
7.908955600000000530e-01
8.171981000000000384e-01
8.109436599999999551e-01
8.382505300000000492e-01
8.361385199999999962e-01
8.497483999999999593e-01
8.629375400000000029e-01
8.920359199999999822e-01
9.203770799999999586e-01
9.222404400000000502e-01
9.511840799999999874e-01
9.647597199999999873e-01
9.839898500000000547e-01
9.871174099999999729e-01
9.921243899999999671e-01
1.003315500000000027e+00
1.010750100000000096e+00
1.016766899999999918e+00
1.020286199999999921e+00
1.079477699999999984e+00
1.054885700000000037e+00
1.078344500000000039e+00
1.112508199999999947e+00
1.115833199999999970e+00
1.149608799999999986e+00
1.129980200000000101e+00
1.152707799999999949e+00
1.117077700000000062e+00
1.121100999999999903e+00
1.139079600000000081e+00
1.139188000000000089e+00
1.142612900000000042e+00
1.144969099999999962e+00
1.153861299999999979e+00
1.118753300000000062e+00
1.107899799999999990e+00
1.124409999999999910e+00
1.095748500000000014e+00
1.123118999999999978e+00
1.106337700000000090e+00
1.072551699999999997e+00
1.081987400000000044e+00
1.034644200000000014e+00
1.048234200000000005e+00
1.026707899999999896e+00
1.027383099999999994e+00
1.053680200000000067e+00
1.051833599999999924e+00
1.077213600000000104e+00
1.075551600000000052e+00
1.082243999999999984e+00
1.103859600000000052e+00
1.059289300000000100e+00
1.053364799999999990e+00
1.015496799999999977e+00
1.046864199999999911e+00
1.027123599999999914e+00
1.005060700000000029e+00
9.776258899999999974e-01
9.501224099999999728e-01
9.500006800000000418e-01
9.223478400000000299e-01
6.165850400000000286e-01
3.734490999999999783e-01
1.876006899999999866e-01
3.596899700000000255e-02
-1.251237299999999886e-01
-2.507107199999999980e-01
-3.621362499999999929e-01
-4.536239799999999822e-01
-5.539974300000000129e-01
-6.174626100000000228e-01
-7.234138799999999536e-01
-7.972645099999999818e-01
-8.604173600000000199e-01
-9.058223300000000089e-01
-9.324708900000000522e-01
-9.817673599999999778e-01
-9.662234400000000445e-01
-9.410003399999999907e-01
-9.513800300000000432e-01
-6.880963900000000022e-01
-4.184939899999999824e-01
-1.742154700000000112e-01
-3.100874600000000023e-02
6.813292299999999801e-02
1.940298799999999879e-01
2.857336300000000162e-01
3.462755900000000220e-01
4.222930400000000084e-01
4.675894500000000176e-01
5.269457899999999695e-01
5.387072499999999708e-01
5.486953599999999653e-01
5.523905599999999749e-01
6.037182399999999616e-01
6.068715099999999474e-01
6.297794100000000395e-01
6.012033199999999855e-01
6.533683000000000130e-01
6.614303499999999447e-01
6.732941500000000357e-01
6.948349200000000225e-01
7.028401199999999571e-01
6.841179400000000355e-01
7.257475399999999688e-01
7.211848299999999989e-01
7.459802800000000511e-01
7.297416700000000089e-01
7.361201600000000234e-01
7.575999100000000430e-01
7.695532400000000273e-01
7.652663600000000343e-01
7.547426600000000096e-01
7.714163000000000547e-01
7.650643000000000304e-01
7.735186499999999743e-01
7.695160100000000281e-01
7.476988399999999757e-01
7.538228200000000045e-01
7.529757299999999542e-01
7.669337899999999486e-01
7.830679699999999466e-01
7.750895300000000265e-01
7.819726799999999756e-01
7.779687100000000077e-01
7.558222599999999680e-01
7.325062100000000465e-01
7.478020199999999562e-01
7.036563599999999807e-01
7.009060099999999682e-01
7.171985400000000510e-01
7.066341499999999609e-01
7.073313799999999540e-01
7.516683400000000459e-01
7.458463100000000123e-01
7.426944800000000457e-01
7.335621799999999526e-01
7.666154499999999761e-01
7.931778000000000439e-01
7.634488000000000385e-01
7.653118700000000052e-01
7.562296899999999544e-01
7.939592300000000158e-01
7.868531899999999801e-01
7.780996700000000210e-01
7.602555300000000127e-01
7.265053700000000392e-01
7.226467199999999647e-01
7.760754899999999790e-01
7.002452900000000202e-01
6.786846199999999607e-01
6.893139499999999531e-01
6.754446600000000300e-01
6.715552700000000375e-01
6.621762599999999610e-01
6.646930899999999864e-01
6.630417699999999748e-01
6.374527599999999516e-01
4.908529200000000259e-01
2.439941200000000088e-01
4.366549799999999704e-02
-1.011999100000000040e-01
-2.602264899999999770e-01
-3.987986000000000031e-01
-5.212550700000000425e-01
-5.898349200000000403e-01
-6.813661500000000038e-01
-7.418758199999999636e-01
-7.784603599999999624e-01
-8.321743600000000018e-01
-8.871972099999999584e-01
-9.260695199999999794e-01
-1.000511699999999893e+00
-9.853240300000000174e-01
-1.009902800000000100e+00
-1.061210599999999893e+00
-1.042154100000000083e+00
-8.666474499999999859e-01
-5.528271999999999631e-01
-2.757431599999999872e-01
-2.498875799999999980e-02
1.748606600000000011e-01
2.337370199999999898e-01
3.661548499999999762e-01
4.225239700000000265e-01
5.612972099999999909e-01
6.052005599999999985e-01
6.576372600000000013e-01
6.959612800000000155e-01
6.874435599999999535e-01
7.410929299999999831e-01
7.613641899999999962e-01
7.747106900000000351e-01
7.536165099999999617e-01
7.622137500000000232e-01
7.743926100000000368e-01
7.811381400000000363e-01
8.072474600000000278e-01
7.950342200000000137e-01
7.903080099999999497e-01
8.264461699999999800e-01
8.563746100000000361e-01
8.577040099999999612e-01
8.460708999999999591e-01
8.468582199999999949e-01
8.557449400000000095e-01
8.373294199999999909e-01
8.230437600000000131e-01
8.171867000000000436e-01
8.192603000000000524e-01
8.531836799999999998e-01
8.392649199999999698e-01
8.425298300000000351e-01
8.504552899999999749e-01
8.954598799999999859e-01
9.044270199999999704e-01
8.987657999999999481e-01
8.871547400000000527e-01
8.923298699999999695e-01
8.654918099999999725e-01
8.581065700000000129e-01
8.689784999999999870e-01
8.638203100000000356e-01
8.759762800000000516e-01
8.551877500000000243e-01
8.191562199999999905e-01
8.448904699999999490e-01
8.350090399999999802e-01
7.856894300000000220e-01
7.943185600000000068e-01
7.609295900000000445e-01
7.676973299999999556e-01
7.695249699999999748e-01
7.573827499999999935e-01
7.657774299999999812e-01
7.546085200000000048e-01
7.128987799999999542e-01
7.279732399999999659e-01
6.977788499999999505e-01
6.910864199999999791e-01
7.077515699999999965e-01
7.121873100000000179e-01
6.874127799999999455e-01
6.715315299999999876e-01
6.878445300000000096e-01
6.943137400000000126e-01
7.073277599999999721e-01
7.197693200000000457e-01
7.522454899999999611e-01
7.507994300000000454e-01
7.335898699999999772e-01
7.577232099999999804e-01
7.112265899999999919e-01
7.203578200000000376e-01
6.996949000000000085e-01
6.916905899999999940e-01
6.668946700000000227e-01
4.020090000000000052e-01
2.280055699999999907e-01
6.010781700000000088e-02
-7.639748500000000109e-02
-2.139778400000000025e-01
-3.320358099999999868e-01
-4.354151700000000180e-01
-5.282682399999999445e-01
-5.797612100000000268e-01
-6.768725100000000383e-01
-7.210828799999999816e-01
-7.809574500000000530e-01
-8.037876400000000254e-01
-8.376976499999999604e-01
-8.389136900000000452e-01
-8.962023500000000364e-01
-9.444188300000000424e-01
-9.571814899999999682e-01
-8.864342400000000399e-01
-6.307000799999999963e-01
-3.508676399999999806e-01
-1.037566399999999972e-01
1.138981599999999983e-01
2.485232900000000078e-01
3.289575599999999822e-01
4.129977200000000126e-01
4.749747200000000169e-01
5.704889400000000554e-01
5.954762300000000508e-01
6.325716900000000198e-01
7.039747899999999614e-01
7.315532900000000227e-01
7.941736799999999930e-01
7.639354699999999498e-01
7.631877299999999531e-01
7.950406199999999757e-01
7.904605700000000290e-01
8.201674300000000306e-01
8.303940600000000449e-01
8.078935499999999603e-01
8.030321200000000159e-01
8.129746799999999496e-01
7.937760900000000452e-01
7.609571099999999921e-01
7.845929099999999767e-01
7.728101600000000238e-01
7.593868400000000074e-01
7.920295400000000319e-01
7.875364400000000042e-01
8.158406200000000164e-01
7.840454000000000034e-01
7.866215100000000238e-01
7.909065699999999755e-01
7.556796099999999461e-01
7.221415599999999602e-01
7.318406800000000212e-01
7.783801399999999981e-01
7.768736099999999922e-01
7.680077600000000393e-01
7.526671400000000123e-01
7.418151899999999577e-01
7.124683800000000122e-01
7.331683900000000031e-01
7.083430600000000243e-01
7.174409299999999767e-01
7.188662999999999581e-01
6.985054200000000435e-01
6.985422199999999915e-01
6.973787599999999864e-01
7.013706699999999739e-01
6.856592299999999529e-01
6.938289499999999999e-01
7.042502499999999666e-01
6.879967999999999639e-01
7.211071900000000090e-01
7.040383900000000139e-01
7.463273400000000057e-01
7.472230100000000208e-01
7.228742200000000118e-01
7.389070399999999594e-01
7.225062799999999452e-01
7.365302599999999922e-01
7.241697099999999665e-01
7.065298700000000043e-01
7.231608600000000164e-01
7.567926699999999451e-01
7.269816700000000242e-01
7.219570499999999891e-01
7.215648199999999957e-01
6.966054200000000307e-01
7.090300899999999462e-01
7.164991600000000238e-01
6.928413500000000225e-01
7.143373499999999821e-01
7.416553700000000360e-01
7.358094099999999971e-01
7.222182200000000218e-01
7.797405899999999557e-01
5.830945800000000290e-01
3.341018299999999885e-01
1.395049700000000059e-01
-2.158752499999999977e-02
-1.587441699999999900e-01
-3.054416699999999985e-01
-3.723041799999999846e-01
-4.758315200000000078e-01
-5.392949700000000401e-01
-6.210983799999999500e-01
-6.568982899999999958e-01
-7.157337599999999966e-01
-7.284916799999999748e-01
-7.793373000000000106e-01
-7.917728800000000122e-01
-8.436004900000000362e-01
-8.706459399999999516e-01
-8.986462699999999693e-01
-9.073586999999999625e-01
-7.488585700000000012e-01
-4.607699499999999837e-01
-1.892959999999999920e-01
5.251886699999999686e-02
2.441748900000000055e-01
3.229963299999999982e-01
4.138090899999999905e-01
5.099613299999999905e-01
5.832054399999999639e-01
6.125621500000000275e-01
6.375890499999999905e-01
6.733032199999999801e-01
7.150174099999999644e-01
7.275933399999999773e-01
7.495587599999999906e-01
7.687530200000000091e-01
7.592967499999999648e-01
7.752727200000000263e-01
7.826122500000000093e-01
7.691551599999999489e-01
7.492815999999999921e-01
7.546075500000000158e-01
7.611190899999999981e-01
7.862869799999999687e-01
7.800942499999999891e-01
7.857654699999999659e-01
8.072816499999999618e-01
7.850416799999999640e-01
8.189133600000000346e-01
8.024699499999999874e-01
8.189672300000000460e-01
7.935784500000000463e-01
8.264342399999999866e-01
8.088195400000000035e-01
8.134053399999999767e-01
8.229670100000000543e-01
8.301022000000000123e-01
8.557826600000000283e-01
8.344411299999999754e-01
8.770028899999999794e-01
8.314701700000000084e-01
8.175311800000000240e-01
7.826971499999999526e-01
7.719942100000000140e-01
7.740466599999999975e-01
7.736104900000000395e-01
7.775109100000000550e-01
7.970790500000000112e-01
7.785100099999999745e-01
7.876895000000000424e-01
7.676483299999999899e-01
7.717120100000000038e-01
7.650939399999999724e-01
7.371147900000000197e-01
7.065971800000000469e-01
7.150086100000000444e-01
7.076461899999999527e-01
7.221410700000000515e-01
6.969377900000000015e-01
7.018808600000000508e-01
6.954500599999999810e-01
7.242382000000000541e-01
6.911522700000000130e-01
6.712799699999999481e-01
6.828575500000000353e-01
7.108042700000000158e-01
6.979822100000000473e-01
7.167923499999999670e-01
6.794888399999999828e-01
6.788616699999999726e-01
6.888287800000000294e-01
6.889697099999999574e-01
6.676351200000000263e-01
7.159307499999999491e-01
7.078083299999999856e-01
6.714516400000000163e-01
6.977869500000000169e-01
6.926301500000000555e-01
6.866292699999999583e-01
6.274859999999999882e-01
3.574867800000000040e-01
1.308544399999999885e-01
-1.923583400000000027e-02
-1.878409500000000065e-01
-3.128920299999999877e-01
-4.114865699999999960e-01
-5.148591399999999929e-01
-6.140328699999999529e-01
-6.847122399999999720e-01
-7.634853799999999913e-01
-8.337738999999999567e-01
-8.562179899999999844e-01
-8.844015899999999597e-01
-8.932876600000000389e-01
-9.271614400000000034e-01
-9.664296100000000500e-01
-9.709755100000000416e-01
-9.805887399999999587e-01
-9.389900399999999703e-01
-6.716988699999999479e-01
-4.172051199999999849e-01
-1.846258400000000133e-01
1.952567700000000170e-02
1.042070499999999955e-01
2.218338499999999991e-01
3.126343300000000158e-01
3.509661199999999925e-01
4.602830700000000164e-01
4.844822100000000242e-01
5.034933700000000512e-01
5.562077600000000510e-01
5.834923199999999532e-01
5.465118399999999710e-01
5.708414299999999830e-01
5.734525900000000398e-01
5.857365100000000435e-01
5.464448299999999925e-01
5.381957600000000230e-01
5.145913199999999632e-01
5.266994200000000292e-01
5.436626199999999853e-01
5.655589399999999545e-01
5.691905200000000331e-01
5.762802500000000494e-01
5.327551000000000370e-01
5.415950299999999773e-01
5.858888599999999558e-01
5.838218400000000363e-01
5.740312300000000034e-01
5.824124499999999705e-01
5.743512800000000196e-01
5.867162500000000502e-01
5.846443500000000348e-01
5.875237899999999902e-01
6.094927399999999773e-01
6.118221999999999827e-01
6.022281299999999726e-01
6.265717899999999618e-01
5.963863499999999540e-01
5.851504800000000284e-01
5.913880500000000540e-01
6.293546500000000155e-01
6.005597499999999478e-01
5.737490200000000540e-01
5.788400200000000106e-01
5.736921499999999563e-01
5.879166700000000301e-01
5.774073699999999754e-01
5.737550300000000547e-01
5.760753199999999463e-01
6.141815499999999650e-01
5.999543099999999907e-01
6.266167900000000346e-01
5.920057499999999973e-01
6.241032399999999480e-01
5.983446000000000042e-01
6.142992299999999739e-01
6.281543600000000227e-01
6.328033800000000264e-01
5.904121300000000350e-01
6.013536099999999829e-01
5.615514200000000233e-01
5.880582699999999940e-01
5.941868999999999623e-01
5.995365999999999751e-01
6.260393600000000447e-01
6.123686000000000407e-01
6.410519700000000265e-01
6.510898200000000413e-01
6.507014100000000356e-01
6.639004299999999859e-01
6.805040300000000375e-01
6.377016899999999877e-01
6.298355300000000323e-01
6.341405100000000461e-01
6.479558899999999788e-01
6.453842499999999927e-01
4.250757900000000089e-01
1.985899399999999926e-01
3.798676599999999820e-02
-1.074232799999999960e-01
-2.258538599999999896e-01
-3.301405399999999823e-01
-4.587475300000000145e-01
-5.411410100000000334e-01
-6.515453300000000336e-01
-7.065982400000000441e-01
-7.914662999999999560e-01
-8.210827299999999829e-01
-8.507147099999999851e-01
-8.433508199999999455e-01
-9.048827099999999790e-01
-9.642726099999999745e-01
-9.616606699999999952e-01
-9.699825499999999989e-01
-1.016961100000000062e+00
-8.221945800000000082e-01
-5.518320199999999787e-01
-3.172652599999999934e-01
-1.021133800000000036e-01
1.378340100000000068e-02
1.559267400000000081e-01
2.710025300000000192e-01
3.328222100000000072e-01
4.735736199999999729e-01
5.092429200000000433e-01
5.796590900000000435e-01
5.689769900000000158e-01
5.845875999999999850e-01
6.261100499999999736e-01
6.631581100000000228e-01
6.572577800000000137e-01
6.767204999999999471e-01
7.038929999999999909e-01
7.290197000000000482e-01
7.046641500000000446e-01
6.733730100000000496e-01
6.960120600000000435e-01
6.878769599999999818e-01
6.928828599999999893e-01
7.225132399999999455e-01
7.102367000000000541e-01
7.141231500000000398e-01
7.332473499999999644e-01
7.236799800000000005e-01
7.299740399999999907e-01
7.082152400000000236e-01
7.090912999999999800e-01
7.090098700000000420e-01
6.831140999999999464e-01
7.163499599999999523e-01
6.925026300000000079e-01
6.951163999999999676e-01
7.133889300000000322e-01
6.987505800000000100e-01
7.488001199999999580e-01
7.481160799999999611e-01
7.284125799999999762e-01
7.497015200000000101e-01
7.433901499999999718e-01
7.587616900000000442e-01
7.478105099999999839e-01
7.450134999999999952e-01
7.878784899999999869e-01
7.850990399999999703e-01
7.955366099999999774e-01
7.999129900000000459e-01
7.729223200000000515e-01
7.873259000000000229e-01
7.863646800000000381e-01
7.810791599999999946e-01
7.817151300000000358e-01
7.827496200000000348e-01
7.821041699999999874e-01
7.880804099999999535e-01
7.922857199999999711e-01
8.305036399999999874e-01
7.874801399999999951e-01
7.928150200000000369e-01
8.021756500000000178e-01
7.800645299999999782e-01
7.987323899999999588e-01
7.760835299999999659e-01
7.888115700000000174e-01
7.754472599999999716e-01
7.500604499999999897e-01
7.677678100000000505e-01
7.844185599999999869e-01
8.084785300000000285e-01
7.846553400000000345e-01
8.125753500000000296e-01
7.823452400000000528e-01
7.694744599999999712e-01
7.598407700000000542e-01
7.550433600000000522e-01
7.154863200000000090e-01
4.096569999999999934e-01
2.503036399999999939e-01
1.075177999999999967e-01
-3.994345299999999682e-02
-1.390000799999999981e-01
-2.675148900000000052e-01
-3.829215699999999889e-01
-4.519004999999999828e-01
-5.296464800000000306e-01
-5.881600200000000056e-01
-6.390595599999999710e-01
-7.055352400000000079e-01
-7.310349400000000220e-01
-7.512076800000000443e-01
-7.867885399999999807e-01
-8.031827499999999453e-01
-8.375013399999999830e-01
-8.664948099999999487e-01
-8.074791500000000344e-01
-5.337471999999999772e-01
-2.717791600000000196e-01
-2.860748399999999900e-02
1.709648300000000121e-01
3.459045700000000223e-01
3.993561099999999864e-01
4.706631299999999851e-01
5.353789199999999804e-01
6.145953499999999847e-01
6.594206999999999708e-01
6.821034400000000053e-01
6.702546200000000232e-01
6.737807399999999891e-01
7.242784899999999970e-01
7.408833299999999511e-01
7.391123600000000238e-01
7.189673100000000261e-01
7.274704100000000118e-01
7.177168299999999723e-01
7.277130899999999514e-01
7.062889999999999446e-01
6.904412500000000064e-01
6.785922699999999974e-01
6.868006199999999728e-01
6.644195000000000517e-01
6.798113500000000364e-01
7.214840599999999826e-01
7.002844200000000185e-01
7.160001200000000177e-01
7.303608600000000006e-01
7.228900900000000407e-01
7.246473700000000129e-01
7.067135900000000026e-01
6.850742300000000062e-01
7.111772200000000543e-01
7.319342399999999582e-01
7.539151499999999784e-01
7.683917200000000003e-01
7.896758400000000178e-01
7.840370500000000131e-01
7.811996500000000232e-01
8.178826399999999941e-01
7.513184499999999710e-01
7.634930100000000275e-01
7.693747199999999564e-01
7.764465200000000289e-01
7.582817099999999977e-01
7.943696500000000382e-01
7.579415299999999744e-01
7.525942399999999699e-01
7.403871199999999542e-01
7.747787999999999897e-01
7.628086800000000167e-01
7.461528699999999681e-01
7.293611199999999739e-01
7.009036800000000289e-01
6.934727800000000109e-01
7.146788699999999661e-01
7.457152999999999698e-01
7.255691699999999855e-01
7.227737499999999926e-01
7.251863800000000193e-01
7.314019299999999779e-01
7.386295899999999470e-01
7.138118399999999752e-01
7.020142600000000010e-01
7.305352200000000407e-01
7.450567000000000162e-01
