6.434155099999999683e-01
7.135478899999999625e-01
7.153712199999999743e-01
7.622842199999999568e-01
8.071859399999999907e-01
7.959241999999999706e-01
8.192819000000000074e-01
7.843822099999999686e-01
7.886997300000000433e-01
8.162031499999999884e-01
7.941931300000000249e-01
8.083958399999999767e-01
7.951934899999999473e-01
8.008447199999999544e-01
8.257948999999999984e-01
7.936257199999999790e-01
8.059954000000000285e-01
8.371525899999999742e-01
8.692963400000000007e-01
8.754537399999999803e-01
8.803249199999999552e-01
9.133306799999999503e-01
9.161660299999999646e-01
9.246386100000000274e-01
8.917007300000000525e-01
9.212793500000000524e-01
9.401864500000000069e-01
9.180441700000000482e-01
9.098401999999999878e-01
9.166362200000000016e-01
9.476229400000000247e-01
9.515916199999999714e-01
9.294449799999999762e-01
9.320785900000000401e-01
8.771175599999999628e-01
8.748447799999999885e-01
8.529120599999999719e-01
8.490020400000000134e-01
8.346783300000000239e-01
8.374357100000000553e-01
8.321423700000000201e-01
8.453173299999999779e-01
9.102423899999999568e-01
9.058964400000000250e-01
9.052925899999999526e-01
9.118846800000000030e-01
9.123775100000000027e-01
8.994733499999999493e-01
8.963208200000000181e-01
9.096078499999999956e-01
9.155888300000000202e-01
9.379684099999999747e-01
9.322645999999999988e-01
9.307213800000000425e-01
9.211081599999999536e-01
9.267138499999999501e-01
9.706945999999999630e-01
9.543593400000000004e-01
9.840634200000000220e-01
1.001991899999999935e+00
9.754006800000000199e-01
1.006231099999999934e+00
9.923217100000000235e-01
9.797329200000000071e-01
9.817076799999999714e-01
9.666644599999999476e-01
9.621110499999999677e-01
9.690723199999999871e-01
9.372327599999999981e-01
9.137172999999999545e-01
8.714042499999999913e-01
6.480085500000000165e-01
3.815504800000000252e-01
1.879078700000000046e-01
3.743548299999999857e-02
-8.489369700000000407e-02
-2.590415500000000093e-01
-3.436313200000000179e-01
-4.277680200000000266e-01
-4.905791600000000141e-01
-5.664605999999999808e-01
-6.380889499999999881e-01
-6.951448500000000363e-01
-7.428652900000000114e-01
-7.813559500000000213e-01
-7.406830399999999592e-01
-7.538823000000000052e-01
-7.774339500000000402e-01
-8.236086799999999819e-01
-8.167756499999999642e-01
-5.481974899999999540e-01
-2.488575199999999987e-01
1.545014999999999930e-02
1.438696100000000089e-01
3.885438099999999895e-01
4.582710099999999787e-01
5.510614700000000532e-01
6.244726999999999917e-01
7.364733799999999553e-01
7.992206299999999874e-01
8.322768299999999675e-01
8.621515800000000285e-01
8.647922099999999501e-01
8.848691600000000435e-01
8.501355200000000334e-01
8.778478899999999641e-01
8.839648700000000137e-01
8.911134499999999736e-01
9.181275199999999748e-01
9.044073999999999725e-01
8.834581000000000239e-01
8.864863600000000288e-01
8.872707399999999467e-01
8.876987100000000019e-01
8.881739400000000506e-01
9.208529100000000245e-01
9.301958399999999960e-01
9.534758700000000031e-01
9.450729799999999514e-01
9.752804200000000368e-01
9.574260500000000285e-01
9.957446699999999984e-01
1.012683000000000000e+00
9.774253600000000208e-01
9.822617000000000154e-01
9.828388599999999808e-01
1.002507199999999932e+00
1.012076500000000046e+00
1.018573600000000079e+00
1.021400199999999980e+00
9.997450799999999527e-01
9.959523500000000418e-01
9.961695799999999990e-01
9.906160600000000205e-01
9.727362699999999585e-01
9.844409499999999813e-01
9.442198600000000219e-01
9.118197999999999581e-01
9.206895899999999466e-01
9.067563499999999888e-01
9.227252500000000524e-01
9.088035300000000261e-01
8.995381199999999966e-01
9.006807300000000405e-01
9.259733100000000494e-01
8.725211099999999886e-01
8.663438900000000054e-01
8.780652100000000404e-01
8.763668100000000516e-01
8.520850199999999708e-01
8.633874599999999955e-01
8.319694699999999887e-01
8.463530299999999507e-01
8.311906000000000017e-01
8.264072500000000376e-01
8.304351500000000108e-01
8.297769600000000079e-01
7.984482999999999997e-01
8.018506499999999981e-01
7.883746400000000154e-01
8.103196999999999761e-01
8.285283599999999637e-01
8.195719999999999672e-01
8.110941400000000190e-01
8.205426500000000400e-01
8.137845799999999796e-01
8.013703899999999880e-01
7.894569000000000170e-01
7.968189199999999861e-01
7.140666399999999747e-01
3.803060799999999908e-01
2.143209399999999876e-01
-2.648731499999999826e-03
-1.634341199999999883e-01
-2.767046000000000228e-01
-4.023125399999999963e-01
-4.793547899999999751e-01
-5.754591999999999485e-01
-6.458348499999999603e-01
-7.452872600000000070e-01
-8.501832900000000359e-01
-8.791571200000000141e-01
-9.294854599999999856e-01
-9.725880999999999554e-01
-9.798037200000000446e-01
-1.023206099999999896e+00
-1.054766899999999952e+00
-1.101631100000000085e+00
-9.640915300000000299e-01
-6.426153700000000191e-01
-3.772467500000000196e-01
-1.566144299999999989e-01
6.335750699999999347e-02
1.605318599999999984e-01
3.154375600000000057e-01
4.118240799999999813e-01
5.627199400000000296e-01
6.251692300000000202e-01
6.646145199999999864e-01
7.100701900000000455e-01
7.547543899999999972e-01
8.118162300000000275e-01
8.347015100000000354e-01
8.409481100000000264e-01
8.488117699999999655e-01
8.536257699999999504e-01
8.603486099999999581e-01
8.853419000000000150e-01
8.963081000000000520e-01
8.898286199999999591e-01
8.952436799999999861e-01
8.522537399999999819e-01
8.378581099999999893e-01
8.581448299999999696e-01
8.905231200000000014e-01
9.065137399999999568e-01
9.393351500000000076e-01
9.591000800000000215e-01
9.441880200000000167e-01
9.706157800000000391e-01
9.813354899999999770e-01
9.742121200000000147e-01
9.973994099999999863e-01
9.949285399999999724e-01
1.001901600000000059e+00
9.780295599999999645e-01
9.905090500000000020e-01
9.899443100000000495e-01
9.992100299999999713e-01
9.723583000000000087e-01
9.918312500000000531e-01
1.017978499999999897e+00
9.824458000000000357e-01
9.624409999999999910e-01
9.365287199999999812e-01
9.380430800000000291e-01
9.316357800000000244e-01
9.613878900000000227e-01
9.509920499999999777e-01
9.415382700000000105e-01
9.396927000000000474e-01
9.792930199999999585e-01
9.999726599999999577e-01
9.992701299999999787e-01
1.005066500000000085e+00
9.480347199999999974e-01
9.528263000000000149e-01
9.245702399999999876e-01
9.106226899999999569e-01
9.254260300000000106e-01
9.026494999999999935e-01
9.065441300000000036e-01
8.726384099999999755e-01
8.737223400000000417e-01
8.933933600000000252e-01
9.059914399999999812e-01
9.247015299999999938e-01
9.391741900000000198e-01
9.168596900000000050e-01
9.314353699999999847e-01
9.526894599999999880e-01
9.378256400000000159e-01
9.513159900000000002e-01
9.667300500000000074e-01
9.288758999999999766e-01
9.188194499999999820e-01
9.058209400000000189e-01
9.162929600000000452e-01
6.476662600000000491e-01
4.246146499999999824e-01
1.797793000000000030e-01
3.232056700000000143e-02
-1.315028199999999925e-01
-2.295976499999999865e-01
-3.635058099999999848e-01
-4.708026499999999892e-01
-5.247325699999999538e-01
-6.337342999999999726e-01
-7.138864600000000005e-01
-7.581404099999999868e-01
-7.895664500000000308e-01
-8.729777600000000470e-01
-9.094479899999999839e-01
-9.205191499999999527e-01
-9.304302100000000353e-01
-9.398881799999999620e-01
-9.503756899999999952e-01
-6.461105499999999502e-01
-3.741088699999999823e-01
-1.060545199999999993e-01
8.673659200000000125e-02
1.924651199999999895e-01
3.283518400000000059e-01
4.245533300000000065e-01
5.005441499999999655e-01
5.937307299999999843e-01
6.570456799999999653e-01
6.794471899999999787e-01
7.214063299999999845e-01
7.622110300000000116e-01
7.854656300000000257e-01
8.379274100000000391e-01
8.283331400000000233e-01
8.354308700000000476e-01
8.428995700000000424e-01
8.253827700000000434e-01
8.274743500000000251e-01
8.486300199999999849e-01
8.329895699999999570e-01
8.434373600000000248e-01
8.395988599999999469e-01
8.452753899999999598e-01
8.757007999999999459e-01
8.864792200000000122e-01
9.246691299999999503e-01
9.469860500000000236e-01
9.259406999999999499e-01
9.281462700000000510e-01
9.503604900000000022e-01
9.635340700000000203e-01
9.828248699999999616e-01
1.014738600000000046e+00
1.032435500000000062e+00
1.009423799999999982e+00
1.032331300000000063e+00
1.036398200000000047e+00
1.076916599999999891e+00
1.076418099999999933e+00
1.058379299999999912e+00
1.066902100000000075e+00
1.053600899999999951e+00
1.074183399999999899e+00
1.041541899999999909e+00
1.032118300000000044e+00
1.031611099999999892e+00
1.037021900000000052e+00
1.049273399999999912e+00
1.046176400000000006e+00
1.054213800000000090e+00
1.059145999999999921e+00
1.078830399999999967e+00
1.088809300000000091e+00
1.084162000000000070e+00
1.074755399999999916e+00
1.043555500000000080e+00
1.023364500000000010e+00
1.023368599999999962e+00
1.030261600000000000e+00
1.056460600000000083e+00
1.044935799999999970e+00
1.035956199999999994e+00
1.023587100000000083e+00
1.019815099999999974e+00
1.041592400000000085e+00
1.017324799999999918e+00
9.823772699999999691e-01
9.836156700000000530e-01
9.928626900000000477e-01
9.796643800000000013e-01
9.739805799999999847e-01
9.332271199999999656e-01
9.417411100000000479e-01
9.402877699999999672e-01
9.643941099999999711e-01
9.677545300000000017e-01
9.230154900000000495e-01
7.699201100000000464e-01
5.437032200000000426e-01
3.150406599999999724e-01
1.487816100000000086e-01
-5.983581600000000000e-02
-2.082953999999999917e-01
-3.387618199999999913e-01
-4.352223000000000064e-01
-5.133614300000000075e-01
-6.060479500000000019e-01
-7.095393800000000528e-01
-7.860187600000000385e-01
-8.509511499999999895e-01
-8.893524699999999505e-01
-9.317716799999999910e-01
-9.937155399999999528e-01
-1.017320999999999920e+00
-1.014828099999999900e+00
-1.021074500000000107e+00
-8.714204500000000131e-01
-5.415176299999999721e-01
-2.886046099999999837e-01
-6.182092799999999722e-02
1.511384000000000061e-01
2.327996099999999902e-01
3.742816299999999763e-01
4.803233800000000220e-01
5.971116100000000149e-01
6.681104500000000224e-01
7.165432600000000152e-01
7.409180899999999736e-01
7.527056399999999536e-01
7.481062400000000334e-01
7.687321999999999766e-01
7.539903700000000208e-01
7.812300399999999589e-01
7.789030500000000412e-01
8.195859100000000286e-01
8.177456199999999509e-01
7.981576700000000413e-01
8.201326700000000081e-01
8.325640499999999999e-01
8.678347100000000092e-01
8.806004299999999896e-01
9.231788800000000350e-01
9.109611399999999470e-01
9.006800499999999543e-01
8.587530899999999967e-01
8.311998200000000336e-01
8.312182799999999760e-01
8.567310999999999677e-01
8.224542599999999926e-01
8.096570400000000500e-01
8.299254000000000353e-01
8.473672199999999766e-01
8.474587500000000384e-01
8.655720900000000162e-01
8.627968599999999988e-01
8.450883500000000437e-01
8.519376400000000515e-01
8.529894599999999771e-01
8.572734600000000427e-01
8.681688400000000527e-01
8.814437800000000101e-01
8.774041599999999885e-01
9.254806199999999761e-01
9.022809800000000102e-01
9.164844100000000271e-01
9.460742100000000265e-01
9.294036900000000045e-01
9.050555700000000314e-01
9.086188899999999569e-01
9.334397199999999728e-01
9.485016800000000137e-01
9.264204099999999720e-01
9.026637100000000080e-01
9.225636000000000392e-01
8.898190200000000161e-01
9.105577299999999541e-01
9.069494399999999956e-01
9.056182600000000082e-01
9.444039499999999920e-01
9.453742000000000534e-01
9.344904800000000122e-01
9.303032199999999863e-01
9.376422399999999602e-01
9.316540800000000511e-01
9.331349500000000186e-01
9.293604699999999941e-01
8.938923500000000022e-01
9.054851299999999714e-01
9.185280000000000111e-01
8.940397700000000114e-01
8.924407100000000259e-01
8.655713499999999616e-01
8.227729999999999766e-01
8.089750999999999470e-01
7.950361700000000420e-01
8.051154200000000261e-01
5.861349700000000329e-01
3.445772200000000174e-01
1.763378300000000010e-01
5.199011099999999858e-02
-1.020214400000000049e-01
-2.527939699999999790e-01
-3.548410499999999912e-01
-4.403872500000000079e-01
-5.128425800000000478e-01
-5.944307899999999867e-01
-6.501371700000000420e-01
-7.221583799999999886e-01
-7.402895200000000342e-01
-7.848973000000000200e-01
-8.217385600000000068e-01
-8.475889399999999574e-01
-8.906937600000000010e-01
-8.873080899999999938e-01
-8.212922799999999857e-01
-5.607884199999999542e-01
-2.781947200000000064e-01
-5.832620699999999971e-03
2.130789700000000064e-01
3.204070800000000108e-01
4.577048100000000175e-01
5.336267900000000175e-01
6.373259799999999586e-01
7.123260999999999621e-01
7.441456899999999708e-01
7.875144499999999770e-01
7.896268400000000520e-01
8.038092999999999488e-01
8.474913099999999977e-01
8.333842399999999984e-01
8.263737799999999467e-01
8.495502999999999805e-01
8.688966799999999768e-01
8.956439600000000167e-01
9.184729900000000447e-01
9.229631000000000363e-01
8.836254599999999737e-01
9.040665799999999530e-01
9.315170699999999471e-01
9.379602999999999691e-01
9.436932099999999490e-01
9.530506399999999489e-01
9.713921800000000495e-01
9.985701599999999845e-01
1.007026500000000047e+00
9.975425500000000278e-01
1.022005599999999959e+00
1.000051500000000093e+00
1.006472199999999928e+00
1.007706299999999944e+00
9.994472399999999590e-01
1.030296199999999995e+00
1.043393900000000096e+00
1.058999299999999977e+00
1.041217700000000024e+00
1.059913700000000070e+00
1.084826199999999963e+00
1.055839399999999983e+00
1.069994899999999971e+00
1.057628299999999966e+00
1.058752099999999974e+00
1.024581500000000034e+00
1.026155499999999998e+00
1.017903699999999967e+00
1.001040900000000011e+00
1.026306200000000057e+00
1.027170700000000103e+00
1.022198299999999893e+00
1.023542299999999905e+00
1.023492099999999905e+00
1.035937600000000014e+00
9.871008300000000402e-01
1.011060499999999918e+00
1.036671300000000073e+00
1.031534500000000021e+00
1.026179299999999905e+00
1.030003900000000083e+00
1.019932999999999979e+00
1.040012399999999948e+00
1.051496500000000056e+00
1.069408700000000101e+00
1.091063200000000011e+00
1.059029699999999963e+00
1.043098999999999998e+00
1.010205599999999926e+00
1.002970399999999929e+00
1.011854500000000101e+00
1.027721300000000060e+00
1.007411300000000010e+00
9.908326600000000317e-01
9.819954300000000025e-01
1.007541100000000078e+00
9.868664099999999717e-01
9.448134400000000044e-01
7.956331700000000007e-01
5.350810400000000078e-01
3.921369599999999789e-01
2.427681999999999896e-01
2.916711899999999830e-02
-1.198154000000000025e-01
-2.271459399999999906e-01
-3.612384100000000098e-01
-4.506438799999999967e-01
-5.588314500000000073e-01
-6.179905700000000168e-01
-6.544001000000000401e-01
-7.194159900000000052e-01
-7.818999599999999495e-01
-8.359511499999999762e-01
-9.101467199999999647e-01
-9.380681300000000000e-01
-9.248028900000000441e-01
-9.123039200000000459e-01
-7.212379399999999663e-01
-4.283459800000000151e-01
-1.487088199999999916e-01
6.608677000000000301e-02
2.516619099999999887e-01
3.265457399999999732e-01
4.744096899999999950e-01
5.424984200000000367e-01
6.675169699999999873e-01
7.220098400000000138e-01
7.514175699999999791e-01
7.535050100000000306e-01
7.819113500000000050e-01
7.992236400000000129e-01
8.366518899999999537e-01
8.408681500000000364e-01
8.384684599999999710e-01
8.486159399999999575e-01
8.418968399999999797e-01
8.598826000000000525e-01
8.819398299999999802e-01
9.080780699999999594e-01
9.132803499999999630e-01
9.323257900000000431e-01
9.548650300000000035e-01
9.449813799999999819e-01
9.806141499999999622e-01
9.869284200000000284e-01
1.014578699999999944e+00
9.917761000000000493e-01
9.770854100000000431e-01
9.947552100000000008e-01
9.975836099999999540e-01
9.834537700000000049e-01
1.005998699999999912e+00
9.966594600000000526e-01
1.018605200000000099e+00
1.063454300000000075e+00
1.047199100000000049e+00
1.057442100000000051e+00
1.081295399999999907e+00
1.114652699999999941e+00
1.080897100000000055e+00
1.055098499999999939e+00
1.026971400000000090e+00
1.029295300000000024e+00
1.055962599999999973e+00
1.069175299999999940e+00
1.071547299999999980e+00
1.042509899999999989e+00
1.046100299999999983e+00
1.006362399999999990e+00
1.032187500000000036e+00
1.048081500000000110e+00
1.046844700000000072e+00
1.059485699999999975e+00
1.003738100000000077e+00
1.023416899999999963e+00
1.022621299999999955e+00
9.980130900000000471e-01
9.657097900000000124e-01
9.983361699999999672e-01
1.002685700000000013e+00
9.828910600000000386e-01
9.923772199999999488e-01
9.734159700000000193e-01
9.939852099999999524e-01
9.982055300000000075e-01
9.754467799999999578e-01
9.582086100000000162e-01
9.771009699999999576e-01
9.753369600000000306e-01
9.622761399999999465e-01
9.506325100000000417e-01
9.179536400000000151e-01
9.326579900000000478e-01
9.157392399999999544e-01
8.910621300000000078e-01
5.590067800000000364e-01
3.450641400000000192e-01
1.873457600000000001e-01
2.132939600000000047e-02
-1.290488300000000033e-01
-2.541232399999999725e-01
-3.877097700000000091e-01
-4.912247599999999825e-01
-6.046111899999999650e-01
-6.459957699999999692e-01
-6.992434499999999886e-01
-7.380602099999999943e-01
-7.951838700000000149e-01
-8.396739800000000420e-01
-8.737907000000000313e-01
-8.886544600000000349e-01
-9.174417799999999845e-01
-9.291366199999999687e-01
-8.258199800000000090e-01
-5.251930999999999683e-01
-2.083397499999999902e-01
9.174414899999999533e-04
2.676356699999999922e-01
3.648115399999999897e-01
5.386699299999999635e-01
6.176980199999999588e-01
7.493592300000000428e-01
7.963513800000000531e-01
8.461557600000000345e-01
8.959643699999999544e-01
9.136375100000000415e-01
9.330101400000000433e-01
9.629105100000000528e-01
9.988398400000000343e-01
9.804152000000000422e-01
9.855469500000000327e-01
1.036963800000000102e+00
9.987805299999999997e-01
1.030721500000000068e+00
9.927151100000000117e-01
1.013353600000000077e+00
1.033291900000000041e+00
1.057043900000000036e+00
1.035410600000000070e+00
1.041779800000000034e+00
1.052838699999999905e+00
1.036100000000000021e+00
1.044533600000000062e+00
1.074915999999999983e+00
1.077479199999999970e+00
1.054599899999999923e+00
1.075096300000000005e+00
1.071667799999999948e+00
1.067936299999999950e+00
1.079259100000000027e+00
1.093104700000000040e+00
1.078871799999999936e+00
1.142310500000000006e+00
1.127540399999999998e+00
1.128993499999999983e+00
1.112021900000000008e+00
1.109636899999999926e+00
1.150273199999999996e+00
1.136892999999999931e+00
1.119285300000000039e+00
1.073789899999999964e+00
1.069633000000000056e+00
1.074409200000000064e+00
1.062684399999999973e+00
1.080638900000000069e+00
1.072816100000000050e+00
1.041098899999999938e+00
1.006374399999999891e+00
1.042788000000000048e+00
1.052089400000000063e+00
1.049429799999999968e+00
1.016478100000000051e+00
1.033067500000000027e+00
1.022518800000000061e+00
9.924715600000000304e-01
9.934083599999999903e-01
1.006155499999999980e+00
9.966124400000000438e-01
9.857818200000000308e-01
9.281757499999999661e-01
9.245765700000000420e-01
8.895587900000000436e-01
9.082627699999999971e-01
9.103228399999999665e-01
8.982670699999999453e-01
8.736745000000000205e-01
8.157072800000000345e-01
8.167596900000000382e-01
7.838060799999999606e-01
7.821694599999999831e-01
8.218118100000000315e-01
8.487939700000000087e-01
8.515140799999999510e-01
6.585293300000000238e-01
3.975457299999999861e-01
2.123702699999999999e-01
3.237044699999999664e-02
-1.354005299999999912e-01
-2.801585899999999851e-01
-3.758913099999999785e-01
-4.531193800000000160e-01
-5.641675999999999913e-01
-6.327049300000000542e-01
-7.213906700000000116e-01
-7.816472700000000051e-01
-8.231534499999999532e-01
-8.891610100000000294e-01
-8.917231199999999802e-01
-9.770326499999999470e-01
-9.950581200000000459e-01
-1.007698299999999936e+00
-9.931506199999999840e-01
-7.978026900000000365e-01
-4.701111099999999987e-01
-1.861651099999999948e-01
2.264999200000000074e-02
1.462515600000000027e-01
3.028076800000000235e-01
4.516446900000000153e-01
5.186932499999999946e-01
6.227931199999999778e-01
6.800097299999999789e-01
7.258936900000000358e-01
7.744168599999999847e-01
8.012071899999999580e-01
8.222689899999999774e-01
8.352237300000000531e-01
8.401946000000000137e-01
8.609760899999999717e-01
8.789147299999999774e-01
8.948620400000000252e-01
9.082593599999999601e-01
9.379452299999999632e-01
9.329705999999999833e-01
9.051240999999999870e-01
9.439882600000000235e-01
9.870392500000000346e-01
1.033802799999999911e+00
1.032626000000000044e+00
1.036747899999999944e+00
1.055057899999999993e+00
1.008920400000000051e+00
1.009841299999999942e+00
9.984764799999999996e-01
1.022785499999999903e+00
1.038933899999999966e+00
1.025967599999999980e+00
1.031906800000000013e+00
1.010071799999999964e+00
1.029066000000000036e+00
1.055479999999999974e+00
1.061924799999999891e+00
1.064706600000000059e+00
1.048456099999999891e+00
1.069679599999999953e+00
1.033052499999999929e+00
1.040118799999999899e+00
1.044267300000000009e+00
1.008960800000000102e+00
1.020951900000000023e+00
1.027853300000000081e+00
1.021106599999999975e+00
1.016979300000000030e+00
9.884991100000000142e-01
1.006664999999999921e+00
9.918167100000000458e-01
9.783754000000000062e-01
9.914946700000000224e-01
9.936375299999999910e-01
9.968712800000000263e-01
9.938060800000000361e-01
1.007326100000000002e+00
9.712363400000000313e-01
9.599461400000000033e-01
9.327434000000000003e-01
9.608120100000000496e-01
9.838371399999999989e-01
9.794179600000000319e-01
9.743888200000000444e-01
9.695798799999999495e-01
9.577844800000000491e-01
9.708147700000000491e-01
9.783419300000000263e-01
9.497365500000000127e-01
9.401911600000000258e-01
9.411357599999999879e-01
9.437525700000000128e-01
9.335567399999999960e-01
9.038334700000000277e-01
8.929012100000000007e-01
9.075903699999999796e-01
8.511564099999999744e-01
5.200402100000000027e-01
3.119660100000000158e-01
1.298110299999999939e-01
-3.095636699999999852e-02
-1.265172900000000045e-01
-2.490631000000000095e-01
-3.858657300000000179e-01
-4.610055699999999756e-01
-5.230579199999999540e-01
-5.888876499999999847e-01
-6.740454599999999852e-01
-7.280555800000000355e-01
-7.849643899999999563e-01
-7.966620199999999707e-01
-8.335991000000000373e-01
-8.896150200000000341e-01
-8.900041699999999834e-01
-9.121552400000000338e-01
-7.994355800000000345e-01
-5.311345499999999831e-01
-2.375250399999999928e-01
3.336852399999999663e-02
2.847626300000000166e-01
3.648898999999999893e-01
5.273596600000000079e-01
6.242271299999999634e-01
7.207840199999999697e-01
7.591418800000000466e-01
7.870807699999999851e-01
8.225864800000000088e-01
8.526419299999999923e-01
9.017734200000000477e-01
8.927209799999999973e-01
9.245180600000000304e-01
9.238165400000000194e-01
9.203117200000000553e-01
9.323538999999999577e-01
9.099132199999999671e-01
9.136516900000000163e-01
9.250371899999999536e-01
9.356981800000000460e-01
9.234216400000000435e-01
9.252628200000000414e-01
9.297213500000000019e-01
9.604195700000000002e-01
9.322791799999999851e-01
9.550713600000000358e-01
9.581033599999999595e-01
9.766913299999999687e-01
9.739716499999999666e-01
9.608864400000000083e-01
9.444337999999999900e-01
9.590532499999999683e-01
9.784728599999999998e-01
9.673894600000000343e-01
9.487052200000000157e-01
9.969162000000000301e-01
1.022001900000000019e+00
1.031688699999999903e+00
1.020233100000000004e+00
9.955643499999999868e-01
1.029985300000000104e+00
1.065469299999999953e+00
1.077886799999999923e+00
1.064958199999999966e+00
1.079132500000000050e+00
1.089056000000000024e+00
1.081688500000000053e+00
1.050908600000000082e+00
1.021635700000000035e+00
1.047570799999999913e+00
1.049857999999999958e+00
1.015224399999999916e+00
1.014196799999999898e+00
1.024711900000000009e+00
1.017762099999999892e+00
1.037571199999999916e+00
1.032363700000000106e+00
1.020040099999999894e+00
1.023217599999999949e+00
1.015870599999999957e+00
1.024676900000000002e+00
1.014994100000000010e+00
1.021793799999999974e+00
9.900166299999999531e-01
9.862604099999999763e-01
9.784771700000000072e-01
1.003239100000000050e+00
1.032454699999999947e+00
9.969338399999999600e-01
1.000170900000000085e+00
1.015854100000000093e+00
1.037035300000000104e+00
1.050771200000000016e+00
1.056254000000000026e+00
1.039142000000000010e+00
1.022910699999999951e+00
9.794538600000000095e-01
8.266879299999999597e-01
5.424377000000000226e-01
3.603858099999999731e-01
2.120759500000000131e-01
4.443092800000000148e-02
-7.555090700000000048e-02
-2.007143500000000136e-01
-2.700280899999999984e-01
-3.908473900000000167e-01
-4.712757100000000143e-01
-5.534262699999999979e-01
-6.096603900000000520e-01
-6.617720900000000350e-01
-6.942171599999999998e-01
-7.631695899999999533e-01
-8.018781499999999562e-01
-8.273925399999999541e-01
-8.617224700000000182e-01
-8.752014599999999866e-01
-6.713385699999999678e-01
-3.650621099999999952e-01
-6.778195800000000326e-02
1.699378000000000000e-01
2.821880500000000236e-01
4.196732699999999872e-01
5.435656700000000008e-01
6.774803499999999534e-01
7.122742899999999766e-01
7.797974100000000242e-01
8.069655700000000209e-01
8.388328099999999843e-01
8.965363200000000532e-01
9.084316799999999636e-01
9.207514399999999766e-01
8.952291599999999683e-01
9.228411399999999487e-01
9.148421700000000101e-01
9.410329100000000002e-01
9.656330100000000138e-01
9.724709599999999954e-01
9.913385399999999903e-01
9.744308499999999595e-01
1.000741499999999951e+00
1.019961799999999918e+00
9.908205199999999824e-01
9.543049799999999694e-01
9.689563500000000218e-01
9.557082799999999656e-01
9.643433300000000541e-01
9.650158500000000084e-01
9.833831299999999942e-01
9.763340299999999639e-01
1.003992599999999902e+00
1.020008100000000084e+00
1.038035000000000041e+00
1.064756199999999930e+00
1.059280500000000069e+00
1.107911799999999891e+00
1.108953099999999914e+00
1.091347300000000020e+00
1.107353999999999949e+00
1.076702300000000001e+00
1.059902700000000086e+00
1.062734400000000079e+00
1.076364600000000005e+00
1.072263399999999978e+00
1.048448499999999894e+00
1.051342999999999916e+00
1.055695899999999909e+00
1.059629300000000107e+00
1.097184500000000007e+00
1.080750600000000006e+00
1.045687999999999951e+00
1.050276800000000010e+00
1.060004200000000063e+00
1.044452299999999889e+00
1.022462999999999900e+00
1.005325699999999989e+00
1.038386800000000054e+00
1.016167199999999937e+00
1.017560999999999938e+00
1.024137499999999923e+00
1.012814000000000103e+00
9.973613199999999956e-01
9.703373199999999477e-01
9.812336400000000181e-01
9.846491400000000338e-01
9.682430199999999543e-01
9.788118399999999886e-01
9.733857399999999993e-01
9.502067199999999492e-01
9.437785400000000546e-01
9.272993600000000169e-01
9.030601200000000217e-01
9.106173100000000131e-01
8.963095300000000210e-01
8.934418600000000321e-01
8.797623799999999550e-01
7.876589200000000401e-01
5.211650899999999975e-01
3.362479199999999779e-01
1.419128400000000123e-01
-1.440821899999999989e-02
-1.917963400000000096e-01
-3.300273799999999813e-01
-4.496689700000000012e-01
-5.584368199999999449e-01
-6.521171500000000343e-01
-7.425645800000000296e-01
-8.023213200000000045e-01
-8.632548899999999970e-01
-9.557526299999999919e-01
-1.005390400000000017e+00
-1.016455600000000015e+00
-1.049221299999999912e+00
-1.081212999999999980e+00
-1.108920700000000092e+00
-1.002173100000000039e+00
-7.174762599999999768e-01
-4.002774499999999791e-01
-1.839477200000000090e-01
-1.181568000000000028e-02
7.601050500000000598e-02
2.177825999999999929e-01
2.922011099999999861e-01
4.266760900000000079e-01
4.811500200000000116e-01
5.642201199999999917e-01
6.064089000000000285e-01
6.385190299999999874e-01
6.802094300000000038e-01
7.160481600000000446e-01
6.892112099999999630e-01
7.042093000000000380e-01
7.365277000000000074e-01
7.613077799999999895e-01
7.819878200000000001e-01
7.684608200000000444e-01
7.841795400000000082e-01
7.657171400000000183e-01
7.778694000000000441e-01
7.818458400000000141e-01
7.733017699999999994e-01
7.618838300000000396e-01
8.125630000000000353e-01
8.009231399999999779e-01
8.104246099999999897e-01
8.264028700000000116e-01
8.514722599999999808e-01
8.455540599999999962e-01
8.491418800000000155e-01
8.448648600000000508e-01
8.411931900000000351e-01
8.642441600000000390e-01
8.684223500000000096e-01
8.810019300000000442e-01
8.726691199999999649e-01
8.605414399999999908e-01
8.792488299999999812e-01
8.818356800000000106e-01
8.490571599999999775e-01
8.613008599999999459e-01
8.863541799999999915e-01
9.114564499999999736e-01
9.280814600000000247e-01
9.122652399999999773e-01
8.850737800000000322e-01
9.251461800000000402e-01
8.942252699999999610e-01
9.072812199999999994e-01
9.090816800000000031e-01
9.063080900000000106e-01
9.136248000000000147e-01
9.206341300000000505e-01
9.259687800000000468e-01
9.337585699999999544e-01
9.124141399999999846e-01
9.215555199999999614e-01
8.749866899999999559e-01
8.845147799999999449e-01
8.590251899999999941e-01
8.780149099999999818e-01
8.570409500000000236e-01
8.321733000000000047e-01
8.152097000000000371e-01
8.083864099999999997e-01
8.394025999999999987e-01
8.245891699999999824e-01
8.423436399999999491e-01
8.252451299999999934e-01
8.153771699999999845e-01
8.021561799999999964e-01
8.498307999999999973e-01
8.300665200000000299e-01
8.242974100000000082e-01
8.475174199999999658e-01
8.206459999999999866e-01
6.035122099999999934e-01
3.260664300000000182e-01
1.541612699999999891e-01
-2.009245299999999970e-02
-1.586680599999999997e-01
-2.706333200000000105e-01
-3.893793400000000182e-01
-4.779406999999999961e-01
-5.459013499999999519e-01
-6.139394299999999527e-01
-6.766562799999999989e-01
-7.237937700000000030e-01
-7.479382599999999659e-01
-7.931488199999999766e-01
-8.245461499999999777e-01
-8.895719600000000504e-01
-8.930462000000000122e-01
-9.297592099999999471e-01
-9.814384900000000522e-01
-7.133902100000000246e-01
-4.027465900000000154e-01
-1.309824800000000122e-01
1.195793599999999957e-01
2.964061900000000138e-01
3.747475900000000193e-01
4.752816899999999789e-01
5.476369300000000218e-01
6.619131499999999502e-01
7.118220600000000342e-01
7.561827500000000146e-01
7.779352000000000489e-01
7.755714299999999506e-01
8.259761500000000201e-01
8.277116399999999707e-01
8.469913700000000212e-01
8.477821899999999911e-01
8.588207199999999819e-01
9.155928500000000136e-01
9.191961699999999791e-01
9.214507199999999454e-01
8.991287000000000029e-01
9.475062400000000551e-01
9.334172099999999972e-01
9.338307200000000030e-01
9.274725000000000330e-01
9.250080600000000208e-01
9.001680499999999974e-01
9.344663800000000409e-01
9.227220900000000503e-01
9.040079500000000046e-01
9.431814699999999663e-01
9.171931399999999623e-01
9.098508299999999993e-01
9.470796799999999793e-01
9.524919200000000474e-01
9.556151999999999980e-01
9.471981900000000509e-01
9.561060500000000406e-01
9.404108599999999596e-01
9.163025999999999671e-01
9.226980500000000474e-01
9.261215799999999998e-01
9.619364000000000248e-01
9.266824700000000359e-01
9.455908400000000436e-01
9.301498400000000055e-01
9.426031700000000457e-01
9.675253999999999799e-01
9.368544300000000158e-01
9.716046699999999481e-01
9.545095999999999581e-01
9.421645400000000503e-01
9.431520599999999588e-01
9.625738200000000244e-01
9.874668699999999966e-01
9.451768600000000076e-01
9.714706300000000017e-01
1.014713299999999929e+00
9.845483200000000323e-01
9.550969299999999551e-01
9.604706400000000421e-01
9.646646800000000521e-01
9.757966500000000432e-01
9.218548500000000034e-01
9.232173200000000080e-01
9.440452099999999680e-01
9.481268699999999550e-01
9.383132899999999665e-01
9.501271999999999496e-01
9.144066400000000483e-01
9.194589199999999574e-01
8.979693499999999995e-01
8.740124200000000121e-01
8.953860099999999544e-01
8.723761100000000379e-01
8.804194600000000426e-01
8.651361499999999927e-01
8.938948100000000396e-01
7.581545200000000539e-01
5.107370300000000363e-01
3.525366300000000175e-01
1.482275700000000029e-01
-4.539287200000000425e-03
-9.793451599999999924e-02
-2.532187399999999977e-01
-3.829152499999999848e-01
-4.941573899999999742e-01
-5.809937400000000363e-01
-6.398646500000000348e-01
-6.970540699999999701e-01
-7.497055500000000539e-01
-7.767285299999999726e-01
-8.265995999999999899e-01
-8.515845699999999852e-01
-8.921439399999999686e-01
-9.163712400000000313e-01
-9.265271600000000163e-01
-8.222613199999999622e-01
-5.283932199999999968e-01
-2.439469599999999905e-01
-6.154704700000000230e-03
2.224265599999999954e-01
2.971822399999999864e-01
4.412187599999999876e-01
5.067622600000000199e-01
6.004996999999999696e-01
6.641991900000000504e-01
6.832838599999999651e-01
6.952807500000000029e-01
7.518815100000000307e-01
7.906224099999999977e-01
7.506753000000000453e-01
7.883266399999999674e-01
8.061753099999999783e-01
8.377963299999999780e-01
8.163212800000000380e-01
8.285882100000000472e-01
8.469205100000000153e-01
8.518288299999999813e-01
8.426187299999999825e-01
8.400539299999999487e-01
8.563078800000000212e-01
8.417806700000000086e-01
8.644343500000000180e-01
8.559684199999999521e-01
8.800737400000000488e-01
9.040608500000000269e-01
8.993842100000000173e-01
9.048123700000000325e-01
8.733013499999999762e-01
8.992847000000000479e-01
8.930483599999999855e-01
9.120969199999999777e-01
8.822341599999999895e-01
8.711541900000000505e-01
8.636470800000000114e-01
8.727673599999999920e-01
9.059959600000000446e-01
9.272155800000000392e-01
9.162177999999999711e-01
9.324042399999999953e-01
9.529256699999999469e-01
9.094997099999999612e-01
8.870921800000000079e-01
8.634185500000000069e-01
8.622922200000000537e-01
9.139014199999999644e-01
8.918934800000000163e-01
8.978957699999999820e-01
9.380375800000000375e-01
9.188498899999999470e-01
9.500303399999999732e-01
9.025248900000000241e-01
8.946318300000000168e-01
9.169778699999999727e-01
9.031027600000000044e-01
9.032187799999999989e-01
9.116606800000000010e-01
9.207883500000000332e-01
9.228004499999999943e-01
9.051976800000000045e-01
8.845787299999999798e-01
9.404968999999999690e-01
9.055427999999999811e-01
9.422741399999999823e-01
9.628796499999999758e-01
9.188535100000000400e-01
9.092159100000000160e-01
9.067137699999999745e-01
8.649223099999999720e-01
8.872935899999999654e-01
8.630300600000000433e-01
8.534182300000000554e-01
8.539747100000000257e-01
8.635101899999999553e-01
8.526351300000000188e-01
7.944058400000000297e-01
5.384711899999999885e-01
2.899431599999999776e-01
1.020055899999999932e-01
-5.937986499999999696e-02
-2.192417299999999958e-01
-3.393856599999999779e-01
-4.433266900000000232e-01
-5.388134700000000166e-01
-6.038175700000000257e-01
-6.733028500000000083e-01
-7.227793999999999608e-01
-7.880749400000000016e-01
-8.769212899999999644e-01
-9.036712999999999552e-01
-9.726677900000000321e-01
-9.968945900000000249e-01
-1.028407300000000024e+00
-1.039889700000000028e+00
-1.014087900000000042e+00
-7.384584899999999674e-01
-4.357725900000000152e-01
-1.437545600000000035e-01
9.769831900000000569e-02
2.448811700000000091e-01
3.154993400000000170e-01
4.443549900000000052e-01
5.376883000000000079e-01
6.658872999999999598e-01
6.779611800000000521e-01
7.131110400000000293e-01
7.459801999999999822e-01
7.557497399999999477e-01
7.905125200000000518e-01
8.345573400000000364e-01
8.261007799999999790e-01
8.527855100000000244e-01
8.771220899999999654e-01
8.852286900000000402e-01
8.961602300000000021e-01
8.592423999999999618e-01
9.046087299999999720e-01
9.206090700000000293e-01
9.458831599999999451e-01
9.442837299999999878e-01
9.314892200000000066e-01
9.344207399999999719e-01
9.785262799999999705e-01
9.659076300000000170e-01
9.937123799999999507e-01
1.009564799999999929e+00
1.043326999999999893e+00
1.050477200000000000e+00
1.059102800000000011e+00
1.047087199999999996e+00
1.034804400000000069e+00
1.023322300000000018e+00
1.031771800000000017e+00
1.016892099999999965e+00
1.033567899999999984e+00
1.018874400000000069e+00
1.016626400000000041e+00
9.983692499999999859e-01
1.003029299999999902e+00
1.011445300000000103e+00
9.971938000000000191e-01
9.917361700000000280e-01
1.020017600000000080e+00
1.021679900000000085e+00
9.957095000000000251e-01
9.758558000000000510e-01
9.857734500000000510e-01
9.934762400000000104e-01
9.305571400000000049e-01
8.871776500000000398e-01
9.066944700000000301e-01
9.152730000000000032e-01
9.318404200000000026e-01
9.153548200000000135e-01
9.515467899999999757e-01
9.130903400000000003e-01
9.168784800000000512e-01
8.976123900000000377e-01
9.095626399999999778e-01
8.908538499999999472e-01
8.902744700000000400e-01
8.639074500000000212e-01
8.523844000000000420e-01
8.369185999999999570e-01
8.546729400000000476e-01
8.384296799999999550e-01
8.546315100000000387e-01
8.455604199999999793e-01
8.468793500000000307e-01
8.564521400000000284e-01
8.210857299999999581e-01
8.273915400000000364e-01
8.433398199999999623e-01
6.606926600000000427e-01
3.894226700000000263e-01
2.173967499999999997e-01
2.884139700000000126e-02
-1.189739300000000055e-01
-2.799868699999999988e-01
-3.690068100000000184e-01
-4.584645500000000262e-01
-5.440173699999999446e-01
-5.993639600000000289e-01
-6.847183100000000522e-01
-7.580734300000000481e-01
-8.067988799999999960e-01
-8.231419399999999609e-01
-8.515700699999999568e-01
-9.114372699999999661e-01
-9.464372300000000182e-01
-9.825477500000000530e-01
-9.817097399999999974e-01
-8.100273300000000454e-01
-5.128578200000000198e-01
-2.443098800000000070e-01
4.525812799999999990e-03
2.240080499999999863e-01
2.926238500000000187e-01
4.388503500000000002e-01
5.060999499999999651e-01
6.336056199999999805e-01
6.916529300000000546e-01
7.218551600000000512e-01
7.318394799999999867e-01
7.408067200000000296e-01
7.548356699999999586e-01
8.162399099999999574e-01
8.097874299999999748e-01
8.346232900000000177e-01
8.518406400000000378e-01
8.623382099999999939e-01
8.833240399999999770e-01
9.127620400000000522e-01
9.073971499999999857e-01
9.152606100000000300e-01
9.215780000000000083e-01
9.099438199999999588e-01
8.852442200000000261e-01
8.804266200000000486e-01
8.694024099999999589e-01
8.528654799999999536e-01
9.091008400000000211e-01
9.061723200000000311e-01
9.370361499999999566e-01
9.355778200000000044e-01
9.470357499999999540e-01
9.272459699999999749e-01
9.421338299999999499e-01
9.248963799999999624e-01
9.586307699999999654e-01
9.722792900000000182e-01
1.017796900000000004e+00
1.028679600000000027e+00
1.020942800000000039e+00
1.044593600000000011e+00
1.044798700000000080e+00
1.030927099999999985e+00
1.004091700000000031e+00
1.021309900000000104e+00
1.025560100000000086e+00
1.084381299999999992e+00
1.045638099999999904e+00
1.051355999999999957e+00
1.058256599999999992e+00
1.049301999999999957e+00
9.993034100000000031e-01
1.007386799999999916e+00
1.014293899999999971e+00
1.014166399999999912e+00
1.011694300000000046e+00
1.030789100000000014e+00
1.035595000000000043e+00
1.045239800000000052e+00
1.047410299999999905e+00
1.062686699999999984e+00
1.076502400000000081e+00
1.062829900000000105e+00
1.031881300000000001e+00
1.019435400000000103e+00
1.040208100000000080e+00
9.927280899999999519e-01
1.004060100000000011e+00
9.997507300000000319e-01
9.904000699999999657e-01
9.828469699999999865e-01
1.016396400000000089e+00
1.024239700000000086e+00
1.009085100000000068e+00
1.001591700000000085e+00
9.849233499999999752e-01
9.748303699999999461e-01
9.835293600000000191e-01
7.048254800000000042e-01
4.731856300000000237e-01
2.888944399999999746e-01
1.131305499999999964e-01
-7.845008800000000115e-02
-2.138662600000000025e-01
-2.884759299999999915e-01
-3.589846199999999765e-01
-4.634439599999999881e-01
-5.507412200000000313e-01
-6.350684899999999855e-01
-7.152173099999999950e-01
-7.289165699999999859e-01
-7.813542500000000279e-01
-8.130504899999999591e-01
-8.825254399999999944e-01
-9.026469000000000298e-01
-9.622119000000000089e-01
-9.430277099999999635e-01
-6.551196599999999926e-01
-3.316963099999999942e-01
-8.870722699999999961e-02
1.490520899999999982e-01
3.310773000000000188e-01
4.153973599999999933e-01
5.152474400000000010e-01
5.740490599999999999e-01
6.614859699999999787e-01
7.030214299999999472e-01
7.752368600000000276e-01
7.820005500000000165e-01
7.869557400000000147e-01
7.934132600000000091e-01
8.248789300000000102e-01
8.024173000000000000e-01
8.419120500000000229e-01
8.562194100000000141e-01
8.763117999999999741e-01
8.838720700000000097e-01
9.118544499999999831e-01
8.800657200000000513e-01
8.849989700000000514e-01
9.139006800000000208e-01
9.228150299999999806e-01
9.029061099999999840e-01
9.286582899999999974e-01
8.894389999999999796e-01
9.332861399999999863e-01
9.257506899999999872e-01
9.502684700000000317e-01
9.455677900000000191e-01
9.603402500000000064e-01
9.365831000000000017e-01
9.437530800000000220e-01
9.516393199999999553e-01
9.764815399999999812e-01
9.963764800000000088e-01
9.753309599999999691e-01
9.931596099999999705e-01
1.024851399999999968e+00
1.029125300000000021e+00
9.983301599999999665e-01
1.004450300000000018e+00
9.754302400000000040e-01
1.006341900000000011e+00
9.901029599999999764e-01
9.925433999999999646e-01
1.016626500000000100e+00
1.022974300000000003e+00
1.009150900000000073e+00
1.006138200000000094e+00
1.022252500000000008e+00
1.011785799999999957e+00
1.027331999999999912e+00
1.046349900000000055e+00
1.056210799999999894e+00
1.038303100000000034e+00
1.061681799999999898e+00
1.047145699999999957e+00
1.055119200000000035e+00
1.002366000000000090e+00
1.022923699999999991e+00
1.060286800000000085e+00
1.044618700000000011e+00
1.036125200000000079e+00
1.040618899999999902e+00
1.003567300000000051e+00
1.002904500000000088e+00
9.986750300000000191e-01
9.797258500000000092e-01
9.900326699999999480e-01
1.002288899999999927e+00
9.924818100000000198e-01
9.903701799999999889e-01
9.745528399999999758e-01
9.686776700000000462e-01
1.001721400000000095e+00
1.020426899999999915e+00
8.495448599999999573e-01
5.869662799999999514e-01
4.129273399999999761e-01
2.150546200000000019e-01
5.832947499999999869e-02
-5.046600500000000128e-02
-1.671478100000000078e-01
-2.865886100000000214e-01
-3.711075600000000030e-01
-4.471986199999999911e-01
-5.574005600000000449e-01
-6.194358199999999703e-01
-6.839529399999999537e-01
-7.187751000000000001e-01
-7.376604300000000336e-01
-7.705120600000000541e-01
-8.045958600000000516e-01
-8.531278199999999812e-01
-8.853018599999999960e-01
-7.131575100000000500e-01
-3.790895899999999763e-01
-1.271530899999999964e-01
1.040257500000000002e-01
2.875124600000000252e-01
3.346332000000000195e-01
5.036968800000000135e-01
5.715855699999999873e-01
6.500561200000000150e-01
7.057889999999999997e-01
7.487730799999999798e-01
8.246903700000000059e-01
8.230388699999999780e-01
8.476836899999999897e-01
8.848605400000000287e-01
9.136104299999999734e-01
9.126445199999999591e-01
9.572862100000000263e-01
9.623713000000000406e-01
9.778618700000000219e-01
9.772295699999999918e-01
9.721714700000000375e-01
9.816607499999999709e-01
1.012071699999999908e+00
1.021567200000000009e+00
9.958032599999999679e-01
9.682377399999999579e-01
1.003882600000000069e+00
1.006698099999999929e+00
1.070334399999999908e+00
1.049718099999999987e+00
1.037203600000000003e+00
1.041849999999999943e+00
1.021782900000000049e+00
1.017382199999999903e+00
9.949286699999999595e-01
1.020797399999999966e+00
1.013112199999999907e+00
1.016768799999999917e+00
1.073477599999999921e+00
1.037288999999999906e+00
1.044855300000000042e+00
1.070540599999999953e+00
1.060929100000000069e+00
1.047315599999999902e+00
1.055991200000000019e+00
1.011838699999999980e+00
1.028156000000000070e+00
1.082711999999999897e+00
1.076424300000000001e+00
1.072859299999999960e+00
1.071716899999999972e+00
1.065548200000000056e+00
1.080761099999999919e+00
1.095338799999999946e+00
1.118520399999999970e+00
1.110212800000000000e+00
1.112786300000000006e+00
1.109832799999999953e+00
1.104373300000000002e+00
1.096035499999999940e+00
1.101750500000000077e+00
1.103823699999999963e+00
1.076882499999999965e+00
1.052907899999999897e+00
1.044453999999999994e+00
1.056466700000000092e+00
1.023181399999999908e+00
9.950563799999999626e-01
9.766105800000000059e-01
1.012331400000000103e+00
9.873545000000000238e-01
9.915695199999999820e-01
9.720284700000000333e-01
9.356760299999999919e-01
9.427523899999999957e-01
9.233008200000000221e-01
9.139876900000000193e-01
9.045516300000000509e-01
8.723964899999999689e-01
5.716408299999999887e-01
3.527208600000000249e-01
1.830469600000000086e-01
4.933898200000000345e-02
-7.713718199999999858e-02
-1.813685700000000067e-01
-2.781182400000000166e-01
-3.874662099999999776e-01
-4.759944700000000029e-01
-5.828121400000000341e-01
-6.567578600000000266e-01
-6.811038099999999762e-01
-7.279718400000000367e-01
-7.790142700000000087e-01
-8.346529400000000098e-01
-8.651953599999999689e-01
-8.923563500000000204e-01
-8.983865399999999557e-01
-9.375674299999999795e-01
-6.346524199999999949e-01
-3.261509899999999740e-01
-6.778501000000000665e-02
1.641145800000000099e-01
2.709371500000000155e-01
3.992123000000000199e-01
4.606451200000000190e-01
5.457921900000000104e-01
6.191199800000000142e-01
6.519325999999999732e-01
6.702204000000000494e-01
7.148007899999999637e-01
7.385538000000000380e-01
7.806083200000000222e-01
8.031906399999999557e-01
8.272169999999999801e-01
8.708457099999999951e-01
8.383086699999999780e-01
8.423382999999999843e-01
8.656992599999999705e-01
8.901003499999999846e-01
9.256362700000000387e-01
9.191537199999999519e-01
9.278713400000000444e-01
9.215012099999999595e-01
9.707178600000000435e-01
9.976577100000000309e-01
9.962453300000000400e-01
1.047216200000000041e+00
1.083479700000000046e+00
1.064970999999999890e+00
1.060734700000000030e+00
1.065709400000000029e+00
1.067714400000000063e+00
1.078857399999999966e+00
1.083164400000000027e+00
1.062293300000000107e+00
1.073961600000000072e+00
1.076505499999999893e+00
1.081073500000000021e+00
1.089881300000000053e+00
1.103791799999999990e+00
1.097283800000000031e+00
1.096551300000000007e+00
1.093156400000000028e+00
1.089321699999999948e+00
1.091271399999999892e+00
1.083231099999999891e+00
1.069259799999999982e+00
1.100029499999999993e+00
1.104066100000000050e+00
1.087541899999999950e+00
1.076234899999999994e+00
1.094797599999999926e+00
1.059548900000000016e+00
1.048482499999999984e+00
1.062932599999999894e+00
1.086252199999999890e+00
1.079628899999999891e+00
1.097172500000000106e+00
1.098389199999999954e+00
1.134060099999999904e+00
1.107542800000000049e+00
1.096803500000000042e+00
1.109761199999999892e+00
1.077201300000000028e+00
1.099655499999999897e+00
1.103792600000000013e+00
1.117881300000000078e+00
1.115752300000000030e+00
1.123438600000000065e+00
1.073027500000000023e+00
1.059976599999999936e+00
1.084373199999999926e+00
1.069687099999999891e+00
1.028291300000000019e+00
1.002425499999999969e+00
1.014880500000000074e+00
1.002015199999999995e+00
8.147101500000000218e-01
5.386355299999999735e-01
3.348839499999999858e-01
1.527856499999999951e-01
-4.246485900000000063e-02
-1.886847899999999911e-01
-3.007361000000000062e-01
-4.037470400000000015e-01
-4.845682000000000045e-01
-5.678790900000000308e-01
-6.586544899999999814e-01
-7.033914199999999894e-01
-7.222112699999999608e-01
-7.625217800000000379e-01
-8.245794600000000418e-01
-8.536961499999999869e-01
-8.879358800000000107e-01
-9.082421800000000101e-01
-9.013950299999999860e-01
-7.240011699999999717e-01
-3.968611599999999906e-01
-1.565123200000000103e-01
7.526074800000000231e-02
2.757133199999999840e-01
3.845494600000000096e-01
5.064021600000000456e-01
5.951598799999999745e-01
6.949782199999999799e-01
7.478738499999999512e-01
8.025128999999999735e-01
8.183813699999999969e-01
8.837152600000000024e-01
8.693718999999999753e-01
8.839608799999999489e-01
8.788251799999999836e-01
8.842756200000000399e-01
8.429107200000000022e-01
8.890312000000000214e-01
8.999591200000000013e-01
9.030655300000000052e-01
8.756999699999999942e-01
8.521601699999999946e-01
8.622975499999999682e-01
8.745680999999999594e-01
9.359974599999999478e-01
8.976552800000000554e-01
9.039612099999999595e-01
9.366399699999999884e-01
9.303697199999999556e-01
9.123494300000000168e-01
9.510637699999999750e-01
9.551720299999999497e-01
9.553756899999999996e-01
9.676945500000000422e-01
9.670995700000000195e-01
1.016657399999999933e+00
1.041187199999999979e+00
1.043376000000000081e+00
1.034343500000000082e+00
1.056626899999999925e+00
1.069441199999999981e+00
1.080852799999999947e+00
1.071103899999999998e+00
1.061253100000000060e+00
1.061426800000000004e+00
1.052143100000000109e+00
1.028126899999999955e+00
1.021057899999999963e+00
1.002147300000000074e+00
1.010795099999999946e+00
1.012490300000000065e+00
1.039439599999999908e+00
1.040330999999999895e+00
1.026440299999999972e+00
1.023316300000000068e+00
1.005772799999999911e+00
9.799044300000000485e-01
9.676699500000000009e-01
9.966986599999999585e-01
9.583115700000000015e-01
9.343429599999999446e-01
9.371815799999999586e-01
8.971359599999999546e-01
9.015377199999999869e-01
9.050687699999999669e-01
9.123983100000000457e-01
9.160034200000000126e-01
9.371937299999999471e-01
9.348744500000000235e-01
9.545732399999999895e-01
9.580761599999999545e-01
9.605190500000000409e-01
1.004327900000000051e+00
9.884155300000000421e-01
9.677498799999999513e-01
9.453011599999999737e-01
9.149925800000000553e-01
9.271422799999999853e-01
8.997259600000000468e-01
5.664903999999999495e-01
3.926797399999999993e-01
1.796090300000000028e-01
-7.932286199999999399e-03
-1.597314900000000037e-01
-2.732633199999999762e-01
-3.592829699999999793e-01
-4.708583100000000021e-01
-5.699346400000000479e-01
-6.110316399999999870e-01
-6.712754199999999560e-01
-6.903174100000000202e-01
-8.015449700000000233e-01
-8.293833900000000536e-01
-8.622701999999999867e-01
-9.250190400000000146e-01
-9.397879700000000280e-01
-9.576134200000000485e-01
-8.751783800000000335e-01
-5.704209900000000166e-01
-2.867907100000000042e-01
-4.416788199999999859e-02
9.554933599999999860e-02
2.495925800000000083e-01
3.858459200000000089e-01
4.711172000000000137e-01
6.032900300000000327e-01
6.502665300000000093e-01
7.078688499999999939e-01
7.630280400000000185e-01
7.876706300000000383e-01
8.447939700000000052e-01
8.917328799999999500e-01
9.065486299999999664e-01
9.056565600000000549e-01
9.000676100000000179e-01
8.951542900000000191e-01
9.065072199999999469e-01
9.113130600000000081e-01
9.434289099999999539e-01
9.094106499999999871e-01
9.278667400000000232e-01
9.459209100000000037e-01
9.401829299999999723e-01
9.256572299999999975e-01
9.506752499999999717e-01
9.744918999999999665e-01
9.782084899999999861e-01
1.020906000000000091e+00
9.966833899999999469e-01
1.010066899999999990e+00
1.012108199999999902e+00
1.045248299999999908e+00
1.053813399999999900e+00
1.077062699999999928e+00
1.093418400000000013e+00
1.074499700000000058e+00
1.103171300000000077e+00
1.091799699999999929e+00
1.081416900000000014e+00
1.073201400000000083e+00
1.069098000000000104e+00
1.060695399999999955e+00
1.105741700000000050e+00
1.083316799999999969e+00
1.077240900000000057e+00
1.111461100000000091e+00
1.107431800000000077e+00
1.094796600000000009e+00
1.102051200000000009e+00
1.090180600000000055e+00
1.131700499999999998e+00
1.120698299999999925e+00
1.097168700000000108e+00
1.099495200000000006e+00
1.093271399999999893e+00
1.118046899999999955e+00
1.083137800000000039e+00
1.103429599999999899e+00
1.128883899999999940e+00
1.111904900000000085e+00
1.098751400000000045e+00
1.052578999999999931e+00
1.029743899999999934e+00
1.025415200000000082e+00
1.051686799999999922e+00
1.021277800000000013e+00
1.024690799999999902e+00
1.011619199999999941e+00
1.025695800000000046e+00
1.013485699999999934e+00
1.037270399999999926e+00
1.008280599999999971e+00
9.819399399999999556e-01
9.674432099999999979e-01
9.957631799999999700e-01
9.713113599999999570e-01
9.287411500000000153e-01
7.127286499999999636e-01
4.568931800000000099e-01
3.036711799999999850e-01
1.177978799999999937e-01
-1.497096000000000017e-02
-1.864304499999999976e-01
-3.039969699999999775e-01
-4.417326699999999939e-01
-5.104081299999999599e-01
-5.645966399999999830e-01
-6.344521300000000030e-01
-7.257165100000000368e-01
-7.304117599999999655e-01
-8.292059299999999800e-01
-8.341525400000000534e-01
-8.867929500000000242e-01
-9.459613799999999628e-01
-9.739229299999999645e-01
-1.011630400000000041e+00
-8.153493000000000546e-01
-5.365295799999999504e-01
-2.590383900000000073e-01
-8.389390999999999515e-03
1.839494499999999866e-01
2.335772799999999982e-01
3.814907300000000001e-01
5.406468199999999724e-01
6.038110899999999948e-01
6.581377899999999448e-01
7.178635899999999959e-01
7.339101799999999676e-01
7.393706500000000181e-01
7.404660600000000370e-01
7.689363799999999749e-01
7.821195800000000364e-01
8.172745799999999727e-01
8.077300600000000275e-01
8.287452499999999889e-01
8.048971000000000320e-01
8.338328999999999880e-01
8.357122799999999740e-01
8.421789299999999923e-01
8.463673800000000025e-01
8.509536300000000164e-01
8.261395200000000161e-01
8.379403399999999502e-01
8.466977900000000057e-01
8.601322300000000531e-01
8.084058100000000024e-01
8.277743899999999710e-01
8.239115000000000189e-01
8.604893799999999704e-01
8.736293699999999607e-01
8.365711000000000119e-01
8.231358300000000128e-01
8.092540799999999868e-01
8.489071700000000442e-01
8.739117800000000269e-01
8.957911400000000413e-01
8.813061399999999601e-01
8.975498600000000327e-01
8.962071200000000237e-01
9.129077500000000178e-01
9.110488100000000422e-01
9.087029100000000303e-01
9.145856199999999880e-01
9.219928299999999854e-01
9.358368900000000323e-01
9.261199700000000146e-01
9.303259999999999863e-01
9.351159300000000396e-01
9.314153400000000360e-01
9.569115900000000341e-01
9.656508700000000500e-01
9.328450799999999932e-01
9.546989399999999959e-01
9.256880199999999448e-01
9.144712900000000477e-01
8.865935999999999817e-01
9.072145400000000137e-01
8.851898700000000453e-01
8.669020699999999691e-01
8.464004899999999498e-01
8.470169600000000409e-01
8.565922700000000445e-01
8.592442500000000427e-01
8.732872000000000412e-01
8.740262300000000151e-01
8.562140599999999990e-01
9.006545999999999719e-01
8.572910099999999645e-01
8.719794699999999787e-01
8.735564399999999896e-01
8.475451699999999589e-01
8.719989400000000002e-01
8.792939800000000306e-01
8.401095499999999827e-01
8.108472399999999691e-01
6.010431899999999494e-01
2.954201799999999767e-01
1.151933799999999980e-01
-5.280309200000000286e-02
-1.855886599999999886e-01
-3.144240799999999947e-01
-4.165364799999999867e-01
-4.613682000000000061e-01
-5.281598899999999652e-01
-6.195273500000000322e-01
-7.059276500000000176e-01
-7.250861299999999954e-01
-8.167165899999999645e-01
-8.347207899999999903e-01
-8.872191999999999856e-01
-9.004548199999999891e-01
-9.322628699999999657e-01
-9.644942899999999764e-01
-8.577910600000000496e-01
-5.409912900000000135e-01
-2.697201499999999919e-01
-2.853896300000000052e-02
1.929048600000000113e-01
2.934233700000000167e-01
4.360774199999999934e-01
5.397226899999999494e-01
6.616861000000000548e-01
7.058255199999999840e-01
7.326127599999999740e-01
7.601542399999999811e-01
7.823748600000000053e-01
8.111403900000000444e-01
7.944797999999999583e-01
8.261425199999999913e-01
8.554588800000000326e-01
8.578101500000000490e-01
8.692808199999999541e-01
8.417131500000000210e-01
8.805730600000000186e-01
8.538966799999999635e-01
8.930890000000000217e-01
9.182269899999999652e-01
8.954412800000000061e-01
9.098168500000000103e-01
9.082014299999999762e-01
9.253072100000000466e-01
9.274727900000000469e-01
9.444133700000000298e-01
9.171770799999999779e-01
9.155661400000000283e-01
9.522248599999999508e-01
9.613977200000000112e-01
9.429768600000000278e-01
9.347003000000000394e-01
9.336145500000000430e-01
9.019573899999999700e-01
8.899618599999999935e-01
9.503639900000000473e-01
9.396130900000000397e-01
9.237196899999999822e-01
9.702116499999999810e-01
9.782357900000000495e-01
9.675331900000000429e-01
9.668308599999999586e-01
9.567586700000000333e-01
9.293227200000000465e-01
9.234597599999999629e-01
9.316127300000000000e-01
8.956637200000000520e-01
9.017802799999999896e-01
8.829554899999999540e-01
8.972620000000000040e-01
8.790345000000000519e-01
8.754627600000000065e-01
8.694264099999999829e-01
8.545508000000000548e-01
8.612945699999999816e-01
8.631323199999999529e-01
8.700859600000000471e-01
8.674570099999999728e-01
8.872436599999999896e-01
8.827621799999999519e-01
8.912042799999999598e-01
9.065662399999999677e-01
8.729790299999999892e-01
8.727809199999999601e-01
8.733262200000000419e-01
8.531333300000000230e-01
8.711641599999999652e-01
8.613407299999999989e-01
8.569263400000000086e-01
8.807255200000000395e-01
8.315283700000000167e-01
8.379796000000000467e-01
8.439829100000000306e-01
8.147861199999999471e-01
7.968517999999999990e-01
7.936924600000000440e-01
6.107487000000000332e-01
3.474066000000000098e-01
1.654832900000000051e-01
-3.132046799999999714e-02
-1.741933099999999901e-01
-2.817195699999999747e-01
-3.985519799999999724e-01
-4.967638999999999805e-01
-5.641688099999999650e-01
-6.262900599999999818e-01
-7.047874699999999715e-01
-7.897804200000000385e-01
-8.347606199999999532e-01
-9.445938900000000471e-01
-9.561644200000000149e-01
-1.002208999999999905e+00
-1.046831400000000079e+00
-1.095686799999999961e+00
-1.099150700000000036e+00
-8.533364100000000452e-01
-5.261881200000000369e-01
-2.639842800000000156e-01
-1.873627099999999879e-02
1.389438100000000009e-01
2.421143699999999954e-01
3.805321999999999871e-01
4.447456799999999766e-01
5.357931799999999800e-01
6.192632000000000136e-01
6.329681299999999622e-01
6.238734500000000516e-01
6.510869599999999924e-01
6.790792300000000337e-01
6.914947599999999861e-01
6.939142099999999758e-01
6.725526299999999846e-01
6.926417200000000163e-01
6.959862900000000074e-01
7.362271400000000021e-01
7.423777499999999474e-01
7.594315999999999844e-01
7.693768100000000221e-01
7.811802399999999702e-01
8.053147499999999681e-01
8.222903400000000085e-01
8.059394500000000017e-01
8.023029499999999592e-01
8.146253100000000469e-01
8.156754000000000504e-01
8.505163399999999818e-01
8.651863899999999719e-01
8.858144799999999597e-01
8.714268699999999646e-01
8.908186799999999739e-01
8.913867899999999844e-01
8.990546499999999552e-01
8.784817400000000109e-01
8.667232599999999954e-01
9.098941999999999863e-01
9.080976099999999995e-01
9.046405199999999480e-01
9.233059000000000127e-01
9.390261800000000436e-01
9.090058199999999644e-01
9.357868700000000484e-01
9.285100499999999757e-01
9.256747300000000012e-01
9.482068799999999742e-01
9.411123000000000127e-01
9.625902299999999912e-01
9.841802400000000395e-01
9.586837000000000275e-01
9.469106900000000548e-01
9.457850599999999552e-01
9.583918099999999551e-01
9.632590800000000453e-01
9.789887999999999924e-01
1.015310600000000063e+00
9.898858299999999666e-01
1.015484599999999960e+00
1.002951699999999891e+00
1.005024799999999940e+00
9.855265399999999509e-01
9.549897400000000314e-01
9.662081300000000539e-01
9.735716300000000212e-01
9.903838099999999756e-01
9.790476999999999652e-01
1.003476400000000046e+00
9.635659500000000044e-01
9.531343300000000296e-01
9.396754899999999466e-01
9.646408600000000444e-01
9.146083400000000196e-01
9.008639299999999794e-01
9.093345200000000350e-01
9.193129399999999674e-01
8.908099600000000118e-01
7.978273299999999457e-01
5.413479399999999719e-01
3.311110899999999968e-01
1.139442999999999984e-01
-5.671785199999999916e-02
-1.938267800000000041e-01
-3.009469599999999856e-01
-3.867027399999999893e-01
-4.862676799999999799e-01
-5.825573099999999949e-01
-6.202745600000000303e-01
-6.548714199999999819e-01
-7.134628699999999712e-01
-7.745875100000000346e-01
-8.041183699999999712e-01
-8.348693400000000153e-01
-8.701791700000000018e-01
-9.060901799999999673e-01
-9.194195099999999954e-01
-8.158570400000000333e-01
-5.256261300000000247e-01
-2.602753300000000269e-01
-3.186708600000000280e-02
1.760555099999999984e-01
2.705118699999999876e-01
4.159732400000000219e-01
5.139699500000000087e-01
6.253744100000000472e-01
7.115819599999999578e-01
7.017807600000000035e-01
7.373606999999999800e-01
7.569643700000000530e-01
7.594955300000000298e-01
7.706646000000000329e-01
7.911626400000000281e-01
8.192358800000000274e-01
8.510428599999999566e-01
8.737115399999999532e-01
8.489227499999999482e-01
8.334666699999999651e-01
8.679786999999999919e-01
8.494143299999999952e-01
8.854588799999999482e-01
8.751278599999999797e-01
8.500867899999999810e-01
8.680881799999999870e-01
8.992826499999999612e-01
9.265382399999999574e-01
8.873187399999999947e-01
8.753725999999999452e-01
8.818591399999999858e-01
8.833532299999999893e-01
8.660080999999999474e-01
8.881205800000000483e-01
9.156148600000000304e-01
9.481835299999999966e-01
9.823261500000000090e-01
9.709745899999999708e-01
9.796288499999999955e-01
1.020089000000000024e+00
1.044597500000000068e+00
1.034866999999999981e+00
1.047035099999999996e+00
1.043061900000000097e+00
1.007773100000000088e+00
1.001377100000000020e+00
9.924334400000000000e-01
9.923298699999999473e-01
9.836378300000000463e-01
9.558564699999999581e-01
9.611432600000000548e-01
9.650457599999999747e-01
1.005623799999999957e+00
9.825853300000000345e-01
9.895101800000000170e-01
9.902634399999999948e-01
9.812437699999999596e-01
9.690008799999999534e-01
9.601922299999999799e-01
9.493745000000000100e-01
9.675579600000000502e-01
9.715149899999999672e-01
9.609607199999999905e-01
9.548797700000000166e-01
9.659484999999999877e-01
9.532151199999999713e-01
9.252583599999999464e-01
9.344517399999999752e-01
9.092114999999999503e-01
8.701014299999999535e-01
8.664446199999999987e-01
8.643741900000000422e-01
8.557965400000000500e-01
8.476686900000000024e-01
8.461984399999999962e-01
8.423815500000000345e-01
8.605320199999999531e-01
8.372362199999999754e-01
8.085502799999999546e-01
5.798166300000000550e-01
3.525686800000000232e-01
1.721151300000000051e-01
-1.661421999999999899e-02
-1.462077499999999974e-01
-2.729598699999999933e-01
-3.885594199999999887e-01
-5.056980699999999995e-01
-5.871208300000000380e-01
-6.815202900000000286e-01
-7.449799299999999569e-01
-7.981504699999999453e-01
-8.805048899999999845e-01
-9.191804399999999875e-01
-9.910414899999999694e-01
-9.985895599999999872e-01
-1.016753299999999971e+00
-1.062958199999999964e+00
-1.063254900000000003e+00
-7.739569099999999979e-01
-4.643450399999999867e-01
-1.852027900000000060e-01
2.217392899999999847e-02
1.358323300000000011e-01
2.860826799999999781e-01
4.292089800000000177e-01
4.920064000000000104e-01
6.055736900000000533e-01
6.673928300000000480e-01
7.136698000000000208e-01
7.420283100000000243e-01
7.488079800000000397e-01
7.879701099999999458e-01
8.224686300000000339e-01
8.133793799999999852e-01
8.334363599999999872e-01
8.466793799999999814e-01
8.671286400000000061e-01
8.716867499999999547e-01
9.045803599999999722e-01
9.342067299999999852e-01
9.761493999999999449e-01
9.471952500000000441e-01
9.523008800000000162e-01
9.939261299999999633e-01
9.713770299999999747e-01
1.018266099999999952e+00
9.968382700000000263e-01
9.932284399999999902e-01
9.663026399999999905e-01
9.576084700000000449e-01
9.657507899999999701e-01
9.675370100000000306e-01
9.440764299999999665e-01
9.793892699999999785e-01
9.770517699999999861e-01
9.426129399999999547e-01
9.596403700000000203e-01
9.641454799999999992e-01
9.571825099999999864e-01
9.531396699999999944e-01
9.511801800000000418e-01
9.367934700000000170e-01
9.541994900000000390e-01
9.976766599999999929e-01
9.909753399999999823e-01
1.012119299999999944e+00
9.983986999999999723e-01
1.017400400000000094e+00
1.026699599999999934e+00
9.790791800000000489e-01
9.990986600000000273e-01
1.018012200000000034e+00
1.029233400000000076e+00
9.929590099999999753e-01
1.004166600000000020e+00
9.997120699999999527e-01
1.007181899999999963e+00
9.611541799999999691e-01
9.810129400000000555e-01
9.765284699999999818e-01
9.684736900000000537e-01
9.610506199999999666e-01
9.390043500000000432e-01
9.427195600000000120e-01
9.528880699999999759e-01
9.197764099999999887e-01
9.353605600000000075e-01
9.225999200000000178e-01
9.105454200000000498e-01
9.081770399999999910e-01
9.046368599999999871e-01
9.351667700000000361e-01
9.109271300000000293e-01
9.572684900000000274e-01
9.426411999999999569e-01
9.497748799999999880e-01
9.485571499999999601e-01
8.864604200000000267e-01
5.659122800000000453e-01
3.909036699999999809e-01
2.130937499999999984e-01
9.236601599999999523e-02
-5.280822699999999925e-02
-1.403837599999999963e-01
-2.723804799999999804e-01
-3.559521399999999725e-01
-4.265859399999999968e-01
-4.958234599999999936e-01
-5.373154599999999670e-01
-5.915447299999999631e-01
-6.630263600000000368e-01
-6.927034199999999586e-01
-7.189253300000000291e-01
-7.675257300000000171e-01
-8.001641600000000132e-01
-8.481642000000000348e-01
-7.197550600000000021e-01
-4.046692800000000201e-01
-1.412386200000000092e-01
1.393648700000000018e-01
3.977392900000000231e-01
4.712075499999999750e-01
6.011528099999999819e-01
6.760697900000000038e-01
7.756609500000000157e-01
8.041413400000000378e-01
8.339020600000000005e-01
9.122846500000000303e-01
9.439269999999999605e-01
9.792992799999999942e-01
9.632849999999999469e-01
9.918622299999999559e-01
9.983615099999999520e-01
1.019765400000000044e+00
1.024518899999999899e+00
1.000702800000000003e+00
1.017587699999999984e+00
1.043326100000000034e+00
1.041852900000000082e+00
1.042125299999999921e+00
1.034638200000000063e+00
1.052201299999999895e+00
9.893648499999999624e-01
1.023348799999999947e+00
9.744232099999999841e-01
9.950994800000000362e-01
9.874764000000000319e-01
9.639739299999999789e-01
9.712782300000000202e-01
1.001409200000000110e+00
9.800767599999999913e-01
9.830479100000000248e-01
9.511128800000000494e-01
9.284033900000000505e-01
9.592632500000000118e-01
9.510753800000000258e-01
9.435406200000000521e-01
9.673370100000000527e-01
9.529484499999999469e-01
9.504700900000000452e-01
9.741407899999999787e-01
9.739419700000000457e-01
9.662420999999999927e-01
9.367302800000000262e-01
9.350090100000000293e-01
9.316501700000000552e-01
9.061959600000000226e-01
8.678944800000000237e-01
8.890306500000000334e-01
8.874382400000000448e-01
8.585969300000000359e-01
8.587469399999999586e-01
8.144466900000000287e-01
8.194111299999999876e-01
8.303269399999999578e-01
8.244363399999999897e-01
8.666723400000000410e-01
8.403955800000000309e-01
8.516272099999999678e-01
8.526587399999999706e-01
8.271240499999999995e-01
8.415956599999999677e-01
8.282235700000000200e-01
8.291252300000000464e-01
8.221771900000000022e-01
8.359137100000000320e-01
8.634846800000000044e-01
8.379344399999999471e-01
8.515180900000000053e-01
8.337745199999999635e-01
8.219768299999999916e-01
8.358918499999999918e-01
8.549885799999999980e-01
8.919198900000000485e-01
9.067467099999999558e-01
9.069492500000000401e-01
6.302076399999999579e-01
4.156947899999999807e-01
2.587340599999999879e-01
9.651256199999999619e-02
-6.744199800000000300e-02
-1.667181000000000080e-01
-2.493300999999999989e-01
-3.225062899999999733e-01
-4.052997600000000089e-01
-4.797990200000000205e-01
-5.469090599999999469e-01
-6.070816700000000177e-01
-6.676539700000000410e-01
-6.935724300000000175e-01
-7.598462900000000353e-01
-7.986894399999999727e-01
-8.393482700000000074e-01
-8.465308700000000464e-01
-8.733839500000000200e-01
-5.828460500000000044e-01
-2.834876199999999957e-01
-1.981565799999999988e-02
2.294370299999999863e-01
3.632506699999999977e-01
4.648768699999999976e-01
5.776628099999999710e-01
6.343373399999999718e-01
7.579104399999999631e-01
8.041824899999999721e-01
8.654324500000000198e-01
9.009167300000000544e-01
9.151487200000000266e-01
9.372298999999999491e-01
9.522571699999999861e-01
9.759492499999999904e-01
1.009012500000000090e+00
1.013480900000000018e+00
1.013458299999999923e+00
9.999635700000000238e-01
1.014982800000000074e+00
1.021859300000000026e+00
1.012691800000000031e+00
1.013495599999999941e+00
1.019147100000000083e+00
1.004884899999999970e+00
1.041923200000000049e+00
1.026627900000000038e+00
1.019580699999999895e+00
9.889269200000000426e-01
9.615763499999999686e-01
9.883366599999999780e-01
9.732848299999999897e-01
9.658959299999999581e-01
9.594165599999999738e-01
9.763905800000000079e-01
9.671476500000000254e-01
9.846477000000000146e-01
9.669836099999999934e-01
9.517190399999999606e-01
9.491425100000000503e-01
9.742420600000000208e-01
9.589481199999999594e-01
9.613093099999999724e-01
1.004404599999999981e+00
9.973461099999999524e-01
9.997069200000000544e-01
9.684224500000000457e-01
9.947733800000000404e-01
9.741407399999999495e-01
9.831734199999999646e-01
9.807090299999999816e-01
9.988852700000000473e-01
9.859246699999999475e-01
9.718696999999999475e-01
1.016889200000000049e+00
9.887122699999999487e-01
1.013281600000000005e+00
1.038037700000000063e+00
1.007195199999999957e+00
1.008580599999999938e+00
9.968439000000000050e-01
1.015499099999999988e+00
1.013795599999999908e+00
9.989878800000000503e-01
1.026223300000000060e+00
9.863216599999999890e-01
9.958105999999999902e-01
1.011149999999999993e+00
9.944771500000000319e-01
9.897639499999999479e-01
1.010202499999999892e+00
1.006583000000000006e+00
1.006658800000000076e+00
1.017245600000000083e+00
1.015488900000000028e+00
9.862392899999999907e-01
9.608006999999999520e-01
9.154337700000000355e-01
7.837584800000000351e-01
5.139693300000000020e-01
3.493363400000000230e-01
1.574512100000000081e-01
3.641762500000000208e-02
-1.205838999999999939e-01
-2.355530999999999875e-01
-3.950610399999999744e-01
-4.614629499999999829e-01
-5.650373800000000335e-01
-6.567646600000000001e-01
-7.219019800000000542e-01
-7.547685699999999720e-01
-8.166812500000000252e-01
-8.477389699999999806e-01
-8.760233600000000287e-01
-9.131339499999999720e-01
-9.653499100000000332e-01
-1.023360499999999895e+00
-8.454817300000000424e-01
-5.490628300000000017e-01
-2.484259000000000051e-01
-1.621157900000000027e-02
9.739321500000000520e-02
2.146185100000000123e-01
3.524973100000000081e-01
4.645829799999999787e-01
5.780829800000000240e-01
6.036278000000000477e-01
6.628014300000000247e-01
7.197736799999999713e-01
7.292437800000000081e-01
7.568116900000000369e-01
7.470099399999999834e-01
7.453760099999999778e-01
7.305907000000000373e-01
7.367007100000000364e-01
7.266223200000000437e-01
7.503602600000000011e-01
7.183604799999999679e-01
7.080715800000000337e-01
7.183387399999999756e-01
7.261430199999999724e-01
7.040379199999999837e-01
7.048886699999999950e-01
7.344057800000000080e-01
7.335555499999999451e-01
7.210270600000000529e-01
7.325868800000000514e-01
7.421176699999999515e-01
7.689556300000000011e-01
7.711853499999999917e-01
7.737528700000000370e-01
8.018684799999999946e-01
8.195310399999999884e-01
7.857798099999999675e-01
8.351295699999999878e-01
8.360074600000000355e-01
8.685604500000000394e-01
8.946722099999999678e-01
8.781349299999999802e-01
9.077439800000000059e-01
9.035958299999999888e-01
9.350017400000000256e-01
9.282215299999999614e-01
9.430235099999999537e-01
9.138139699999999754e-01
9.095230100000000206e-01
9.365634000000000459e-01
9.448859699999999640e-01
9.240320400000000545e-01
9.395430399999999960e-01
9.374194300000000535e-01
9.623148799999999836e-01
9.569388599999999467e-01
9.945060999999999485e-01
9.789187999999999779e-01
9.655582999999999805e-01
9.537170499999999551e-01
9.150554199999999527e-01
8.868297499999999722e-01
8.843896100000000482e-01
8.741115000000000412e-01
8.808763699999999641e-01
8.711407599999999585e-01
8.942941899999999888e-01
8.968348200000000325e-01
9.039395300000000466e-01
9.087780300000000144e-01
9.101499299999999959e-01
9.061024899999999827e-01
8.835953899999999805e-01
9.132861899999999977e-01
8.951380899999999974e-01
8.883332299999999737e-01
9.015178499999999540e-01
8.955292000000000252e-01
8.966558999999999502e-01
8.677491899999999481e-01
5.608189700000000277e-01
3.479738499999999735e-01
1.854983900000000130e-01
3.847848100000000188e-02
-1.197941899999999948e-01
-2.789784499999999889e-01
-3.897785400000000067e-01
-4.660826599999999820e-01
-5.506706000000000101e-01
-6.227023499999999601e-01
-6.764339700000000510e-01
-7.791238999999999804e-01
-8.187101599999999646e-01
-8.592281400000000291e-01
-9.103008000000000211e-01
-9.653594399999999576e-01
-9.827605299999999655e-01
-9.500434899999999905e-01
-9.460559099999999999e-01
-6.780918099999999615e-01
-4.276695200000000252e-01
-1.507702399999999998e-01
3.041117899999999999e-02
7.264182099999999531e-02
2.021147299999999924e-01
3.424547700000000194e-01
4.067423900000000092e-01
4.912048600000000209e-01
5.290863999999999567e-01
5.739635600000000393e-01
6.306740400000000468e-01
6.714698399999999845e-01
6.822640500000000108e-01
7.095500599999999825e-01
7.229834699999999614e-01
7.540136600000000300e-01
7.624890800000000413e-01
7.699080099999999760e-01
7.730471500000000162e-01
7.982122799999999962e-01
8.183778099999999833e-01
7.933289500000000327e-01
7.967507299999999626e-01
8.232668199999999548e-01
8.084123199999999621e-01
8.246152399999999716e-01
8.369720899999999464e-01
8.298704599999999765e-01
8.157051499999999900e-01
8.428865199999999724e-01
8.307471300000000003e-01
8.277807999999999833e-01
8.442502200000000512e-01
8.155634099999999886e-01
8.202419800000000372e-01
8.005324000000000328e-01
7.841014299999999881e-01
7.858559800000000095e-01
7.787727199999999739e-01
7.902284600000000214e-01
7.934997999999999774e-01
7.901315399999999656e-01
8.200116899999999598e-01
8.272480399999999623e-01
7.848956000000000266e-01
7.930195700000000070e-01
7.987409399999999549e-01
7.931044200000000322e-01
7.938434500000000060e-01
8.164968799999999804e-01
8.156317199999999490e-01
8.367158900000000177e-01
8.418396400000000002e-01
8.628179099999999657e-01
8.787843300000000024e-01
8.771159299999999881e-01
8.715160800000000263e-01
8.566023299999999674e-01
8.527471699999999988e-01
8.599975499999999995e-01
8.221999199999999730e-01
8.336713900000000121e-01
8.073909900000000306e-01
8.211059400000000341e-01
8.216987100000000543e-01
7.822530300000000159e-01
7.789478300000000077e-01
7.660040500000000474e-01
7.546804999999999763e-01
7.449617299999999886e-01
7.630586400000000102e-01
7.409010700000000504e-01
7.006166299999999625e-01
6.914749300000000432e-01
7.161650499999999697e-01
7.137645500000000531e-01
6.884884799999999583e-01
5.132280500000000467e-01
2.647362699999999958e-01
9.778528699999999851e-02
-7.027286200000000538e-02
-1.943769300000000033e-01
-3.498693099999999889e-01
-4.951515300000000064e-01
-5.687141799999999581e-01
-6.236840999999999635e-01
-6.746076500000000031e-01
-7.004987400000000086e-01
-7.627334300000000455e-01
-8.018526400000000054e-01
-8.304208299999999987e-01
-8.953072699999999884e-01
-9.161964599999999903e-01
-9.437153499999999529e-01
-9.784934100000000079e-01
-9.551926299999999870e-01
-8.144675000000000109e-01
-5.004497900000000055e-01
-2.630594299999999830e-01
-7.871316000000000423e-02
1.319268200000000002e-01
2.142516700000000052e-01
3.147181800000000140e-01
3.777691899999999769e-01
4.733479199999999776e-01
4.952933999999999948e-01
5.367857099999999715e-01
5.992680400000000018e-01
6.017718800000000368e-01
6.386649899999999880e-01
6.560710600000000392e-01
6.669665999999999650e-01
6.846225799999999806e-01
7.018571000000000115e-01
7.159184499999999840e-01
7.510669199999999712e-01
7.800113800000000319e-01
7.821242999999999945e-01
7.776680200000000154e-01
7.660153100000000048e-01
7.928111500000000200e-01
7.757705999999999769e-01
7.558693800000000351e-01
7.944226300000000185e-01
7.777861600000000042e-01
7.647415499999999922e-01
7.803724600000000455e-01
7.841070100000000487e-01
7.897329800000000288e-01
8.244203900000000029e-01
7.832123899999999805e-01
7.997492299999999776e-01
8.041581700000000055e-01
8.352476699999999976e-01
8.763585999999999876e-01
8.932526800000000211e-01
8.789254899999999759e-01
8.976576699999999631e-01
8.657958500000000335e-01
8.349109200000000008e-01
8.314483799999999869e-01
8.191065499999999888e-01
8.163177799999999928e-01
8.200252099999999489e-01
8.093055799999999689e-01
8.168540199999999585e-01
8.298796299999999793e-01
8.232285099999999689e-01
8.474023400000000317e-01
8.398641700000000210e-01
8.769916599999999507e-01
8.498458599999999530e-01
8.298586000000000018e-01
8.311943699999999602e-01
8.226516799999999963e-01
8.307870200000000427e-01
8.886524000000000090e-01
8.862719799999999593e-01
8.779057399999999900e-01
8.766831800000000063e-01
8.344729699999999806e-01
8.021286899999999775e-01
8.202965899999999921e-01
7.989604000000000150e-01
8.089962099999999934e-01
7.974961799999999990e-01
7.873326400000000280e-01
8.011984500000000065e-01
7.920220199999999933e-01
8.096289800000000536e-01
8.503528599999999882e-01
8.069686000000000359e-01
8.252699999999999481e-01
8.327819800000000328e-01
8.061736299999999744e-01
7.942605099999999752e-01
5.117855700000000230e-01
3.156770799999999988e-01
1.310362800000000050e-01
-6.380613599999999941e-02
-2.156651300000000104e-01
-3.116053999999999768e-01
-4.290123000000000131e-01
-5.150216300000000080e-01
-5.445675700000000008e-01
-6.593140800000000246e-01
-7.214688500000000504e-01
-7.953534500000000174e-01
-8.167041000000000439e-01
-8.470176999999999845e-01
-8.503726600000000024e-01
-8.978601400000000288e-01
-9.217714599999999869e-01
-9.155592500000000467e-01
-8.509426100000000437e-01
-6.195608200000000121e-01
-3.491230100000000114e-01
-1.314025799999999911e-01
6.378121800000000063e-02
1.877004800000000029e-01
2.340886500000000092e-01
3.366588300000000200e-01
4.092900600000000111e-01
4.746329300000000084e-01
5.145876000000000339e-01
5.476656100000000249e-01
5.543338700000000063e-01
5.701584699999999728e-01
5.850964300000000007e-01
5.696169100000000318e-01
5.879232399999999581e-01
6.412679100000000521e-01
6.478717299999999790e-01
6.818298900000000495e-01
6.945348199999999972e-01
6.849697999999999620e-01
6.908440099999999529e-01
6.902763499999999830e-01
7.119843000000000144e-01
6.863321500000000297e-01
7.075406199999999535e-01
6.964606599999999537e-01
7.201009900000000519e-01
7.337657899999999733e-01
7.301373100000000393e-01
7.650635000000000074e-01
7.526115399999999678e-01
7.556439099999999742e-01
7.725321899999999520e-01
7.804748799999999820e-01
8.108465999999999729e-01
8.255106599999999517e-01
8.641953799999999575e-01
8.803203200000000450e-01
8.637398499999999757e-01
8.655887899999999968e-01
8.624190299999999754e-01
8.720915099999999587e-01
8.817242199999999475e-01
8.567786699999999644e-01
8.622923300000000513e-01
8.829398999999999997e-01
8.640755500000000255e-01
8.552592999999999446e-01
8.465568799999999561e-01
8.193361300000000513e-01
8.439566899999999539e-01
8.501310100000000203e-01
8.899180700000000055e-01
8.804365400000000452e-01
9.125594200000000100e-01
8.994258699999999607e-01
9.393534999999999524e-01
9.325645000000000184e-01
9.181828600000000451e-01
9.357268100000000199e-01
9.425457999999999892e-01
9.648623100000000008e-01
9.256990600000000180e-01
9.323625399999999619e-01
9.016394100000000300e-01
9.270515900000000364e-01
9.149825400000000108e-01
9.160738099999999884e-01
8.875492600000000065e-01
8.998900100000000180e-01
8.736726999999999688e-01
8.697967100000000285e-01
8.614840900000000357e-01
8.561715100000000245e-01
8.738947700000000429e-01
8.504646900000000231e-01
8.238664599999999671e-01
8.078364999999999574e-01
6.460033699999999657e-01
4.019839499999999788e-01
2.296252300000000135e-01
5.319031400000000243e-02
-5.332992500000000025e-02
-1.934099900000000039e-01
-2.999250700000000158e-01
-4.033811600000000164e-01
-5.022512199999999982e-01
-6.066033100000000067e-01
-6.791104700000000216e-01
-7.241496699999999676e-01
-7.485355000000000203e-01
-7.777396100000000256e-01
-8.234929899999999803e-01
-8.711919200000000085e-01
-9.120699199999999784e-01
-9.304825399999999691e-01
-9.679363699999999904e-01
-7.608897100000000524e-01
-4.844374900000000261e-01
-2.444944400000000073e-01
-2.828334600000000087e-02
1.459871699999999994e-01
2.122010900000000089e-01
3.078782400000000252e-01
3.944933099999999859e-01
4.922938000000000036e-01
5.563897399999999660e-01
6.000626500000000307e-01
6.184148499999999604e-01
6.262353200000000397e-01
6.483485199999999837e-01
6.261996300000000071e-01
6.482963000000000475e-01
6.429050699999999674e-01
6.592535800000000057e-01
6.992369600000000185e-01
7.082991400000000493e-01
7.055931199999999626e-01
7.103306900000000423e-01
7.375629999999999686e-01
7.281126599999999671e-01
7.249160599999999732e-01
7.217316200000000181e-01
7.299561599999999650e-01
7.168807900000000455e-01
7.389762800000000409e-01
7.469303999999999943e-01
7.774631800000000315e-01
8.046231799999999934e-01
8.072981500000000477e-01
7.902742699999999454e-01
7.849926799999999982e-01
7.929891599999999707e-01
7.364888499999999727e-01
7.739593799999999746e-01
7.963209599999999666e-01
8.120738600000000362e-01
8.130706199999999662e-01
8.266041899999999609e-01
8.119727199999999812e-01
7.959695300000000362e-01
8.037605100000000391e-01
7.922523700000000391e-01
7.722669399999999573e-01
7.534469200000000200e-01
7.309919099999999670e-01
7.496863700000000463e-01
7.848965300000000367e-01
7.514476199999999828e-01
7.422049499999999744e-01
7.401016200000000156e-01
7.515250300000000383e-01
7.548038400000000037e-01
7.452170999999999657e-01
7.411441399999999513e-01
7.486101099999999953e-01
7.444622800000000318e-01
7.089216099999999798e-01
7.192085499999999465e-01
6.987990899999999561e-01
7.215140500000000179e-01
7.358695499999999834e-01
7.761888799999999700e-01
7.700390299999999577e-01
7.613005400000000256e-01
7.188466000000000022e-01
7.241652299999999931e-01
7.253441499999999653e-01
6.975721499999999464e-01
6.829714300000000460e-01
6.925072300000000292e-01
6.735818500000000375e-01
6.648437499999999556e-01
7.024409200000000242e-01
6.671031299999999886e-01
6.613863300000000223e-01
6.235574799999999973e-01
3.330370699999999906e-01
8.350618699999999561e-02
-8.108568400000000509e-02
-2.350208400000000086e-01
-3.610926899999999939e-01
-4.456580900000000067e-01
-5.445939400000000541e-01
-5.939682299999999859e-01
-7.078468500000000274e-01
-7.914030100000000179e-01
-8.515386400000000133e-01
-9.238738100000000175e-01
-9.969282900000000502e-01
-1.022251000000000021e+00
-1.064892699999999914e+00
-1.108756599999999981e+00
-1.146514299999999986e+00
-1.127993999999999941e+00
-1.042112300000000102e+00
-7.712488100000000069e-01
-4.876799600000000234e-01
-2.725404699999999791e-01
-5.430776899999999879e-02
3.618134199999999828e-02
1.783616000000000090e-01
2.581200399999999950e-01
3.033843500000000248e-01
4.200926600000000066e-01
4.322710200000000058e-01
4.538329799999999969e-01
4.627349000000000045e-01
5.037715400000000177e-01
4.755565099999999878e-01
4.930028100000000135e-01
4.871855600000000175e-01
5.220890900000000334e-01
5.159021599999999985e-01
5.186278300000000119e-01
5.571681800000000129e-01
5.683981299999999459e-01
5.746273299999999917e-01
5.862600999999999507e-01
6.042565600000000536e-01
6.097337299999999738e-01
6.409022699999999961e-01
6.643048999999999760e-01
6.407378200000000135e-01
6.342464599999999564e-01
6.453235400000000288e-01
6.970529600000000547e-01
6.671371200000000279e-01
6.810556399999999622e-01
6.976470000000000171e-01
6.978729900000000264e-01
6.925846700000000133e-01
6.817476399999999881e-01
6.467423199999999817e-01
6.837373100000000425e-01
6.702058699999999813e-01
6.999592799999999615e-01
6.995636200000000526e-01
7.268909000000000065e-01
7.263116600000000256e-01
7.388090699999999567e-01
7.446336900000000147e-01
7.431208000000000258e-01
7.617203900000000250e-01
7.614724499999999674e-01
7.567757999999999985e-01
7.616254099999999472e-01
7.937216900000000352e-01
7.477541199999999666e-01
7.398385200000000550e-01
7.174581399999999665e-01
7.312697700000000411e-01
7.233921199999999718e-01
7.426627000000000089e-01
7.454643399999999476e-01
7.608474600000000310e-01
7.211059699999999850e-01
7.102080100000000007e-01
7.187015399999999721e-01
7.501598200000000327e-01
7.149178600000000161e-01
7.111268400000000378e-01
7.012337699999999785e-01
6.903070500000000331e-01
6.857202399999999809e-01
6.804583699999999791e-01
6.894321399999999711e-01
6.876370000000000537e-01
6.888439899999999616e-01
6.531263600000000169e-01
6.869660399999999445e-01
6.631117800000000395e-01
6.424153299999999511e-01
6.514243499999999854e-01
4.965355300000000027e-01
2.524236499999999994e-01
7.421698000000000184e-02
-1.201700099999999938e-01
-2.433451199999999981e-01
-3.368726699999999852e-01
-4.534264700000000259e-01
-5.073512900000000103e-01
-6.012395400000000167e-01
-6.578800399999999993e-01
-7.259809900000000482e-01
-7.949842200000000192e-01
-8.354309100000000265e-01
-8.414926499999999532e-01
-9.251814400000000216e-01
-9.594804999999999584e-01
-9.598712900000000436e-01
-9.509844600000000314e-01
-9.613808999999999827e-01
-7.815828400000000009e-01
-4.722808399999999796e-01
-2.218242599999999953e-01
6.676541400000000383e-03
1.149546899999999983e-01
2.719177600000000083e-01
3.709768900000000036e-01
4.544390600000000058e-01
5.720575799999999544e-01
6.283869399999999494e-01
6.334397600000000184e-01
6.488793899999999448e-01
6.777851900000000374e-01
7.027596499999999580e-01
7.475072900000000464e-01
7.373509700000000500e-01
7.538142100000000401e-01
7.707650200000000229e-01
8.082323500000000438e-01
8.262144099999999547e-01
8.435957600000000278e-01
8.362894699999999792e-01
8.384712600000000515e-01
8.503656400000000337e-01
8.381339399999999662e-01
8.157608600000000321e-01
8.325930000000000275e-01
8.492964800000000203e-01
8.085757199999999978e-01
8.293414399999999853e-01
8.178978199999999976e-01
8.086841099999999560e-01
7.866893499999999539e-01
8.085393899999999689e-01
8.495092499999999935e-01
8.360245400000000382e-01
8.290404599999999791e-01
8.664115999999999485e-01
8.654095600000000221e-01
8.779753999999999614e-01
8.890029499999999585e-01
8.950212699999999799e-01
9.077048800000000472e-01
9.005948299999999573e-01
8.846118299999999879e-01
8.542727500000000251e-01
8.419931400000000288e-01
8.319289399999999501e-01
8.632199499999999581e-01
8.485082600000000141e-01
8.438077999999999967e-01
8.552182799999999974e-01
8.028239099999999739e-01
7.978885300000000402e-01
7.883064400000000527e-01
7.765051800000000171e-01
7.919605100000000064e-01
8.087823600000000335e-01
8.192906399999999589e-01
7.913390799999999725e-01
8.220993399999999562e-01
8.240856600000000531e-01
7.940571100000000104e-01
7.855991100000000449e-01
7.781439599999999679e-01
8.047996600000000278e-01
7.785532200000000458e-01
7.699099099999999751e-01
7.660820499999999589e-01
7.500369000000000064e-01
7.601875599999999844e-01
7.503719500000000098e-01
7.636720500000000467e-01
7.350878299999999976e-01
7.376631900000000241e-01
7.339960199999999713e-01
7.328339400000000170e-01
7.349428500000000364e-01
7.298448800000000292e-01
7.074359500000000356e-01
4.202023500000000023e-01
2.202611700000000061e-01
8.140312500000000673e-02
-7.760283900000000679e-02
-1.948706199999999944e-01
-3.153185900000000097e-01
-4.095972800000000080e-01
-4.604159700000000077e-01
-5.518762799999999968e-01
-6.228739800000000493e-01
-6.821460700000000488e-01
-7.593831399999999565e-01
-8.394560599999999484e-01
-8.522175400000000511e-01
-8.571580800000000444e-01
-8.781213500000000227e-01
-8.995377399999999746e-01
-9.133205599999999480e-01
-8.217691000000000301e-01
-5.447791899999999687e-01
-2.952794899999999778e-01
-8.444838600000000028e-02
9.011392000000000013e-02
2.762466399999999878e-01
3.133767399999999870e-01
4.080016799999999777e-01
4.787855500000000042e-01
5.517514500000000321e-01
5.746098499999999776e-01
6.095276299999999869e-01
6.627359900000000525e-01
6.585564299999999704e-01
7.075609200000000376e-01
7.225340399999999885e-01
7.449993099999999702e-01
7.362863899999999573e-01
7.532060099999999814e-01
7.493396199999999840e-01
7.970036299999999629e-01
7.815485500000000085e-01
7.678307399999999561e-01
7.694115900000000341e-01
7.934156300000000384e-01
7.717107300000000114e-01
7.962137099999999634e-01
8.427131799999999506e-01
8.245287999999999506e-01
8.053487599999999969e-01
8.284415299999999815e-01
8.120783499999999488e-01
7.714929600000000054e-01
7.501669699999999885e-01
7.684406499999999474e-01
7.857533399999999668e-01
7.906727599999999745e-01
8.114886000000000044e-01
8.094167199999999784e-01
8.127365600000000523e-01
8.079633600000000193e-01
7.966444099999999695e-01
8.204846700000000270e-01
8.006521300000000174e-01
8.237345400000000151e-01
8.757200200000000434e-01
8.601172700000000448e-01
8.456780499999999590e-01
8.769320099999999840e-01
8.585013400000000017e-01
8.784333199999999620e-01
8.906809300000000373e-01
8.924420400000000475e-01
9.047264900000000498e-01
9.069487200000000415e-01
8.795933299999999511e-01
8.841970099999999499e-01
8.698143200000000297e-01
8.496917099999999889e-01
8.665626100000000109e-01
8.433047999999999655e-01
8.571169100000000096e-01
8.557801600000000120e-01
7.920042800000000049e-01
7.958926499999999793e-01
7.519055700000000231e-01
7.791577200000000536e-01
7.560143299999999567e-01
7.657770999999999884e-01
