-2.227790900000000018e+00
-2.197616800000000037e+00
-2.165381000000000000e+00
-2.211726599999999987e+00
-2.167643099999999823e+00
-2.123768500000000170e+00
-1.951588700000000065e+00
-1.796224199999999938e+00
-1.648306899999999908e+00
-1.543759799999999904e+00
-1.565729799999999949e+00
-1.632133199999999951e+00
-1.589023499999999922e+00
-1.563875799999999927e+00
-1.523404200000000097e+00
-1.506681799999999960e+00
-1.496852199999999966e+00
-1.445829400000000042e+00
-1.471266500000000033e+00
-1.503071700000000011e+00
-1.527125000000000066e+00
-1.589968599999999954e+00
-1.686531599999999909e+00
-1.792742499999999906e+00
-1.956518100000000038e+00
-2.267464100000000204e+00
-2.555875200000000014e+00
-2.815437300000000143e+00
-2.928720499999999838e+00
-2.976510000000000211e+00
-2.766528000000000098e+00
-2.533252099999999896e+00
-2.151700599999999852e+00
-1.871691699999999958e+00
-1.741010799999999970e+00
-1.708981599999999990e+00
-1.815737300000000110e+00
-1.975595999999999908e+00
-2.115409600000000001e+00
-2.233765899999999860e+00
-2.300060100000000052e+00
-2.561702899999999783e+00
-2.773623000000000172e+00
-3.135767599999999877e+00
-3.514848000000000194e+00
-3.663953300000000191e+00
-3.927093000000000167e+00
-4.319112999999999758e+00
-4.548765699999999690e+00
-4.432660600000000173e+00
-4.432251299999999894e+00
-4.346062800000000337e+00
-4.708234499999999656e+00
-4.737526800000000371e+00
-4.401151399999999825e+00
-3.966861800000000216e+00
-3.527642100000000003e+00
-3.327254799999999957e+00
-3.168552200000000152e+00
-3.050475399999999837e+00
-2.940546199999999999e+00
-2.873799599999999899e+00
-2.701500499999999860e+00
-2.452998000000000012e+00
-2.360021199999999819e+00
-2.259646099999999880e+00
-2.055950900000000026e+00
-2.096073899999999934e+00
-2.035422099999999901e+00
-2.020475300000000196e+00
-1.846545600000000009e+00
-1.964612100000000083e+00
-2.000904100000000074e+00
-1.858277100000000015e+00
-1.786506799999999950e+00
-1.734221500000000082e+00
-1.722552800000000106e+00
-1.665491899999999914e+00
-1.648581300000000027e+00
-1.564073599999999953e+00
-1.350813800000000064e+00
-1.182755400000000012e+00
-9.408828799999999770e-01
-9.388229000000000157e-01
-8.435618000000000283e-01
-9.874752799999999553e-01
-1.435292000000000012e+00
-1.896079199999999965e+00
-2.233858199999999794e+00
-2.663253699999999835e+00
-3.168757300000000221e+00
-3.503984299999999941e+00
-3.111012600000000017e+00
-2.004084600000000105e+00
-1.008649600000000035e+00
-4.600119100000000238e-01
-2.238198499999999869e-01
-1.442945999999999951e-01
-5.773482800000000470e-01
-1.236477400000000060e+00
-2.220523599999999931e+00
-3.274647600000000214e+00
-4.561745799999999740e+00
-5.687941099999999750e+00
-6.128761599999999810e+00
-5.144673799999999630e+00
-3.778666600000000209e+00
-2.830337600000000009e+00
-2.571640400000000160e+00
-2.728895899999999930e+00
-3.124082200000000142e+00
-3.222328699999999824e+00
-3.234084999999999877e+00
-3.223832100000000089e+00
-3.074242400000000153e+00
-2.974400800000000178e+00
-2.727205699999999844e+00
-2.555949800000000049e+00
-2.375231799999999893e+00
-2.187281500000000101e+00
-2.154369500000000048e+00
-2.306784500000000016e+00
-2.338032300000000063e+00
-2.387488400000000066e+00
-2.374070300000000078e+00
-2.332945500000000116e+00
-2.427560499999999788e+00
-2.513678699999999822e+00
-2.352358499999999797e+00
-2.182498299999999780e+00
-2.043198600000000198e+00
-1.968590899999999921e+00
-1.829758400000000007e+00
-1.572284000000000015e+00
-1.351226000000000038e+00
-1.268904100000000090e+00
-1.134434200000000059e+00
-1.077559399999999945e+00
-1.047531800000000013e+00
-1.113508699999999907e+00
-1.038154299999999974e+00
-1.254660399999999898e+00
-1.555705700000000080e+00
-1.704855500000000079e+00
-1.958418500000000062e+00
-2.266282299999999861e+00
-2.392883199999999988e+00
-2.560814999999999841e+00
-2.719727900000000087e+00
-2.907122300000000159e+00
-2.824904800000000105e+00
-2.413813499999999834e+00
-2.039470000000000116e+00
-1.928555599999999925e+00
-2.190517600000000176e+00
-2.491641899999999854e+00
-2.628747100000000003e+00
-2.589994400000000141e+00
-2.752363100000000173e+00
-3.020181599999999911e+00
-3.365014599999999856e+00
-3.344343999999999983e+00
-3.391973899999999986e+00
-3.561714100000000105e+00
-3.738888699999999954e+00
-3.949800900000000059e+00
-4.202904700000000382e+00
-4.254198299999999655e+00
-4.329093000000000302e+00
-4.281205500000000441e+00
-4.028452299999999653e+00
-3.733145400000000169e+00
-3.370989499999999861e+00
-3.145852999999999788e+00
-2.865121699999999993e+00
-2.746683800000000009e+00
-2.546489600000000131e+00
-2.411849399999999921e+00
-2.314886299999999952e+00
-2.093985500000000055e+00
-1.759228199999999909e+00
-1.671969700000000003e+00
-1.533639799999999997e+00
-1.486970700000000090e+00
-1.467182699999999951e+00
-1.529574599999999895e+00
-1.523350699999999946e+00
-1.418871299999999946e+00
-1.398426299999999900e+00
-1.430982100000000035e+00
-1.473336299999999932e+00
-1.425033299999999947e+00
-1.416655199999999892e+00
-1.393775200000000103e+00
-1.326928700000000072e+00
-1.158016699999999899e+00
-9.054203899999999638e-01
-7.923662599999999889e-01
-6.634065799999999680e-01
-7.104846799999999796e-01
-1.126118799999999975e+00
-1.775261699999999943e+00
-2.373750699999999991e+00
-2.838511700000000193e+00
-3.466609399999999841e+00
-3.973554899999999890e+00
-3.436086799999999997e+00
-2.133245800000000081e+00
-1.139780199999999910e+00
-5.980943499999999968e-01
-1.721612200000000037e-01
-6.015318900000000274e-03
-3.766090799999999850e-01
-1.363337599999999927e+00
-2.634492499999999904e+00
-4.057453800000000221e+00
-5.211471699999999707e+00
-5.906133600000000428e+00
-5.279387999999999970e+00
-3.581695199999999968e+00
-2.573613299999999882e+00
-2.196626600000000096e+00
-2.274846099999999982e+00
-2.453483600000000209e+00
-2.623798499999999922e+00
-2.926844500000000071e+00
-3.255620099999999795e+00
-3.545636500000000080e+00
-3.563848600000000033e+00
-3.390714800000000029e+00
-3.141119499999999842e+00
-2.868202199999999813e+00
-2.685997899999999827e+00
-2.441696799999999890e+00
-2.401546300000000134e+00
-2.464229000000000003e+00
-2.502480799999999839e+00
-2.415567699999999984e+00
-2.297835000000000072e+00
-2.221057300000000012e+00
-2.139151399999999814e+00
-2.054070100000000121e+00
-2.040092200000000133e+00
-1.908301000000000025e+00
-1.818332099999999896e+00
-1.660749899999999890e+00
-1.626211999999999991e+00
-1.597121599999999919e+00
-1.498154599999999892e+00
-1.534323399999999893e+00
-1.466132900000000072e+00
-1.367009099999999977e+00
-1.237313399999999897e+00
-1.116566399999999959e+00
-1.139538900000000021e+00
-1.374732499999999913e+00
-1.479461300000000090e+00
-1.636697000000000068e+00
-1.983359600000000000e+00
-2.286831700000000023e+00
-2.457960799999999946e+00
-2.594094500000000192e+00
-2.617105399999999804e+00
-2.437940799999999797e+00
-2.286081699999999994e+00
-2.236727699999999874e+00
-2.337939200000000106e+00
-2.619258900000000168e+00
-2.987885299999999855e+00
-3.211772199999999966e+00
-3.169532499999999864e+00
-3.205335100000000104e+00
-3.405175600000000191e+00
-3.481290099999999832e+00
-3.345512400000000053e+00
-3.482168300000000105e+00
-3.810851500000000058e+00
-3.628193399999999791e+00
-3.661341399999999968e+00
-3.742400799999999972e+00
-3.947160499999999850e+00
-4.198351399999999956e+00
-4.046711000000000169e+00
-3.677936100000000152e+00
-3.298424900000000104e+00
-3.175916599999999868e+00
-3.264218399999999853e+00
-3.307453100000000035e+00
-3.263886600000000193e+00
-3.196200500000000222e+00
-3.123010499999999912e+00
-3.033767000000000102e+00
-2.745785999999999838e+00
-2.318198999999999899e+00
-1.963833200000000057e+00
-1.823925299999999972e+00
-1.710417499999999924e+00
-1.621531800000000079e+00
-1.545149000000000106e+00
-1.469441900000000079e+00
-1.337681799999999921e+00
-1.207257000000000025e+00
-1.136445200000000044e+00
-1.091596699999999975e+00
-1.163260799999999984e+00
-1.223062099999999930e+00
-1.251840199999999959e+00
-1.172272399999999992e+00
-9.851469600000000160e-01
-7.575833499999999887e-01
-4.895450599999999763e-01
-3.921585599999999894e-01
-5.490853399999999773e-01
-1.057652999999999954e+00
-1.527580799999999961e+00
-1.991756499999999930e+00
-2.595406500000000172e+00
-3.279639099999999807e+00
-3.538326800000000105e+00
-3.091350300000000217e+00
-2.042187399999999986e+00
-1.191559999999999953e+00
-7.158228599999999497e-01
-3.840416600000000069e-01
-3.090464099999999936e-01
-4.530158100000000188e-01
-8.225886599999999715e-01
-1.940256200000000097e+00
-3.386086000000000151e+00
-4.829306599999999783e+00
-5.637006000000000405e+00
-5.799454400000000120e+00
-4.709657799999999561e+00
-3.453981800000000213e+00
-2.594550499999999982e+00
-2.437180099999999960e+00
-2.734558999999999962e+00
-3.080484300000000175e+00
-3.234738999999999809e+00
-3.301066399999999845e+00
-3.160687199999999919e+00
-3.080057599999999951e+00
-2.963279200000000113e+00
-2.681938999999999851e+00
-2.642198300000000000e+00
-2.568724899999999867e+00
-2.344663999999999859e+00
-2.253985600000000034e+00
-2.180775099999999966e+00
-2.205441500000000055e+00
-2.262203599999999870e+00
-2.379467899999999858e+00
-2.376821200000000189e+00
-2.314359399999999845e+00
-2.190417000000000058e+00
-1.948415999999999926e+00
-1.796769099999999897e+00
-1.713143599999999989e+00
-1.644668299999999972e+00
-1.535037299999999938e+00
-1.533783700000000083e+00
-1.446331400000000045e+00
-1.391942199999999907e+00
-1.416272699999999940e+00
-1.546159999999999979e+00
-1.545683399999999930e+00
-1.499285299999999932e+00
-1.379393000000000091e+00
-1.311779900000000110e+00
-1.424817599999999906e+00
-1.551787800000000050e+00
-1.660780700000000110e+00
-1.762468799999999947e+00
-2.078547100000000203e+00
-2.292631399999999875e+00
-2.441455899999999790e+00
-2.663779100000000177e+00
-2.848863000000000145e+00
-2.746743599999999841e+00
-2.478625800000000101e+00
-2.158938000000000024e+00
-2.018546000000000173e+00
-2.076719900000000063e+00
-2.259993800000000164e+00
-2.487412200000000073e+00
-2.464935300000000051e+00
-2.409066099999999988e+00
-2.516783199999999887e+00
-2.728596800000000044e+00
-2.923904900000000140e+00
-2.893786599999999876e+00
-3.041953200000000024e+00
-3.390623399999999954e+00
-3.358132499999999965e+00
-3.542380300000000037e+00
-3.743808500000000095e+00
-3.958902099999999979e+00
-4.183203200000000344e+00
-4.241472899999999768e+00
-4.074821400000000260e+00
-3.724623900000000098e+00
-3.399914400000000114e+00
-3.255965799999999799e+00
-3.187886199999999892e+00
-3.228297799999999995e+00
-3.167409500000000211e+00
-3.047679800000000050e+00
-2.937865599999999855e+00
-2.783944899999999834e+00
-2.471403899999999876e+00
-2.268347299999999844e+00
-2.037189300000000092e+00
-1.998224199999999895e+00
-1.938011300000000103e+00
-1.740241699999999891e+00
-1.889342300000000030e+00
-1.826967400000000019e+00
-1.707370999999999972e+00
-1.628247000000000000e+00
-1.593797600000000037e+00
-1.516776899999999983e+00
-1.459829700000000008e+00
-1.448491500000000043e+00
-1.428603000000000067e+00
-1.300570299999999957e+00
-1.062608599999999903e+00
-8.476154299999999475e-01
-6.565249600000000463e-01
-5.615548799999999785e-01
-6.236487299999999845e-01
-9.465234399999999937e-01
-1.543857100000000093e+00
-1.834594899999999917e+00
-2.127126500000000142e+00
-2.658217500000000122e+00
-2.979547499999999793e+00
-2.908494699999999877e+00
-2.290921899999999845e+00
-1.453410899999999950e+00
-8.764920999999999962e-01
-6.960803100000000354e-01
-8.959002200000000249e-01
-1.649867999999999890e+00
-1.989459000000000088e+00
-2.440455500000000111e+00
-3.312701099999999954e+00
-4.684363099999999669e+00
-5.400525700000000207e+00
-5.259774600000000078e+00
-4.443329799999999885e+00
-3.342606799999999989e+00
-2.566661900000000163e+00
-2.379823700000000208e+00
-2.597423800000000060e+00
-2.873263300000000076e+00
-3.024206099999999786e+00
-3.051028200000000190e+00
-2.900915799999999933e+00
-2.728465299999999871e+00
-2.652928000000000175e+00
-2.578759400000000035e+00
-2.499235399999999885e+00
-2.361059899999999878e+00
-2.190730400000000078e+00
-2.291181299999999865e+00
-2.265736400000000206e+00
-2.191602399999999840e+00
-2.154595699999999781e+00
-2.147894799999999993e+00
-2.109087800000000179e+00
-1.958630099999999929e+00
-1.965658300000000080e+00
-1.983846100000000057e+00
-1.859591100000000052e+00
-1.714824600000000032e+00
-1.509516300000000033e+00
-1.444269199999999920e+00
-1.337773799999999902e+00
-1.321262500000000006e+00
-1.257896499999999973e+00
-1.194227099999999986e+00
-1.162675099999999961e+00
-1.125617000000000090e+00
-1.061688299999999918e+00
-9.593771100000000329e-01
-8.849027099999999812e-01
-8.811852199999999913e-01
-9.407868999999999815e-01
-1.074656300000000009e+00
-1.521657800000000060e+00
-1.948052700000000081e+00
-2.259929500000000147e+00
-2.477609499999999798e+00
-2.671351899999999890e+00
-2.667767599999999906e+00
-2.383820699999999793e+00
-2.034588999999999981e+00
-1.813374199999999936e+00
-1.956996600000000086e+00
-2.325017499999999959e+00
-2.612222200000000161e+00
-2.797259100000000220e+00
-2.831515099999999840e+00
-2.800253000000000103e+00
-2.832916299999999943e+00
-2.974387899999999973e+00
-3.121929499999999802e+00
-3.386450700000000147e+00
-3.771169800000000016e+00
-4.013134299999999932e+00
-4.131623099999999660e+00
-4.174475499999999784e+00
-4.274042399999999908e+00
-4.564639599999999575e+00
-4.709130899999999897e+00
-4.458029200000000358e+00
-4.008538899999999572e+00
-3.627532400000000212e+00
-3.363059100000000079e+00
-3.331330900000000206e+00
-3.410293699999999983e+00
-3.397627799999999976e+00
-3.365345599999999937e+00
-3.168474600000000141e+00
-2.851539300000000221e+00
-2.644970799999999844e+00
-2.340276199999999918e+00
-1.957031799999999988e+00
-1.774429000000000034e+00
-1.650911199999999912e+00
-1.801158599999999943e+00
-1.838375700000000057e+00
-1.808296300000000079e+00
-1.787293999999999938e+00
-1.692244599999999988e+00
-1.549261900000000081e+00
-1.520521299999999965e+00
-1.473984699999999926e+00
-1.403894900000000057e+00
-1.319413500000000017e+00
-1.181208599999999942e+00
-1.039451499999999973e+00
-8.911248899999999473e-01
-8.381964400000000426e-01
-8.020946799999999488e-01
-1.123561500000000102e+00
-1.761249999999999982e+00
-2.160530800000000085e+00
-2.777546399999999860e+00
-3.682907600000000059e+00
-4.254647699999999588e+00
-3.804024300000000025e+00
-2.406738999999999962e+00
-1.132833800000000002e+00
-4.728348099999999943e-01
-3.524388500000000257e-01
-4.510075499999999793e-01
-7.975794600000000178e-01
-1.201863300000000079e+00
-1.647972999999999910e+00
-2.560564100000000121e+00
-3.967393099999999784e+00
-5.082729800000000075e+00
-5.716598199999999963e+00
-5.408514600000000172e+00
-4.110140200000000021e+00
-3.000695499999999960e+00
-2.787955300000000136e+00
-2.954010300000000200e+00
-3.068399400000000110e+00
-3.043511800000000100e+00
-2.921259399999999840e+00
-2.803446600000000011e+00
-2.645691499999999863e+00
-2.734166800000000119e+00
-2.545286400000000171e+00
-2.462759600000000049e+00
-2.251702700000000057e+00
-2.156840900000000172e+00
-2.108086999999999822e+00
-2.186632499999999979e+00
-2.174868899999999883e+00
-2.339754999999999807e+00
-2.409483999999999959e+00
-2.499379199999999912e+00
-2.417881899999999806e+00
-2.391656300000000179e+00
-2.237054399999999887e+00
-2.146210700000000138e+00
-2.116296399999999966e+00
-2.065289200000000047e+00
-1.940546499999999952e+00
-1.897052200000000077e+00
-1.855299500000000101e+00
-1.803774699999999953e+00
-1.706340600000000096e+00
-1.703335000000000043e+00
-1.672134400000000021e+00
-1.591825499999999893e+00
-1.448659700000000106e+00
-1.270807400000000031e+00
-1.315299599999999902e+00
-1.530612199999999978e+00
-1.621523100000000106e+00
-1.908078500000000011e+00
-2.334467699999999812e+00
-2.574060199999999909e+00
-2.663050399999999929e+00
-2.740435699999999919e+00
-2.724518400000000007e+00
-2.542701500000000170e+00
-2.329263000000000083e+00
-2.201594899999999910e+00
-2.206416299999999886e+00
-2.449586899999999901e+00
-2.584976800000000186e+00
-2.556564799999999860e+00
-2.485201299999999947e+00
-2.459436399999999967e+00
-2.683321799999999868e+00
-3.095093100000000153e+00
-3.315477500000000077e+00
-3.531598799999999816e+00
-3.734308899999999820e+00
-3.673808499999999810e+00
-3.692138799999999943e+00
-3.807227300000000092e+00
-4.075132700000000163e+00
-4.435276299999999949e+00
-4.505837800000000115e+00
-4.305451299999999648e+00
-3.901879699999999840e+00
-3.574686400000000042e+00
-3.392965199999999903e+00
-3.316963700000000070e+00
-3.313495000000000079e+00
-3.167424000000000017e+00
-2.979085800000000006e+00
-2.792677600000000204e+00
-2.614189300000000049e+00
-2.256663599999999992e+00
-1.988944700000000010e+00
-1.811058300000000010e+00
-1.667271500000000017e+00
-1.573425499999999921e+00
-1.476450800000000063e+00
-1.479040700000000097e+00
-1.442553200000000091e+00
-1.324002300000000076e+00
-1.259515500000000010e+00
-1.237211400000000072e+00
-1.296441799999999978e+00
-1.259470099999999926e+00
-1.272778299999999918e+00
-1.284743399999999980e+00
-1.110085599999999895e+00
-9.089117700000000077e-01
-8.195191800000000137e-01
-7.394655700000000165e-01
-9.236390399999999667e-01
-1.354647399999999946e+00
-1.852491300000000063e+00
-2.177197800000000072e+00
-2.801809599999999900e+00
-3.319780199999999848e+00
-3.819063100000000155e+00
-3.625553200000000142e+00
-2.717346099999999876e+00
-1.574708299999999950e+00
-7.573983800000000377e-01
-3.366549799999999926e-01
-2.699680199999999752e-01
-7.134013500000000452e-01
-1.307011799999999946e+00
-1.644724800000000098e+00
-2.561284199999999789e+00
-4.126004000000000005e+00
-5.929824799999999563e+00
-6.492821499999999801e+00
-5.395046899999999646e+00
-3.909680999999999962e+00
-2.942286600000000085e+00
-2.469296200000000052e+00
-2.650583999999999829e+00
-3.068049999999999944e+00
-3.568397800000000064e+00
-3.853064700000000009e+00
-3.950455400000000061e+00
-3.871633399999999892e+00
-3.745877800000000146e+00
-3.452894399999999919e+00
-3.148175900000000027e+00
-2.994713799999999981e+00
-2.748003000000000196e+00
-2.516430600000000073e+00
-2.445249099999999842e+00
-2.507579999999999920e+00
-2.623513599999999890e+00
-2.736904899999999863e+00
-2.816679600000000061e+00
-2.793915099999999985e+00
-2.694219599999999826e+00
-2.498595799999999922e+00
-2.426281299999999863e+00
-2.230393999999999988e+00
-2.085468999999999795e+00
-1.933673699999999940e+00
-1.846563500000000024e+00
-1.784501099999999951e+00
-1.653854399999999947e+00
-1.527485600000000110e+00
-1.457470599999999950e+00
-1.558490399999999942e+00
-1.687676500000000024e+00
-1.564068699999999978e+00
-1.498775699999999933e+00
-1.490181500000000048e+00
-1.710756600000000072e+00
-1.831068499999999988e+00
-2.131685599999999958e+00
-2.510672899999999874e+00
-2.749841800000000003e+00
-2.815989300000000028e+00
-2.863155900000000198e+00
-2.780254699999999968e+00
-2.468880700000000150e+00
-2.167917800000000117e+00
-2.145153800000000111e+00
-2.496882199999999941e+00
-2.842928800000000145e+00
-3.118929699999999805e+00
-3.038740300000000172e+00
-2.915312399999999915e+00
-3.011394699999999869e+00
-3.067057000000000144e+00
-2.791188000000000002e+00
-3.023835000000000051e+00
-3.445182799999999990e+00
-3.639837200000000106e+00
-3.657842000000000038e+00
-3.866689899999999902e+00
-4.229925500000000227e+00
-4.540840000000000209e+00
-4.506337699999999558e+00
-4.126174200000000347e+00
-3.664168200000000208e+00
-3.301132899999999815e+00
-3.118938400000000222e+00
-3.100330700000000217e+00
-3.116564799999999913e+00
-3.039288899999999849e+00
-2.885749999999999815e+00
-2.660021400000000202e+00
-2.536706199999999800e+00
-2.188873599999999975e+00
-1.777046700000000090e+00
-1.526830099999999968e+00
-1.300732800000000022e+00
-1.272997099999999993e+00
-1.200933900000000110e+00
-1.123576600000000036e+00
-1.140396900000000047e+00
-1.051943700000000037e+00
-9.326998899999999759e-01
-8.499967499999999676e-01
-8.527815300000000098e-01
-9.007884000000000446e-01
-9.057110000000000438e-01
-8.102137499999999548e-01
-6.156635400000000091e-01
-4.570972200000000263e-01
-2.874445299999999759e-01
-1.916209000000000107e-01
-3.957826899999999926e-01
-8.942683700000000346e-01
-1.288282499999999997e+00
-1.967010900000000007e+00
-2.878018200000000082e+00
-3.597185399999999866e+00
-3.742678699999999914e+00
-2.908257299999999823e+00
-1.709443299999999999e+00
-7.773573499999999470e-01
-1.161442200000000063e-01
1.912903900000000046e-01
7.503016799999999431e-02
-2.941326300000000060e-01
-1.118904499999999969e+00
-1.878153200000000078e+00
-2.999010999999999871e+00
-4.859918900000000264e+00
-6.268973500000000421e+00
-6.444850999999999885e+00
-5.687792499999999585e+00
-4.222737000000000407e+00
-3.209886000000000017e+00
-3.033777399999999957e+00
-3.204912000000000205e+00
-3.295724700000000063e+00
-3.185423699999999858e+00
-2.982333399999999912e+00
-2.952491999999999894e+00
-3.055123000000000033e+00
-3.109001099999999962e+00
-3.107660399999999878e+00
-3.043532599999999810e+00
-2.826235599999999959e+00
-2.566423799999999922e+00
-2.425743600000000111e+00
-2.446313599999999866e+00
-2.553443899999999989e+00
-2.618075399999999942e+00
-2.635796099999999864e+00
-2.729699000000000098e+00
-2.626048299999999891e+00
-2.516909899999999922e+00
-2.356292400000000065e+00
-2.203346300000000202e+00
-2.097662600000000044e+00
-2.041320600000000152e+00
-1.941803200000000063e+00
-1.796475499999999892e+00
-1.566241299999999947e+00
-1.556004399999999954e+00
-1.429287600000000102e+00
-1.323525400000000074e+00
-1.259537899999999988e+00
-1.142190199999999933e+00
-1.056300599999999923e+00
-1.230342899999999906e+00
-1.498233600000000054e+00
-1.722315400000000052e+00
-2.045445799999999981e+00
-2.420931599999999850e+00
-2.642690500000000053e+00
-2.738750599999999924e+00
-2.770132499999999887e+00
-2.697192900000000115e+00
-2.534708399999999973e+00
-2.336856299999999997e+00
-2.512569000000000052e+00
-2.779886700000000044e+00
-3.107098899999999997e+00
-3.318117800000000006e+00
-3.330270899999999923e+00
-3.458747600000000144e+00
-3.677046799999999838e+00
-3.426685400000000215e+00
-3.399977900000000108e+00
-3.612741600000000108e+00
-3.483830399999999994e+00
-3.280443299999999951e+00
-3.412563500000000083e+00
-3.609413700000000169e+00
-3.733412700000000140e+00
-3.995147900000000085e+00
-4.034393800000000141e+00
-3.669148900000000157e+00
-3.209740299999999991e+00
-2.953828500000000190e+00
-2.705584899999999848e+00
-2.686610799999999966e+00
-2.825922999999999963e+00
-2.734448099999999826e+00
-2.684941199999999917e+00
-2.446501899999999896e+00
-2.212656599999999862e+00
-2.055422699999999825e+00
-1.835229199999999894e+00
-1.664948400000000106e+00
-1.556184500000000082e+00
-1.446342500000000086e+00
-1.446118100000000073e+00
-1.503190900000000108e+00
-1.481759700000000013e+00
-1.454630599999999996e+00
-1.377365699999999915e+00
-1.362869700000000073e+00
-1.371490099999999934e+00
-1.461922500000000014e+00
-1.300140400000000085e+00
-1.179964699999999977e+00
-1.032210199999999967e+00
-8.516882300000000461e-01
-6.013148099999999774e-01
-5.338345300000000293e-01
-6.703094099999999944e-01
-8.204285100000000552e-01
-1.135975399999999969e+00
-1.482805900000000010e+00
-2.040403899999999826e+00
-2.691058400000000184e+00
-2.770037700000000047e+00
-2.238562700000000127e+00
-1.182766500000000054e+00
-1.433583599999999902e-01
2.955260499999999846e-01
-3.933508200000000038e-02
-9.089486799999999533e-01
-1.601262100000000022e+00
-2.096598499999999810e+00
-3.389284200000000080e+00
-5.167336899999999567e+00
-6.001376999999999740e+00
-5.777484000000000286e+00
-4.920474699999999757e+00
-3.460117100000000168e+00
-2.535194100000000006e+00
-2.617184299999999908e+00
-2.960586099999999998e+00
-3.278893300000000011e+00
-3.419753800000000066e+00
-3.516043600000000158e+00
-3.477835300000000185e+00
-3.425030700000000206e+00
-3.346496800000000160e+00
-3.174418000000000184e+00
-2.959585999999999828e+00
-2.670535000000000103e+00
-2.508309500000000192e+00
-2.496527899999999800e+00
-2.535904299999999889e+00
-2.521495400000000053e+00
-2.530459299999999967e+00
-2.523242100000000043e+00
-2.440904699999999927e+00
-2.264834599999999920e+00
-2.177226300000000059e+00
-2.146471899999999877e+00
-2.003504400000000185e+00
-1.908549400000000063e+00
-1.845345999999999931e+00
-1.691992500000000010e+00
-1.617191800000000068e+00
-1.472153299999999998e+00
-1.361879199999999956e+00
-1.378214300000000003e+00
-1.346144900000000089e+00
-1.314968799999999938e+00
-1.172331599999999918e+00
-1.209023200000000076e+00
-1.309058800000000078e+00
-1.446177999999999964e+00
-1.492185099999999931e+00
-1.588183300000000076e+00
-1.959382399999999969e+00
-2.406976699999999969e+00
-2.544930400000000148e+00
-2.554480700000000049e+00
-2.494191600000000175e+00
-2.399799699999999980e+00
-2.356499700000000086e+00
-2.301771399999999801e+00
-2.368966799999999928e+00
-2.594484700000000199e+00
-2.703136199999999878e+00
-2.533633000000000024e+00
-2.464221600000000123e+00
-2.540807699999999780e+00
-2.905053500000000177e+00
-3.083246799999999954e+00
-3.196573200000000003e+00
-3.471290699999999951e+00
-3.441362400000000044e+00
-3.643465799999999977e+00
-4.044681699999999935e+00
-4.503108100000000391e+00
-5.139269299999999596e+00
-5.360424499999999703e+00
-4.920320099999999641e+00
-4.252421599999999913e+00
-3.698382000000000058e+00
-3.349254800000000198e+00
-3.246170799999999801e+00
-3.215422999999999920e+00
-3.316912199999999977e+00
-3.124861300000000064e+00
-2.858824600000000160e+00
-2.673866299999999807e+00
-2.391780999999999935e+00
-2.067758599999999891e+00
-1.769247500000000084e+00
-1.466650100000000068e+00
-1.451579500000000023e+00
-1.365976700000000044e+00
-1.504019500000000065e+00
-1.599212800000000101e+00
-1.743367799999999912e+00
-1.737597800000000081e+00
-1.603644400000000081e+00
-1.533773300000000006e+00
-1.372163199999999916e+00
-1.348066900000000068e+00
-1.242505500000000040e+00
-1.143367500000000092e+00
-9.882143399999999689e-01
-7.752769499999999647e-01
-6.817537200000000075e-01
-6.749187199999999720e-01
-8.956429399999999985e-01
-1.281006300000000042e+00
-1.755423299999999909e+00
-2.109809300000000221e+00
-2.687262699999999782e+00
-3.563830700000000018e+00
-3.894860399999999778e+00
-3.201091900000000212e+00
-1.961862299999999948e+00
-8.397044900000000256e-01
-1.545562600000000009e-01
9.614170700000000680e-02
-2.823227999999999849e-01
-1.059111399999999925e+00
-1.500580599999999931e+00
-2.030870999999999871e+00
-3.469809699999999886e+00
-4.820235900000000129e+00
-4.699375500000000372e+00
-4.283916500000000127e+00
-3.940610799999999969e+00
-3.258046100000000056e+00
-2.453618899999999936e+00
-2.385073499999999846e+00
-2.868986099999999873e+00
-3.358992900000000059e+00
-3.771784999999999943e+00
-3.777912399999999948e+00
-3.615862700000000096e+00
-3.325477999999999934e+00
-2.883045599999999986e+00
-2.570115599999999834e+00
-2.315620299999999965e+00
-2.251706099999999822e+00
-2.203187900000000088e+00
-2.225120400000000220e+00
-2.264308799999999788e+00
-2.297066000000000052e+00
-2.397560100000000194e+00
-2.439014999999999933e+00
-2.519939299999999882e+00
-2.455232200000000198e+00
-2.356340299999999832e+00
-2.260136800000000168e+00
-2.168032800000000204e+00
-1.958147400000000093e+00
-1.909141500000000047e+00
-1.689642599999999995e+00
-1.524232500000000101e+00
-1.418569200000000086e+00
-1.350719500000000073e+00
-1.332685399999999909e+00
-1.314688400000000090e+00
-1.182504699999999964e+00
-1.030884300000000087e+00
-8.878613199999999539e-01
-8.607600899999999777e-01
-1.023113399999999951e+00
-1.277799899999999989e+00
-1.820330999999999921e+00
-2.294420699999999869e+00
-2.389641399999999916e+00
-2.364743799999999840e+00
-2.498511600000000055e+00
-2.513789599999999957e+00
-2.422934800000000166e+00
-2.418985800000000186e+00
-2.855727799999999927e+00
-3.395404399999999878e+00
-3.502614499999999964e+00
-3.553211999999999815e+00
-3.543195100000000153e+00
-3.654261599999999888e+00
-3.686015100000000100e+00
-3.379545999999999939e+00
-3.156528799999999801e+00
-3.321215399999999818e+00
-3.619056800000000074e+00
-3.967343599999999970e+00
-4.199909700000000079e+00
-4.532648100000000291e+00
-4.895202199999999948e+00
-4.723412999999999862e+00
-4.215973599999999877e+00
-3.614992700000000170e+00
-3.251018800000000208e+00
-3.206206200000000006e+00
-3.408021900000000048e+00
-3.690880599999999845e+00
-3.720799799999999991e+00
-3.391091199999999972e+00
-3.127142300000000041e+00
-2.947734699999999819e+00
-2.656238500000000169e+00
-2.434541700000000031e+00
-2.158098299999999803e+00
-1.985549900000000090e+00
-1.883828999999999976e+00
-1.835411899999999985e+00
-1.824292299999999978e+00
-1.886617999999999906e+00
-1.843988799999999983e+00
-1.711030599999999957e+00
-1.558207899999999979e+00
-1.505391099999999982e+00
-1.445001299999999933e+00
-1.465791999999999984e+00
-1.396273099999999934e+00
-1.264647599999999983e+00
-1.061801100000000053e+00
-9.075252600000000003e-01
-7.681041899999999645e-01
-8.136642699999999673e-01
-1.158303400000000094e+00
-1.549046900000000004e+00
-1.920857700000000001e+00
-2.321169300000000213e+00
-3.052858500000000141e+00
-3.793393399999999804e+00
-3.813685299999999945e+00
-2.785350000000000215e+00
-1.489835599999999927e+00
-7.264293499999999737e-01
-3.376192000000000082e-01
-1.048155300000000040e-01
-2.760496000000000061e-01
-7.179644400000000370e-01
-1.941403400000000001e+00
-3.734877500000000072e+00
-5.676668099999999662e+00
-6.518846299999999871e+00
-6.009674500000000030e+00
-4.698666799999999810e+00
-3.228476899999999983e+00
-2.273716199999999965e+00
-2.380526600000000048e+00
-2.587743600000000033e+00
-2.805333699999999819e+00
-3.034392599999999884e+00
-3.270999699999999955e+00
-3.385507000000000044e+00
-3.314776199999999839e+00
-3.110517600000000105e+00
-2.829789700000000074e+00
-2.680663700000000205e+00
-2.462331299999999779e+00
-2.249853100000000161e+00
-2.161615900000000146e+00
-2.197689899999999863e+00
-2.406836800000000220e+00
-2.595048799999999822e+00
-2.605836800000000064e+00
-2.470603800000000128e+00
-2.214711900000000178e+00
-2.027701400000000209e+00
-1.929078700000000035e+00
-1.752457200000000048e+00
-1.826146499999999895e+00
-1.759312999999999905e+00
-1.421363600000000060e+00
-1.354534499999999975e+00
-1.185844200000000015e+00
-1.089831699999999959e+00
-8.973271499999999623e-01
-8.783680900000000458e-01
-8.945158899999999802e-01
-9.144191600000000086e-01
-9.534446399999999544e-01
-1.128348899999999988e+00
-1.386527499999999913e+00
-1.904990100000000020e+00
-2.314371500000000026e+00
-2.572553800000000113e+00
-2.674910899999999980e+00
-2.757356300000000093e+00
-2.693529600000000190e+00
-2.414701099999999823e+00
-2.172527999999999793e+00
-2.229751799999999839e+00
-2.744827200000000023e+00
-3.465836599999999823e+00
-3.960905499999999968e+00
-4.153892700000000104e+00
-4.229968399999999740e+00
-3.700088800000000067e+00
-3.385923299999999969e+00
-3.607142500000000140e+00
-3.846390599999999882e+00
-4.004434899999999686e+00
-4.217812399999999684e+00
-4.497519900000000348e+00
-4.734543099999999782e+00
-4.914992599999999712e+00
-4.578607299999999825e+00
-3.904044100000000128e+00
-3.353996400000000211e+00
-3.185634100000000135e+00
-3.116597699999999804e+00
-3.146918199999999999e+00
-3.167683999999999944e+00
-3.018391300000000221e+00
-2.799047900000000144e+00
-2.496219700000000152e+00
-2.080318600000000018e+00
-1.604652299999999920e+00
-1.330144400000000005e+00
-1.234153400000000067e+00
-1.161638100000000007e+00
-1.158493699999999960e+00
-1.263740599999999992e+00
-1.410474900000000087e+00
-1.567511300000000052e+00
-1.511215500000000045e+00
-1.482027100000000042e+00
-1.466656299999999913e+00
-1.479405400000000093e+00
-1.544262100000000082e+00
-1.516026700000000060e+00
-1.406388699999999936e+00
-1.188621799999999951e+00
-1.026095100000000038e+00
-9.015621000000000329e-01
-8.319069599999999731e-01
-9.502994399999999953e-01
-1.234003699999999926e+00
-1.444606800000000080e+00
-1.820759599999999923e+00
-2.275392800000000104e+00
-2.902474300000000174e+00
-3.311293899999999901e+00
-3.148783499999999957e+00
-2.270152899999999807e+00
-1.248703499999999966e+00
-2.535052899999999942e-01
4.884116900000000094e-01
7.747478500000000157e-01
4.998442900000000244e-01
-3.213173500000000016e-01
-1.544387600000000083e+00
-2.677987799999999918e+00
-3.874606800000000018e+00
-5.289218899999999834e+00
-6.830491300000000265e+00
-7.000918200000000091e+00
-5.314244300000000365e+00
-3.404394200000000037e+00
-2.436154699999999895e+00
-2.525143299999999869e+00
-3.038235199999999914e+00
-3.255319899999999933e+00
-3.245767499999999917e+00
-3.455102699999999860e+00
-3.658740299999999834e+00
-3.781172300000000153e+00
-3.764124999999999943e+00
-3.495121199999999817e+00
-2.979056100000000207e+00
-2.602211500000000122e+00
-2.369037300000000013e+00
-2.254787900000000178e+00
-2.233108200000000210e+00
-2.339642200000000116e+00
-2.338228099999999809e+00
-2.422820699999999938e+00
-2.252333199999999813e+00
-1.998614799999999914e+00
-2.069455399999999834e+00
-2.040236900000000020e+00
-1.852965999999999891e+00
-1.541380699999999937e+00
-1.354448499999999944e+00
-1.299854300000000018e+00
-1.217162700000000042e+00
-1.072244299999999928e+00
-1.021376899999999921e+00
-1.073574100000000087e+00
-1.123831900000000106e+00
-1.092152800000000035e+00
-9.300109899999999818e-01
-6.322667800000000282e-01
-4.969953999999999761e-01
-5.353055300000000294e-01
-6.518123999999999585e-01
-9.719278599999999768e-01
-1.348792800000000014e+00
-1.688958600000000088e+00
-1.935243400000000058e+00
-2.311646699999999832e+00
-2.659678899999999846e+00
-2.895165500000000058e+00
-2.939217199999999863e+00
-2.747500300000000006e+00
-2.669745600000000163e+00
-2.714419499999999985e+00
-2.970632499999999787e+00
-3.128432200000000218e+00
-3.024123400000000128e+00
-3.193337999999999788e+00
-3.517485499999999821e+00
-3.823334200000000127e+00
-3.722446600000000050e+00
-3.870031200000000116e+00
-3.950639799999999813e+00
-3.753861099999999951e+00
-3.854572099999999946e+00
-3.993131200000000103e+00
-4.376234300000000133e+00
-4.704625599999999963e+00
-4.380934500000000398e+00
-3.730370600000000092e+00
-3.181341000000000196e+00
-2.818323900000000215e+00
-2.814753599999999967e+00
-2.906549500000000119e+00
-2.909049800000000019e+00
-3.072114200000000128e+00
-3.038031900000000007e+00
-2.806683200000000156e+00
-2.582774199999999798e+00
-2.411209500000000006e+00
-2.128731000000000151e+00
-1.735384400000000049e+00
-1.566133299999999950e+00
-1.559001400000000093e+00
-1.636880300000000066e+00
-1.596695200000000092e+00
-1.548659599999999914e+00
-1.465517100000000017e+00
-1.319325300000000034e+00
-1.144973999999999936e+00
-1.039739500000000039e+00
-9.889846700000000101e-01
-8.396862800000000071e-01
-7.881275300000000206e-01
-6.778188200000000441e-01
-5.916243399999999708e-01
-4.794455100000000192e-01
-4.762236599999999931e-01
-7.515857700000000419e-01
-1.529868199999999900e+00
-2.101059300000000185e+00
-3.007464800000000160e+00
-4.079294400000000209e+00
-4.238952000000000275e+00
-3.217817800000000172e+00
-2.084158700000000142e+00
-1.368461600000000056e+00
-1.207563399999999953e+00
-1.195009500000000058e+00
-1.118523900000000015e+00
-1.886360500000000107e+00
-3.914909399999999984e+00
-5.738093799999999689e+00
-6.086987699999999890e+00
-5.075026300000000212e+00
-3.655823900000000126e+00
-2.775500699999999821e+00
-1.957957699999999912e+00
-1.807800800000000097e+00
-2.287463199999999919e+00
-2.652812799999999971e+00
-3.260023100000000174e+00
-3.821965899999999916e+00
-3.998278800000000022e+00
-3.796702199999999916e+00
-3.459133899999999873e+00
-3.017222499999999918e+00
-2.772113200000000166e+00
-2.612959000000000032e+00
-2.340137900000000215e+00
-2.253108899999999970e+00
-2.312355800000000183e+00
-2.448779099999999875e+00
-2.560538799999999782e+00
-2.556570799999999810e+00
-2.398602200000000018e+00
-2.389155399999999929e+00
-2.327462199999999815e+00
-2.136087400000000081e+00
-1.859098899999999999e+00
-1.734564199999999889e+00
-1.664749699999999999e+00
-1.675985999999999976e+00
-1.714537999999999895e+00
-1.637914700000000057e+00
-1.591992999999999991e+00
-1.507516499999999926e+00
-1.461129899999999981e+00
-1.427747199999999994e+00
-1.329150999999999971e+00
-1.215883100000000105e+00
-1.204431599999999936e+00
-1.307427200000000012e+00
-1.518290700000000104e+00
-1.879492200000000057e+00
-2.183559499999999876e+00
-2.423431799999999914e+00
-2.627952399999999855e+00
-2.817479500000000137e+00
-2.860919200000000107e+00
-2.658233699999999811e+00
-2.238659100000000013e+00
-2.090548899999999932e+00
-2.119787300000000041e+00
-2.365340300000000173e+00
-2.824737199999999948e+00
-3.171341400000000199e+00
-3.320463000000000164e+00
-3.279644199999999898e+00
-3.196340199999999854e+00
-3.250102200000000163e+00
-3.406040299999999910e+00
-3.739697599999999955e+00
-4.163827699999999687e+00
-4.355165200000000070e+00
-4.394670399999999866e+00
-4.423041300000000398e+00
-4.278507199999999955e+00
-4.383755999999999986e+00
-4.613307899999999684e+00
-4.506604399999999622e+00
-4.117901699999999998e+00
-3.665932000000000190e+00
-3.347254700000000138e+00
-3.173889099999999797e+00
-3.046593800000000130e+00
-2.889834399999999803e+00
-2.833215599999999945e+00
-2.891606400000000132e+00
-2.881275899999999890e+00
-2.742825600000000197e+00
-2.537146799999999924e+00
-2.049817399999999790e+00
-1.613334700000000010e+00
-1.415542599999999984e+00
-1.400059799999999965e+00
-1.453674200000000027e+00
-1.548524800000000035e+00
-1.536328600000000044e+00
-1.572357500000000075e+00
-1.539059900000000036e+00
-1.529618900000000004e+00
-1.646515500000000021e+00
-1.743977499999999958e+00
-1.709808199999999889e+00
-1.643346100000000032e+00
-1.661900799999999956e+00
-1.579017499999999963e+00
-1.391884799999999922e+00
-1.196699299999999910e+00
-1.315064900000000092e+00
-1.658010299999999937e+00
-2.010599099999999861e+00
-2.116325600000000140e+00
-1.910091100000000042e+00
-1.742847000000000035e+00
-1.455061399999999949e+00
-1.881731700000000007e+00
-3.248319500000000026e+00
-5.085091199999999922e+00
-6.327289999999999637e+00
-4.516294499999999879e+00
-2.418976900000000096e+00
-1.985683599999999993e+00
-2.180428299999999986e+00
-2.293969900000000006e+00
-2.192576900000000162e+00
-2.109662099999999985e+00
-2.462134900000000126e+00
-3.135624500000000037e+00
-3.615061199999999975e+00
-4.282700799999999752e+00
-4.512690799999999669e+00
-4.056524200000000135e+00
-3.379276899999999806e+00
-2.853531400000000051e+00
-2.461129300000000075e+00
-2.240240500000000079e+00
-2.333602099999999790e+00
-2.415105000000000057e+00
-2.366142599999999874e+00
-2.206538199999999783e+00
-2.095479300000000045e+00
-2.097186900000000076e+00
-2.176180200000000120e+00
-1.996873399999999910e+00
-1.777707699999999891e+00
-1.594762900000000094e+00
-1.416511400000000087e+00
-1.492775299999999916e+00
-1.436679899999999899e+00
-1.251505099999999926e+00
-1.226277300000000015e+00
-1.186644299999999985e+00
-1.242419399999999952e+00
-1.248466000000000076e+00
-1.128511899999999901e+00
-1.173205899999999913e+00
-1.545135399999999937e+00
-1.742092900000000055e+00
-1.933156899999999956e+00
