-2.150063700000000022e+00
-2.121801000000000048e+00
-2.102427800000000069e+00
-2.178726399999999952e+00
-2.254428599999999783e+00
-2.181589300000000176e+00
-2.064618700000000029e+00
-1.956178799999999995e+00
-1.823298499999999933e+00
-1.663514399999999949e+00
-1.677147699999999908e+00
-1.740997300000000081e+00
-1.749409599999999898e+00
-1.637502999999999931e+00
-1.600456799999999902e+00
-1.591731500000000077e+00
-1.585933299999999990e+00
-1.573550100000000063e+00
-1.565969399999999956e+00
-1.571375200000000083e+00
-1.678216799999999953e+00
-1.705778900000000098e+00
-1.806054499999999896e+00
-1.920514499999999902e+00
-2.064605999999999941e+00
-2.413298100000000002e+00
-2.667714500000000211e+00
-2.927219099999999852e+00
-3.008259400000000028e+00
-3.013762100000000110e+00
-2.834645399999999871e+00
-2.555711500000000136e+00
-2.210506500000000152e+00
-1.883882499999999904e+00
-1.733100599999999991e+00
-1.737576999999999927e+00
-1.785654099999999911e+00
-1.959227899999999911e+00
-2.118922099999999809e+00
-2.270582899999999960e+00
-2.353438300000000094e+00
-2.535040299999999913e+00
-2.738191399999999831e+00
-3.123469599999999957e+00
-3.565354800000000157e+00
-3.687578999999999940e+00
-3.903864000000000001e+00
-4.371763699999999808e+00
-4.622543199999999963e+00
-4.496164300000000225e+00
-4.446570699999999654e+00
-4.418880800000000164e+00
-4.745713699999999591e+00
-4.795096299999999978e+00
-4.468202299999999738e+00
-3.970300100000000221e+00
-3.511407499999999793e+00
-3.309312499999999879e+00
-3.105931899999999857e+00
-2.988223899999999933e+00
-2.828049399999999824e+00
-2.732673500000000200e+00
-2.604832299999999989e+00
-2.313920299999999930e+00
-2.284044999999999881e+00
-2.156041000000000096e+00
-1.981580700000000084e+00
-2.040380600000000211e+00
-1.917106100000000035e+00
-1.959051799999999899e+00
-1.808043800000000090e+00
-1.862802400000000080e+00
-1.959727999999999914e+00
-1.817316900000000013e+00
-1.741982799999999942e+00
-1.731336900000000067e+00
-1.682491699999999923e+00
-1.630350699999999931e+00
-1.617768099999999931e+00
-1.587099999999999955e+00
-1.379459900000000072e+00
-1.177746100000000018e+00
-1.052853100000000097e+00
-1.017567300000000063e+00
-1.038330699999999940e+00
-1.130199299999999907e+00
-1.546523799999999893e+00
-2.047820399999999985e+00
-2.405128599999999839e+00
-2.837828299999999970e+00
-3.404773599999999956e+00
-3.745976100000000031e+00
-3.379486800000000013e+00
-2.367318599999999940e+00
-1.380009999999999959e+00
-7.798499100000000350e-01
-5.513393300000000163e-01
-4.388282199999999911e-01
-8.236881099999999734e-01
-1.512768200000000007e+00
-2.496321599999999918e+00
-3.589133900000000210e+00
-4.794110100000000152e+00
-5.902715500000000226e+00
-6.337555199999999722e+00
-5.287331700000000190e+00
-3.953295499999999851e+00
-3.043856700000000082e+00
-2.718630500000000172e+00
-2.854139099999999818e+00
-3.268037099999999917e+00
-3.440128300000000028e+00
-3.494914800000000099e+00
-3.451117800000000013e+00
-3.357792400000000121e+00
-3.215860900000000022e+00
-2.980131399999999875e+00
-2.746252099999999974e+00
-2.511294299999999868e+00
-2.337475400000000203e+00
-2.325019499999999795e+00
-2.516686599999999885e+00
-2.493124599999999802e+00
-2.518220400000000136e+00
-2.487710799999999889e+00
-2.460355400000000081e+00
-2.491836399999999951e+00
-2.541530700000000031e+00
-2.384996500000000186e+00
-2.231344299999999947e+00
-2.015040700000000129e+00
-1.929154400000000047e+00
-1.815241899999999964e+00
-1.532761299999999993e+00
-1.303299100000000044e+00
-1.128514500000000087e+00
-1.043751499999999943e+00
-1.003820799999999958e+00
-9.820026699999999664e-01
-1.041750799999999977e+00
-9.865376599999999829e-01
-1.119830300000000056e+00
-1.394601999999999897e+00
-1.592486899999999928e+00
-1.886094099999999996e+00
-2.202994900000000200e+00
-2.354762200000000139e+00
-2.468643800000000166e+00
-2.722388000000000030e+00
-2.882914899999999836e+00
-2.760972999999999900e+00
-2.345772999999999886e+00
-1.984810699999999928e+00
-1.949458899999999995e+00
-2.221977499999999939e+00
-2.520886899999999819e+00
-2.699368999999999907e+00
-2.635152099999999997e+00
-2.722334800000000055e+00
-3.026382200000000022e+00
-3.414704500000000031e+00
-3.384815300000000082e+00
-3.423068199999999894e+00
-3.637684600000000046e+00
-3.824038700000000013e+00
-3.945245900000000194e+00
-4.162395599999999973e+00
-4.232555999999999763e+00
-4.353870099999999965e+00
-4.364560299999999948e+00
-4.089864399999999733e+00
-3.785273500000000180e+00
-3.396514799999999834e+00
-3.233070999999999806e+00
-2.945628800000000158e+00
-2.823280500000000082e+00
-2.659678099999999823e+00
-2.554501000000000133e+00
-2.498861799999999800e+00
-2.271044999999999980e+00
-1.872585600000000072e+00
-1.815467100000000000e+00
-1.696704800000000013e+00
-1.730290200000000000e+00
-1.681697699999999962e+00
-1.719810300000000014e+00
-1.711407300000000076e+00
-1.618810800000000105e+00
-1.570647600000000033e+00
-1.569897700000000063e+00
-1.556969000000000047e+00
-1.533846299999999996e+00
-1.503844399999999970e+00
-1.466281399999999957e+00
-1.344115500000000019e+00
-1.111473200000000050e+00
-8.370412900000000489e-01
-6.508135499999999629e-01
-5.414472000000000174e-01
-5.350613100000000122e-01
-9.977986599999999484e-01
-1.612146099999999915e+00
-2.194545800000000213e+00
-2.687905799999999790e+00
-3.294959599999999877e+00
-3.829892300000000027e+00
-3.316183800000000126e+00
-2.018380800000000086e+00
-9.255974700000000333e-01
-4.634178199999999803e-01
-1.228177599999999980e-01
-5.650317400000000323e-02
-3.937666400000000011e-01
-1.449148000000000103e+00
-2.692492300000000061e+00
-4.055339899999999886e+00
-5.262214000000000169e+00
-6.050507600000000430e+00
-5.435049499999999867e+00
-3.706470700000000118e+00
-2.640264800000000189e+00
-2.261928099999999997e+00
-2.283520000000000216e+00
-2.465698999999999863e+00
-2.663418200000000180e+00
-2.925315799999999911e+00
-3.268228199999999806e+00
-3.493261099999999786e+00
-3.531398400000000048e+00
-3.343208399999999969e+00
-3.154797499999999921e+00
-2.922955099999999806e+00
-2.742186699999999977e+00
-2.497431900000000038e+00
-2.343891600000000075e+00
-2.399071600000000082e+00
-2.466040299999999963e+00
-2.370446700000000018e+00
-2.228186200000000117e+00
-2.196397699999999897e+00
-2.103446400000000160e+00
-2.064428899999999789e+00
-1.995869799999999916e+00
-1.890802199999999988e+00
-1.861137999999999959e+00
-1.741216300000000050e+00
-1.744637500000000063e+00
-1.660149400000000108e+00
-1.603609700000000027e+00
-1.658899600000000030e+00
-1.563107599999999930e+00
-1.458376200000000011e+00
-1.365035599999999905e+00
-1.215610000000000079e+00
-1.217152500000000082e+00
-1.419641500000000001e+00
-1.582941799999999954e+00
-1.736131400000000102e+00
-2.121108099999999830e+00
-2.520791099999999840e+00
-2.699389800000000061e+00
-2.782192400000000010e+00
-2.717379999999999907e+00
-2.580233799999999800e+00
-2.384701499999999807e+00
-2.270534500000000122e+00
-2.416348699999999905e+00
-2.657268100000000022e+00
-2.981266399999999983e+00
-3.166873999999999967e+00
-3.132974899999999785e+00
-3.252226499999999909e+00
-3.529929600000000001e+00
-3.568367799999999868e+00
-3.393515100000000118e+00
-3.553413500000000003e+00
-3.975116799999999895e+00
-3.819659800000000160e+00
-3.869864000000000193e+00
-3.902509100000000064e+00
-4.109821499999999794e+00
-4.322503600000000112e+00
-4.216293199999999963e+00
-3.831150800000000078e+00
-3.420371900000000132e+00
-3.253927700000000200e+00
-3.309057199999999810e+00
-3.353741199999999978e+00
-3.323888000000000176e+00
-3.255717699999999937e+00
-3.158281699999999859e+00
-3.122622799999999810e+00
-2.817434500000000064e+00
-2.456888399999999972e+00
-2.169234900000000188e+00
-1.941806799999999944e+00
-1.822617200000000048e+00
-1.686185999999999963e+00
-1.670176899999999964e+00
-1.661006200000000099e+00
-1.590896800000000111e+00
-1.471465999999999941e+00
-1.387239000000000111e+00
-1.363839599999999930e+00
-1.472980100000000014e+00
-1.593919400000000097e+00
-1.663940999999999892e+00
-1.560674700000000081e+00
-1.319891200000000042e+00
-1.057695000000000052e+00
-7.600866099999999959e-01
-6.748936199999999719e-01
-8.427011100000000310e-01
-1.426743400000000106e+00
-1.845655800000000069e+00
-2.294586100000000073e+00
-2.965028900000000078e+00
-3.672626600000000074e+00
-3.982919700000000063e+00
-3.519040500000000016e+00
-2.460792200000000207e+00
-1.601184299999999894e+00
-1.071889899999999951e+00
-6.676389999999999825e-01
-6.026960599999999779e-01
-8.113125700000000107e-01
-1.125345599999999946e+00
-2.171079699999999946e+00
-3.637591700000000206e+00
-5.058547400000000138e+00
-5.853553699999999971e+00
-6.015298200000000151e+00
-4.870979799999999749e+00
-3.589721400000000173e+00
-2.754279599999999828e+00
-2.630693700000000135e+00
-2.987993299999999852e+00
-3.353892999999999791e+00
-3.498687700000000067e+00
-3.568123599999999840e+00
-3.450086300000000161e+00
-3.366554499999999894e+00
-3.213724399999999815e+00
-2.977077099999999810e+00
-2.890689500000000134e+00
-2.720008800000000004e+00
-2.544475999999999960e+00
-2.458200800000000186e+00
-2.435305500000000123e+00
-2.469233700000000198e+00
-2.496361199999999947e+00
-2.527086800000000189e+00
-2.510127199999999892e+00
-2.483077199999999873e+00
-2.360679600000000100e+00
-2.140293799999999802e+00
-1.937299300000000057e+00
-1.876186899999999991e+00
-1.774299199999999965e+00
-1.716842600000000107e+00
-1.687410899999999936e+00
-1.626337300000000097e+00
-1.560907899999999904e+00
-1.518483299999999980e+00
-1.520183199999999957e+00
-1.516305100000000072e+00
-1.473706500000000030e+00
-1.318642499999999940e+00
-1.222518100000000052e+00
-1.292674300000000054e+00
-1.470347599999999977e+00
-1.595438399999999923e+00
-1.715680700000000058e+00
-2.018721499999999835e+00
-2.185904400000000081e+00
-2.349524199999999841e+00
-2.483378099999999922e+00
-2.623557700000000104e+00
-2.555109400000000086e+00
-2.227667700000000028e+00
-1.901333399999999951e+00
-1.785395400000000077e+00
-1.905516999999999905e+00
-2.117544800000000116e+00
-2.359761400000000009e+00
-2.331831600000000115e+00
-2.281453899999999813e+00
-2.422666099999999823e+00
-2.608741499999999824e+00
-2.864501300000000139e+00
-2.869812500000000099e+00
-3.005023000000000000e+00
-3.352454100000000103e+00
-3.338228599999999879e+00
-3.451569300000000062e+00
-3.645372699999999799e+00
-3.905947400000000069e+00
-4.162995399999999790e+00
-4.241151799999999916e+00
-3.963734000000000091e+00
-3.533278399999999930e+00
-3.132514599999999927e+00
-2.989424200000000198e+00
-2.957540299999999789e+00
-2.997211599999999976e+00
-2.905251100000000086e+00
-2.728918699999999919e+00
-2.614646800000000049e+00
-2.453964000000000034e+00
-2.143270499999999856e+00
-1.917897900000000044e+00
-1.695829999999999949e+00
-1.597863699999999998e+00
-1.484249900000000011e+00
-1.351189799999999996e+00
-1.543104000000000031e+00
-1.462189500000000031e+00
-1.385127400000000009e+00
-1.325353100000000062e+00
-1.262462900000000054e+00
-1.264755899999999933e+00
-1.201657900000000057e+00
-1.203496899999999981e+00
-1.194879800000000047e+00
-1.137203900000000045e+00
-1.039583399999999935e+00
-8.446690999999999505e-01
-7.331113299999999500e-01
-6.823681900000000411e-01
-7.533312300000000183e-01
-1.074588199999999993e+00
-1.683909899999999960e+00
-2.018565399999999954e+00
-2.289000500000000216e+00
-2.823521599999999854e+00
-3.114106599999999947e+00
-3.027729299999999846e+00
-2.322310599999999781e+00
-1.427622200000000063e+00
-9.344727900000000531e-01
-6.846346199999999715e-01
-9.430482599999999715e-01
-1.696960599999999930e+00
-2.075194199999999878e+00
-2.428527100000000161e+00
-3.367957699999999832e+00
-4.736245699999999559e+00
-5.441034499999999774e+00
-5.288493700000000075e+00
-4.390822899999999862e+00
-3.364855899999999789e+00
-2.661704700000000035e+00
-2.556145499999999959e+00
-2.816703299999999910e+00
-3.098501800000000195e+00
-3.241336700000000182e+00
-3.291227899999999984e+00
-3.219465299999999974e+00
-3.030403399999999969e+00
-2.940795000000000048e+00
-2.884134200000000092e+00
-2.832476799999999795e+00
-2.690824000000000105e+00
-2.568393599999999832e+00
-2.680363900000000132e+00
-2.656178900000000009e+00
-2.599715600000000126e+00
-2.654169000000000000e+00
-2.600335400000000075e+00
-2.564032000000000089e+00
-2.492000800000000016e+00
-2.373935299999999859e+00
-2.383743400000000179e+00
-2.237504400000000171e+00
-2.094650999999999819e+00
-1.879302100000000086e+00
-1.728993500000000072e+00
-1.659896999999999956e+00
-1.611064400000000063e+00
-1.574470299999999989e+00
-1.486907999999999896e+00
-1.469264099999999962e+00
-1.442192300000000094e+00
-1.360950199999999999e+00
-1.214736199999999933e+00
-1.170390599999999948e+00
-1.213849100000000014e+00
-1.236854200000000015e+00
-1.417515599999999987e+00
-1.867849400000000104e+00
-2.226218100000000089e+00
-2.541649099999999883e+00
-2.696034000000000042e+00
-2.883145999999999987e+00
-2.809210300000000160e+00
-2.567575199999999835e+00
-2.161453299999999800e+00
-1.985791400000000095e+00
-2.105502599999999891e+00
-2.428323400000000021e+00
-2.763906799999999997e+00
-2.921005500000000144e+00
-2.935481799999999808e+00
-2.949469600000000025e+00
-2.926825700000000197e+00
-3.072558900000000204e+00
-3.192879800000000046e+00
-3.453840200000000138e+00
-3.821764100000000219e+00
-4.050713599999999914e+00
-4.228673299999999635e+00
-4.290920200000000406e+00
-4.348699400000000104e+00
-4.661526300000000234e+00
-4.754442700000000244e+00
-4.492639200000000166e+00
-4.023065500000000405e+00
-3.618483599999999800e+00
-3.367128500000000191e+00
-3.341160299999999861e+00
-3.408354399999999895e+00
-3.434488500000000055e+00
-3.469475399999999876e+00
-3.294295299999999926e+00
-2.982771500000000131e+00
-2.748818800000000007e+00
-2.366814999999999891e+00
-2.030029799999999884e+00
-1.814299499999999954e+00
-1.695185699999999906e+00
-1.722350599999999954e+00
-1.776266499999999970e+00
-1.726628199999999946e+00
-1.694963299999999951e+00
-1.571090499999999945e+00
-1.420028599999999974e+00
-1.326646100000000050e+00
-1.234569500000000097e+00
-1.225034699999999921e+00
-1.179354800000000036e+00
-1.065842699999999921e+00
-9.567739499999999842e-01
-8.799985599999999852e-01
-7.946194100000000260e-01
-7.769217800000000063e-01
-1.109093799999999908e+00
-1.787212400000000034e+00
-2.267436700000000194e+00
-2.796841699999999875e+00
-3.721451500000000134e+00
-4.373419700000000354e+00
-3.928458500000000075e+00
-2.559566199999999903e+00
-1.264837200000000106e+00
-5.160774999999999668e-01
-3.332813299999999868e-01
-4.580179600000000018e-01
-7.379700399999999938e-01
-1.152094699999999916e+00
-1.568366699999999891e+00
-2.489070400000000127e+00
-3.887490099999999948e+00
-4.936675799999999725e+00
-5.554230900000000304e+00
-5.229578599999999966e+00
-3.951914400000000160e+00
-2.923949100000000190e+00
-2.672556300000000107e+00
-2.863002199999999942e+00
-2.857163299999999850e+00
-2.876668800000000026e+00
-2.740558699999999792e+00
-2.543734600000000068e+00
-2.369981399999999905e+00
-2.423283200000000193e+00
-2.256623799999999846e+00
-2.173459900000000111e+00
-1.966171099999999949e+00
-1.839618999999999893e+00
-1.855898400000000059e+00
-1.865647199999999950e+00
-1.970221400000000012e+00
-2.131655400000000089e+00
-2.250617699999999832e+00
-2.367678900000000031e+00
-2.375210800000000066e+00
-2.312120800000000198e+00
-2.180133800000000122e+00
-2.088633100000000020e+00
-1.972018999999999966e+00
-1.935943200000000086e+00
-1.841061800000000082e+00
-1.813245500000000066e+00
-1.681625399999999937e+00
-1.656540600000000030e+00
-1.555721600000000038e+00
-1.567784899999999926e+00
-1.452421500000000032e+00
-1.355322899999999997e+00
-1.245041099999999901e+00
-1.132437499999999986e+00
-1.121757899999999974e+00
-1.309397700000000109e+00
-1.436443200000000031e+00
-1.785036000000000067e+00
-2.236713799999999974e+00
-2.592665100000000056e+00
-2.596813500000000108e+00
-2.752635100000000001e+00
-2.708401400000000070e+00
-2.529647199999999874e+00
-2.328171699999999955e+00
-2.168025300000000044e+00
-2.224601600000000179e+00
-2.483822500000000044e+00
-2.636434400000000178e+00
-2.656256500000000020e+00
-2.524691300000000194e+00
-2.521945399999999893e+00
-2.686437199999999859e+00
-3.152982699999999916e+00
-3.368542500000000217e+00
-3.534006100000000039e+00
-3.763843500000000120e+00
-3.727089799999999897e+00
-3.789661499999999794e+00
-3.894130699999999834e+00
-4.132691999999999588e+00
-4.495700799999999830e+00
-4.584110700000000094e+00
-4.266393599999999786e+00
-3.922186299999999903e+00
-3.574849099999999780e+00
-3.338564199999999982e+00
-3.234101400000000126e+00
-3.200426900000000074e+00
-3.051268499999999939e+00
-2.942248100000000033e+00
-2.780172600000000216e+00
-2.580972099999999880e+00
-2.334158500000000025e+00
-2.043799400000000155e+00
-1.752107800000000104e+00
-1.561232500000000023e+00
-1.532289800000000035e+00
-1.468391400000000013e+00
-1.488775600000000088e+00
-1.453680700000000048e+00
-1.386141700000000032e+00
-1.307210800000000006e+00
-1.259118299999999913e+00
-1.231699700000000064e+00
-1.244353100000000101e+00
-1.275178099999999981e+00
-1.189531399999999906e+00
-9.891244099999999539e-01
-8.390925799999999768e-01
-6.905636099999999944e-01
-6.760424499999999615e-01
-8.678178899999999807e-01
-1.281454599999999999e+00
-1.754645900000000092e+00
-2.151948099999999808e+00
-2.743806999999999885e+00
-3.294719000000000175e+00
-3.739621500000000154e+00
-3.515726900000000210e+00
-2.539637700000000109e+00
-1.418110500000000052e+00
-5.715755900000000223e-01
-1.871146599999999882e-01
-8.207883600000000224e-02
-4.809973599999999849e-01
-1.072095199999999915e+00
-1.356241899999999889e+00
-2.212753399999999981e+00
-3.717187800000000042e+00
-5.452016999999999669e+00
-6.091266599999999976e+00
-5.007756500000000166e+00
-3.444091699999999978e+00
-2.478796099999999836e+00
-1.945099600000000040e+00
-2.077222499999999972e+00
-2.525119999999999809e+00
-3.011842399999999920e+00
-3.241860899999999823e+00
-3.295774499999999829e+00
-3.188476000000000088e+00
-3.101383300000000176e+00
-2.863670100000000218e+00
-2.525894899999999943e+00
-2.381315400000000082e+00
-2.254193499999999961e+00
-2.038254799999999811e+00
-1.895128499999999994e+00
-1.961389999999999967e+00
-2.024273099999999825e+00
-2.158047299999999780e+00
-2.251740100000000133e+00
-2.201183400000000123e+00
-2.119402200000000125e+00
-1.997923200000000010e+00
-1.872257899999999919e+00
-1.677840199999999893e+00
-1.606874899999999995e+00
-1.450864399999999943e+00
-1.310556000000000054e+00
-1.333226000000000022e+00
-1.153704199999999958e+00
-1.038310800000000089e+00
-9.926280299999999945e-01
-1.049560000000000048e+00
-1.123836300000000010e+00
-1.074662400000000018e+00
-9.651875800000000449e-01
-1.025776299999999974e+00
-1.260197800000000035e+00
-1.493718300000000054e+00
-1.788352699999999906e+00
-2.239153799999999972e+00
-2.507724300000000017e+00
-2.591708699999999865e+00
-2.654284200000000205e+00
-2.644801100000000016e+00
-2.320285199999999826e+00
-2.046165699999999976e+00
-2.088539700000000110e+00
-2.515551499999999940e+00
-2.844518599999999786e+00
-3.118095100000000119e+00
-3.082067900000000193e+00
-2.960986399999999907e+00
-3.178824000000000094e+00
-3.253634299999999868e+00
-2.978389099999999790e+00
-3.232091200000000164e+00
-3.757788199999999801e+00
-3.895625599999999800e+00
-3.933478200000000147e+00
-4.078767000000000031e+00
-4.422584800000000094e+00
-4.761902199999999752e+00
-4.741548800000000341e+00
-4.339262500000000244e+00
-3.890243299999999849e+00
-3.518199000000000076e+00
-3.334714899999999815e+00
-3.311324700000000121e+00
-3.285493600000000125e+00
-3.207136399999999998e+00
-3.029778299999999813e+00
-2.897814799999999913e+00
-2.731245799999999946e+00
-2.370483500000000188e+00
-1.997519899999999904e+00
-1.754650599999999949e+00
-1.522937299999999938e+00
-1.452615599999999896e+00
-1.364894999999999969e+00
-1.390794300000000039e+00
-1.365394500000000066e+00
-1.360584800000000039e+00
-1.372139299999999951e+00
-1.280344300000000102e+00
-1.286796899999999910e+00
-1.369898800000000083e+00
-1.354450900000000013e+00
-1.276478699999999966e+00
-1.050041500000000072e+00
-8.970651600000000281e-01
-6.389251200000000130e-01
-4.945779900000000229e-01
-7.353161400000000070e-01
-1.181894400000000012e+00
-1.566127800000000070e+00
-2.245943200000000139e+00
-3.066372400000000109e+00
-3.739161300000000132e+00
-3.889662099999999789e+00
-3.081516300000000097e+00
-1.840058699999999936e+00
-9.527156700000000145e-01
-3.736481199999999725e-01
-4.947249499999999828e-02
-1.282108200000000031e-01
-5.312487399999999971e-01
-1.372933500000000029e+00
-2.039232099999999992e+00
-3.146908900000000120e+00
-5.032402000000000264e+00
-6.491589499999999902e+00
-6.687505500000000325e+00
-5.843543699999999674e+00
-4.350853500000000373e+00
-3.355402000000000218e+00
-3.178027499999999783e+00
-3.390441000000000038e+00
-3.432900699999999805e+00
-3.357495800000000141e+00
-3.187408000000000019e+00
-3.181706099999999982e+00
-3.323708100000000165e+00
-3.239693400000000167e+00
-3.239016900000000199e+00
-3.172640200000000021e+00
-2.877893499999999882e+00
-2.617913399999999946e+00
-2.512570100000000028e+00
-2.576002799999999926e+00
-2.604738799999999799e+00
-2.584739100000000178e+00
-2.573250300000000212e+00
-2.540412200000000009e+00
-2.356940600000000163e+00
-2.295492900000000169e+00
-2.121522199999999803e+00
-1.946272000000000002e+00
-1.790024800000000083e+00
-1.751348899999999986e+00
-1.635428199999999999e+00
-1.407594800000000035e+00
-1.203024000000000093e+00
-1.206514400000000098e+00
-1.082797400000000021e+00
-1.054819900000000032e+00
-1.027335099999999946e+00
-9.315167699999999940e-01
-1.002674300000000018e+00
-1.190917699999999968e+00
-1.441348400000000085e+00
-1.652707300000000101e+00
-2.030222300000000146e+00
-2.426359000000000155e+00
-2.632286500000000196e+00
-2.657855599999999985e+00
-2.732533399999999890e+00
-2.654051200000000055e+00
-2.471697199999999928e+00
-2.403015700000000088e+00
-2.650709500000000052e+00
-2.885025600000000079e+00
-3.262789399999999951e+00
-3.486508900000000022e+00
-3.536377900000000185e+00
-3.737425800000000020e+00
-3.899954399999999932e+00
-3.637748699999999946e+00
-3.604080000000000172e+00
-3.866945700000000041e+00
-3.737226900000000018e+00
-3.580275700000000061e+00
-3.736812000000000022e+00
-3.884468599999999938e+00
-4.094596899999999984e+00
-4.334026500000000226e+00
-4.341516200000000048e+00
-4.003697599999999746e+00
-3.502012199999999797e+00
-3.264883499999999827e+00
-3.059464300000000136e+00
-3.091216000000000186e+00
-3.268553999999999959e+00
-3.219398700000000169e+00
-3.221626099999999937e+00
-2.951666499999999971e+00
-2.631050000000000111e+00
-2.427238800000000030e+00
-2.166100699999999879e+00
-2.037786200000000214e+00
-1.918400499999999953e+00
-1.794436200000000037e+00
-1.885584200000000044e+00
-1.941074299999999919e+00
-1.950955699999999959e+00
-1.953052100000000069e+00
-1.854871099999999995e+00
-1.803187400000000107e+00
-1.834370099999999892e+00
-1.845872299999999910e+00
-1.699346199999999918e+00
-1.545257700000000067e+00
-1.431356599999999979e+00
-1.268479899999999994e+00
-9.975706699999999927e-01
-9.230586200000000519e-01
-1.106802499999999911e+00
-1.295354099999999953e+00
-1.609889499999999973e+00
-1.993916699999999986e+00
-2.505867700000000031e+00
-3.125868999999999787e+00
-3.205696500000000171e+00
-2.581188899999999897e+00
-1.474179300000000081e+00
-4.902235999999999816e-01
-2.420785099999999898e-02
-3.423238699999999746e-01
-1.196608899999999975e+00
-1.872866099999999978e+00
-2.342582900000000024e+00
-3.554205699999999801e+00
-5.249081200000000003e+00
-6.083433499999999938e+00
-5.914692699999999803e+00
-5.035551299999999841e+00
-3.640217600000000164e+00
-2.742310600000000154e+00
-2.832223200000000052e+00
-3.141361799999999871e+00
-3.332205000000000084e+00
-3.456800100000000153e+00
-3.560541699999999921e+00
-3.455237299999999845e+00
-3.412524299999999844e+00
-3.291719300000000015e+00
-3.170855299999999932e+00
-2.963284900000000111e+00
-2.688479800000000086e+00
-2.535752299999999959e+00
-2.519854099999999875e+00
-2.540065600000000146e+00
-2.577998200000000129e+00
-2.599350700000000014e+00
-2.663044800000000212e+00
-2.564967300000000172e+00
-2.322083199999999792e+00
-2.228268900000000219e+00
-2.228978399999999915e+00
-2.057556200000000057e+00
-1.954513699999999909e+00
-1.899280700000000044e+00
-1.776807299999999978e+00
-1.630373499999999920e+00
-1.473154800000000098e+00
-1.353850500000000068e+00
-1.387791100000000055e+00
-1.340576100000000048e+00
-1.267744699999999947e+00
-1.104166600000000109e+00
-1.072235300000000002e+00
-1.148143099999999972e+00
-1.293969200000000042e+00
-1.382846599999999926e+00
-1.486089500000000063e+00
-1.861144799999999933e+00
-2.316239599999999843e+00
-2.399864599999999903e+00
-2.385936800000000080e+00
-2.346467599999999987e+00
-2.270618799999999826e+00
-2.183778100000000055e+00
-2.226411999999999836e+00
-2.361974000000000018e+00
-2.539783299999999855e+00
-2.575445600000000113e+00
-2.473212999999999884e+00
-2.356295900000000110e+00
-2.460282100000000138e+00
-2.856927300000000169e+00
-3.075607100000000038e+00
-3.270962100000000206e+00
-3.457253600000000038e+00
-3.424101999999999979e+00
-3.648761899999999780e+00
-4.077366800000000069e+00
-4.570732900000000321e+00
-5.160559000000000118e+00
-5.370737799999999673e+00
-4.945883600000000158e+00
-4.343550099999999858e+00
-3.816268200000000110e+00
-3.473004299999999933e+00
-3.315363399999999849e+00
-3.267178299999999869e+00
-3.237057800000000096e+00
-3.043258699999999983e+00
-2.813567299999999882e+00
-2.549805500000000169e+00
-2.266687099999999955e+00
-1.938161199999999917e+00
-1.696593100000000076e+00
-1.335516300000000101e+00
-1.303390499999999896e+00
-1.224104000000000081e+00
-1.332118200000000030e+00
-1.437641299999999900e+00
-1.541352899999999915e+00
-1.568258200000000047e+00
-1.427863499999999952e+00
-1.386222000000000065e+00
-1.314755899999999977e+00
-1.271070600000000050e+00
-1.198424900000000015e+00
-1.043248699999999918e+00
-8.693543799999999822e-01
-6.821026399999999823e-01
-5.318277999999999617e-01
-5.562430600000000114e-01
-8.830106399999999578e-01
-1.281795100000000076e+00
-1.777794199999999991e+00
-2.218291600000000141e+00
-2.812344799999999978e+00
-3.660820900000000044e+00
-4.034431399999999890e+00
-3.413705100000000048e+00
-2.108344699999999960e+00
-1.023947600000000069e+00
-3.196023800000000192e-01
4.954458999999999946e-02
-3.407794199999999996e-01
-1.093603000000000103e+00
-1.527034699999999967e+00
-2.089876100000000125e+00
-3.439496000000000109e+00
-4.801023100000000099e+00
-4.677905899999999839e+00
-4.363766499999999660e+00
-4.045964299999999625e+00
-3.356194499999999969e+00
-2.514474100000000156e+00
-2.448234199999999916e+00
-2.877461999999999964e+00
-3.386678799999999878e+00
-3.755302799999999941e+00
-3.870865999999999918e+00
-3.683531100000000169e+00
-3.356291099999999972e+00
-2.981538399999999811e+00
-2.602854900000000082e+00
-2.393784600000000040e+00
-2.335090600000000016e+00
-2.305539399999999794e+00
-2.327551999999999843e+00
-2.368477200000000060e+00
-2.482019800000000220e+00
-2.571661900000000056e+00
-2.632637299999999847e+00
-2.638939199999999818e+00
-2.576821199999999923e+00
-2.431967000000000212e+00
-2.310427300000000184e+00
-2.193101299999999920e+00
-1.979023800000000000e+00
-1.935941099999999970e+00
-1.792161300000000068e+00
-1.615255799999999908e+00
-1.538658899999999941e+00
-1.447424999999999962e+00
-1.359022799999999975e+00
-1.332900799999999997e+00
-1.163513000000000019e+00
-9.107678999999999636e-01
-7.698804599999999887e-01
-7.258093300000000303e-01
-8.356666200000000266e-01
-1.073568000000000078e+00
-1.603292799999999962e+00
-2.012281900000000068e+00
-2.137818699999999961e+00
-2.195031399999999966e+00
-2.243384700000000009e+00
-2.304240099999999902e+00
-2.241973600000000122e+00
-2.230222599999999833e+00
-2.777658600000000089e+00
-3.271136600000000172e+00
-3.418989600000000184e+00
-3.386142700000000172e+00
-3.433973200000000059e+00
-3.485507699999999875e+00
-3.506697400000000187e+00
-3.213668800000000214e+00
-3.013427500000000148e+00
-3.192883600000000044e+00
-3.461744899999999792e+00
-3.818784400000000190e+00
-4.053998100000000271e+00
-4.410714500000000093e+00
-4.716756000000000171e+00
-4.580871700000000324e+00
-3.983636399999999966e+00
-3.360544700000000162e+00
-3.006335200000000096e+00
-3.002915400000000012e+00
-3.211713299999999993e+00
-3.480125199999999808e+00
-3.417536699999999872e+00
-3.041420899999999872e+00
-2.783027800000000163e+00
-2.548286500000000121e+00
-2.316790899999999986e+00
-2.015816399999999842e+00
-1.789979500000000057e+00
-1.590591700000000053e+00
-1.524806099999999942e+00
-1.467102300000000081e+00
-1.457027599999999978e+00
-1.530804199999999948e+00
-1.536879899999999965e+00
-1.448132699999999939e+00
-1.354873299999999947e+00
-1.285960500000000062e+00
-1.269708700000000023e+00
-1.247704200000000041e+00
-1.218135100000000026e+00
-1.078732599999999930e+00
-9.044536499999999979e-01
-7.396582600000000118e-01
-6.562812000000000090e-01
-7.139069700000000296e-01
-1.112907099999999927e+00
-1.565979000000000010e+00
-1.906880200000000025e+00
-2.339173900000000028e+00
-3.086586699999999794e+00
-3.752600099999999994e+00
-3.766921700000000151e+00
-2.707836599999999816e+00
-1.458211399999999935e+00
-6.779924899999999477e-01
-3.119353400000000054e-01
-1.058267199999999991e-01
-2.598870400000000136e-01
-7.024973399999999701e-01
-1.868488499999999997e+00
-3.741782800000000186e+00
-5.627923400000000242e+00
-6.475276400000000265e+00
-6.001803200000000338e+00
-4.732201200000000441e+00
-3.262134200000000206e+00
-2.345908399999999894e+00
-2.455550899999999981e+00
-2.646554099999999909e+00
-2.864754299999999976e+00
-3.049005999999999883e+00
-3.237813899999999911e+00
-3.392897399999999841e+00
-3.410677999999999876e+00
-3.241093100000000060e+00
-3.063561099999999815e+00
-2.850098099999999857e+00
-2.619979600000000186e+00
-2.443834999999999980e+00
-2.329830999999999985e+00
-2.309703400000000073e+00
-2.503255600000000136e+00
-2.705105699999999835e+00
-2.674025799999999897e+00
-2.490429600000000132e+00
-2.213934399999999858e+00
-2.019481100000000140e+00
-1.909384200000000087e+00
-1.721651199999999937e+00
-1.763935899999999890e+00
-1.714169599999999960e+00
-1.465846999999999900e+00
-1.420503000000000071e+00
-1.279754099999999895e+00
-1.163203399999999998e+00
-1.034463099999999969e+00
-9.323966900000000280e-01
-9.189720799999999690e-01
-9.501384099999999888e-01
-9.991163600000000367e-01
-1.121170699999999965e+00
-1.455092000000000052e+00
-1.988518699999999972e+00
-2.454093999999999998e+00
-2.648362500000000175e+00
-2.728419500000000220e+00
-2.876880700000000068e+00
-2.741170499999999954e+00
-2.444295799999999907e+00
-2.262220399999999909e+00
-2.364650800000000164e+00
-2.834996299999999803e+00
-3.582322800000000029e+00
-4.092197200000000201e+00
-4.224359999999999893e+00
-4.346614200000000316e+00
-3.837581800000000154e+00
-3.546540699999999990e+00
-3.761197199999999796e+00
-4.015425200000000139e+00
-4.131536399999999887e+00
-4.371761300000000183e+00
-4.629386300000000176e+00
-4.961775399999999614e+00
-5.090085900000000052e+00
-4.769969900000000429e+00
-4.109342599999999734e+00
-3.566541099999999798e+00
-3.443199200000000015e+00
-3.378719499999999876e+00
-3.461894200000000144e+00
-3.500094199999999933e+00
-3.358064000000000160e+00
-3.116955200000000037e+00
-2.802399400000000096e+00
-2.429088899999999995e+00
-1.972846499999999947e+00
-1.632794000000000079e+00
-1.535866399999999965e+00
-1.500007199999999985e+00
-1.511274599999999912e+00
-1.578981299999999921e+00
-1.707490200000000069e+00
-1.790857600000000049e+00
-1.721670299999999987e+00
-1.709666399999999920e+00
-1.612511500000000098e+00
-1.645647099999999918e+00
-1.739822399999999991e+00
-1.715220299999999920e+00
-1.600133100000000086e+00
-1.397042099999999953e+00
-1.226820199999999916e+00
-1.105190200000000011e+00
-9.816971599999999576e-01
-1.169610700000000003e+00
-1.415306900000000034e+00
-1.592148600000000025e+00
-2.067047099999999915e+00
-2.507098800000000072e+00
-3.105783900000000042e+00
-3.544078900000000143e+00
-3.412345900000000043e+00
-2.515581599999999973e+00
-1.422915699999999894e+00
-4.874340400000000129e-01
2.783411199999999974e-01
5.401963699999999813e-01
2.475051100000000004e-01
-5.977771600000000296e-01
-1.804946500000000009e+00
-2.899954199999999815e+00
-4.079020800000000335e+00
-5.527922600000000131e+00
-7.015085299999999968e+00
-7.255852400000000202e+00
-5.550699200000000388e+00
-3.574974399999999886e+00
-2.681384800000000013e+00
-2.779195399999999871e+00
-3.242986999999999842e+00
-3.435886399999999785e+00
-3.361108399999999996e+00
-3.571553499999999826e+00
-3.804521300000000217e+00
-3.965336499999999820e+00
-3.863103000000000176e+00
-3.556817699999999860e+00
-3.061809900000000084e+00
-2.734990199999999927e+00
-2.437481800000000032e+00
-2.311301299999999781e+00
-2.296132000000000062e+00
-2.329403199999999785e+00
-2.353656400000000204e+00
-2.428159899999999816e+00
-2.293057800000000146e+00
-2.039894700000000061e+00
-2.121530400000000149e+00
-2.068448500000000134e+00
-1.852549299999999954e+00
-1.538014999999999910e+00
-1.326745899999999923e+00
-1.276457600000000081e+00
-1.190397699999999892e+00
-1.096951400000000021e+00
-1.008252600000000054e+00
-1.107236000000000109e+00
-1.123615199999999925e+00
-1.019817900000000055e+00
-8.915737799999999824e-01
-5.964517200000000186e-01
-4.480114499999999778e-01
-4.861541899999999861e-01
-6.304853999999999736e-01
-1.032939300000000005e+00
-1.440509999999999957e+00
-1.773519400000000079e+00
-1.973077600000000098e+00
-2.268765000000000143e+00
-2.559638500000000150e+00
-2.820463999999999860e+00
-2.894526799999999955e+00
-2.680560100000000112e+00
-2.626011899999999955e+00
-2.602133499999999877e+00
-2.752800500000000206e+00
-2.886314699999999789e+00
-2.780238399999999999e+00
-2.845092199999999849e+00
-3.192613900000000005e+00
-3.534880100000000080e+00
-3.466763700000000004e+00
-3.715732299999999988e+00
-3.744259299999999957e+00
-3.555867399999999900e+00
-3.622890799999999967e+00
-3.803884000000000043e+00
-4.202940299999999851e+00
-4.516589999999999883e+00
-4.224432600000000093e+00
-3.621600200000000047e+00
-3.073602300000000120e+00
-2.751905900000000127e+00
-2.755859899999999918e+00
-2.818330000000000002e+00
-2.881987000000000076e+00
-2.983675600000000205e+00
-2.950647500000000090e+00
-2.660527099999999923e+00
-2.463073599999999974e+00
-2.299806300000000192e+00
-2.028824699999999925e+00
-1.688028800000000107e+00
-1.492243500000000056e+00
-1.513368700000000011e+00
-1.477090800000000037e+00
-1.453151099999999918e+00
-1.375254100000000035e+00
-1.286241299999999921e+00
-1.145726800000000045e+00
-1.044951200000000080e+00
-9.433589799999999581e-01
-8.508570100000000247e-01
-6.921802900000000314e-01
-5.407107399999999675e-01
-3.207033899999999771e-01
-1.263213499999999989e-01
5.532848600000000137e-03
3.781475000000000114e-02
-2.812764099999999767e-01
-1.082549800000000007e+00
-1.592658799999999930e+00
-2.515394899999999989e+00
-3.624626000000000126e+00
-3.783194200000000063e+00
-2.869885800000000042e+00
-1.791648600000000036e+00
-1.086619900000000083e+00
-9.211099600000000054e-01
-9.573115500000000111e-01
-8.382209600000000149e-01
-1.573261599999999927e+00
-3.578574199999999816e+00
-5.378804599999999603e+00
-5.779585700000000159e+00
-4.751918700000000051e+00
-3.359050100000000150e+00
-2.477597600000000178e+00
-1.641160600000000080e+00
-1.534334099999999923e+00
-1.994461100000000098e+00
-2.344273799999999852e+00
-2.977604700000000104e+00
-3.453035400000000088e+00
-3.649221299999999779e+00
-3.460050600000000198e+00
-3.076215100000000202e+00
-2.639129200000000175e+00
-2.387157900000000055e+00
-2.280615300000000012e+00
-2.008967000000000169e+00
-1.936801900000000076e+00
-1.985149400000000064e+00
-2.101006899999999789e+00
-2.251570000000000071e+00
-2.201087100000000074e+00
-2.108713100000000118e+00
-2.000016200000000133e+00
-1.977586800000000089e+00
-1.801779800000000042e+00
-1.560346999999999928e+00
-1.361189699999999947e+00
-1.316796599999999984e+00
-1.375431999999999988e+00
-1.418354499999999963e+00
-1.407607599999999959e+00
-1.387704100000000107e+00
-1.342662900000000104e+00
-1.285912100000000002e+00
-1.289260199999999967e+00
-1.137263399999999924e+00
-1.045992400000000044e+00
-1.082582699999999898e+00
-1.197265699999999988e+00
-1.341876300000000022e+00
-1.679184000000000010e+00
-1.926500300000000054e+00
-2.116901200000000038e+00
-2.360042899999999833e+00
-2.600924899999999873e+00
-2.702679999999999971e+00
-2.443741699999999906e+00
-1.960658100000000070e+00
-1.827106399999999908e+00
-1.861741899999999950e+00
-2.094043899999999958e+00
-2.489221600000000034e+00
-2.817189400000000177e+00
-3.001053000000000193e+00
-3.003393599999999886e+00
-2.945567000000000046e+00
-2.933005099999999921e+00
-3.101319399999999948e+00
-3.414077199999999923e+00
-3.855385899999999921e+00
-4.030762099999999570e+00
-4.136808300000000216e+00
-4.209592899999999638e+00
-4.035945700000000080e+00
-4.266882800000000309e+00
-4.554531899999999744e+00
-4.453831100000000376e+00
-4.081123599999999740e+00
-3.587401400000000073e+00
-3.252403000000000155e+00
-3.106337400000000137e+00
-2.966435099999999991e+00
-2.792414700000000138e+00
-2.808045599999999808e+00
-2.837986599999999804e+00
-2.909579100000000196e+00
-2.732008599999999898e+00
-2.527964499999999948e+00
-2.027700799999999859e+00
-1.536674400000000107e+00
-1.292733499999999980e+00
-1.322012399999999976e+00
-1.492749300000000057e+00
-1.580848500000000101e+00
-1.675961299999999987e+00
-1.738352499999999967e+00
-1.740647800000000078e+00
-1.729086600000000029e+00
-1.820051099999999922e+00
-1.962361199999999917e+00
-1.996302900000000102e+00
-1.893159599999999942e+00
-1.915867399999999998e+00
-1.845709800000000067e+00
-1.641992799999999919e+00
-1.401585499999999929e+00
-1.486095399999999955e+00
-1.875925999999999982e+00
-2.315551800000000160e+00
-2.368883100000000130e+00
-2.124009599999999942e+00
-1.920787199999999917e+00
-1.682608399999999893e+00
-2.098507199999999795e+00
-3.470995700000000017e+00
-5.298992799999999725e+00
-6.455493999999999843e+00
-4.697359399999999852e+00
-2.620080600000000093e+00
-2.186681999999999793e+00
-2.474239999999999995e+00
-2.621215900000000154e+00
-2.465617200000000064e+00
-2.312329800000000102e+00
-2.718722300000000036e+00
-3.280970200000000059e+00
-3.760573899999999803e+00
-4.459056000000000353e+00
-4.722947300000000403e+00
-4.399227500000000290e+00
-3.752934699999999957e+00
-3.149690300000000054e+00
-2.827741099999999896e+00
-2.629077999999999804e+00
-2.758408300000000146e+00
-2.864162900000000178e+00
-2.726278000000000201e+00
-2.625148600000000165e+00
-2.467913300000000199e+00
-2.471775000000000055e+00
-2.509982299999999888e+00
-2.440274300000000007e+00
-2.166987400000000008e+00
-1.953019499999999908e+00
-1.830245499999999970e+00
-1.864641699999999958e+00
-1.795599699999999910e+00
-1.648901500000000020e+00
-1.637023099999999953e+00
-1.659241399999999977e+00
-1.655545000000000044e+00
-1.664900100000000105e+00
-1.644951199999999947e+00
-1.786703399999999942e+00
-2.148086900000000021e+00
-2.352933900000000023e+00
-2.538398200000000049e+00
-2.795874200000000087e+00
-3.182699299999999898e+00
-3.768282899999999991e+00
-4.481101800000000246e+00
-4.817441800000000107e+00
-4.922391300000000136e+00
-4.763981900000000103e+00
-4.594360499999999625e+00
-4.812132199999999749e+00
-5.503630900000000103e+00
-6.153544100000000405e+00
-6.161579999999999835e+00
-5.819353000000000442e+00
-5.418947099999999573e+00
-5.049663999999999930e+00
-4.408210799999999985e+00
-3.923425700000000127e+00
-3.619241800000000175e+00
-3.248662799999999962e+00
-3.129113100000000092e+00
-3.078785700000000070e+00
-3.296953999999999940e+00
-3.434176599999999802e+00
-3.445904300000000031e+00
-3.332209800000000222e+00
-3.132034800000000008e+00
-2.832661700000000060e+00
-2.873078899999999880e+00
-2.728661100000000062e+00
-2.639041000000000192e+00
-2.691867799999999811e+00
-2.656308399999999903e+00
-2.627892099999999953e+00
-2.507717700000000161e+00
-2.381164599999999965e+00
-2.268160099999999790e+00
-2.290121200000000190e+00
-2.244381199999999854e+00
-2.190419200000000011e+00
-2.031563900000000089e+00
-1.965223200000000059e+00
-1.967905400000000027e+00
-1.926306300000000027e+00
-1.831179099999999949e+00
-1.815333199999999980e+00
-1.796496400000000104e+00
-1.747682699999999922e+00
-1.634743300000000010e+00
-1.691623099999999935e+00
-1.638451099999999938e+00
-1.650841400000000014e+00
-1.673688999999999982e+00
-1.577616700000000094e+00
-1.396481499999999931e+00
-1.188426200000000099e+00
-1.153675500000000076e+00
-1.465137499999999982e+00
-2.131267100000000081e+00
-3.160383400000000176e+00
-3.927424100000000085e+00
-4.015421899999999766e+00
-3.592358200000000057e+00
-2.836970099999999828e+00
-2.324051199999999984e+00
-2.575626300000000146e+00
-3.081295799999999918e+00
-3.663072999999999801e+00
-4.046440099999999873e+00
-4.069532299999999658e+00
-4.068011799999999845e+00
-4.231829900000000144e+00
-4.388105699999999665e+00
-4.408627700000000260e+00
-4.302202499999999930e+00
-4.007239499999999843e+00
-3.565784600000000193e+00
-3.291494500000000212e+00
-3.088399599999999801e+00
-3.040461200000000197e+00
-2.982993899999999865e+00
-2.985630099999999842e+00
-2.876249300000000009e+00
-2.808235700000000001e+00
-2.754611999999999838e+00
-2.673665699999999923e+00
-2.776797800000000205e+00
-2.799818999999999836e+00
-2.523303400000000085e+00
-2.625175000000000036e+00
-2.544092200000000137e+00
-2.514468299999999878e+00
-2.436073700000000120e+00
-2.330670800000000042e+00
-2.337070699999999945e+00
-2.396795500000000079e+00
-2.224806800000000084e+00
-2.102157899999999913e+00
-1.921427299999999949e+00
-1.802737199999999929e+00
-1.555594300000000096e+00
-1.518093600000000043e+00
-1.426520100000000069e+00
-1.276610100000000081e+00
-1.041833999999999927e+00
-9.144832000000000516e-01
-8.397998500000000144e-01
-7.403797100000000242e-01
-9.055918200000000473e-01
-1.044683699999999993e+00
-1.065376300000000054e+00
-1.180792499999999912e+00
-1.499482299999999935e+00
-1.811332100000000001e+00
-2.008129900000000134e+00
-2.216407199999999911e+00
-2.229803400000000213e+00
-2.412577600000000100e+00
-2.731387300000000184e+00
-3.055103400000000136e+00
-3.148013399999999962e+00
-3.261949800000000010e+00
-3.506501800000000113e+00
-3.853993200000000119e+00
-4.337846100000000149e+00
-4.606413400000000102e+00
-4.470879100000000328e+00
-4.183754200000000090e+00
-4.233897299999999753e+00
-4.461850600000000000e+00
-4.450535499999999978e+00
-4.201136899999999841e+00
-4.102899999999999991e+00
-3.956567600000000073e+00
-3.858993599999999802e+00
-3.697416099999999872e+00
-3.477854999999999919e+00
-3.461338200000000143e+00
-3.500134300000000032e+00
-3.591192799999999963e+00
-3.560575899999999905e+00
-3.519017700000000026e+00
-3.492409599999999781e+00
-3.436470700000000100e+00
-3.226100900000000049e+00
-2.876720999999999862e+00
-2.586583599999999983e+00
-2.268465500000000024e+00
-1.988595899999999972e+00
-1.786715099999999889e+00
-1.646521799999999924e+00
-1.561921899999999974e+00
-1.489753799999999906e+00
-1.428968400000000027e+00
-1.336419599999999930e+00
-1.281194399999999955e+00
-1.367920000000000025e+00
-1.391252500000000003e+00
-1.441124400000000083e+00
-1.455256300000000058e+00
-1.390327000000000091e+00
-1.248221699999999990e+00
-1.175811600000000068e+00
-1.198174800000000095e+00
-1.350450499999999998e+00
-1.527531600000000100e+00
-1.682178299999999904e+00
-1.823330399999999907e+00
-2.254298900000000216e+00
-3.012431999999999999e+00
-3.305013999999999896e+00
-3.112012399999999790e+00
-2.447256900000000179e+00
-1.874825500000000034e+00
-1.519634099999999988e+00
-1.389395799999999959e+00
-1.436529399999999956e+00
-1.661946900000000005e+00
-2.134690299999999930e+00
-3.125040600000000168e+00
-4.309920599999999880e+00
-5.640313400000000144e+00
-6.500716599999999623e+00
-5.859893699999999761e+00
-4.169859299999999713e+00
-2.845197399999999988e+00
-2.330320099999999783e+00
-2.466260600000000025e+00
-2.836720899999999990e+00
-3.187087500000000073e+00
-3.395810299999999948e+00
-3.503378399999999893e+00
-3.449511799999999795e+00
-3.377778399999999959e+00
-3.247640300000000035e+00
-2.950092300000000112e+00
-2.684743699999999844e+00
-2.514990800000000082e+00
-2.481347200000000086e+00
-2.425238900000000086e+00
-2.414649799999999846e+00
-2.495360100000000081e+00
-2.573110199999999903e+00
-2.632386200000000009e+00
-2.650932800000000089e+00
-2.634166700000000194e+00
-2.603716599999999826e+00
-2.428988700000000112e+00
-2.328545300000000040e+00
-2.323771600000000159e+00
-1.980546200000000034e+00
-2.030916299999999897e+00
-2.020853100000000069e+00
-1.980147399999999891e+00
-2.033151300000000106e+00
-2.046244999999999870e+00
-2.007232000000000127e+00
-1.910031500000000104e+00
-1.845659799999999962e+00
-1.771432200000000012e+00
-1.604588399999999915e+00
-1.273459399999999908e+00
-1.197154999999999969e+00
-1.216100500000000029e+00
-1.223386899999999944e+00
-1.590071900000000094e+00
-2.069652300000000000e+00
-2.243585899999999800e+00
-2.313307399999999792e+00
-2.379439099999999918e+00
-2.447474900000000009e+00
-2.507985899999999990e+00
-2.404172899999999835e+00
-2.383013200000000165e+00
-2.693888600000000189e+00
-3.060400399999999799e+00
-3.339132699999999954e+00
-3.474499300000000179e+00
-3.762821499999999819e+00
-4.126237999999999850e+00
-4.169148299999999807e+00
-3.725480099999999961e+00
-3.736115799999999876e+00
-4.012997799999999948e+00
-4.180433299999999797e+00
-4.290775599999999912e+00
-4.293981600000000398e+00
-4.506823999999999941e+00
-4.609510700000000405e+00
-4.180458899999999645e+00
-3.683971099999999943e+00
-3.207286400000000093e+00
-2.973361600000000049e+00
-3.014854999999999841e+00
-3.142840599999999984e+00
-3.191796899999999937e+00
-3.053001000000000076e+00
-2.839819100000000152e+00
-2.585471899999999934e+00
-2.431654099999999818e+00
-2.324574399999999930e+00
-2.119873800000000141e+00
-2.077955499999999844e+00
-2.049812000000000189e+00
-2.118241999999999958e+00
-2.086615600000000015e+00
-1.980412899999999921e+00
-1.872241899999999903e+00
-1.708852999999999955e+00
-1.460225799999999907e+00
-1.288917799999999891e+00
-1.242780400000000007e+00
-1.326682099999999975e+00
-1.325969900000000035e+00
-1.288731400000000082e+00
-1.257667700000000055e+00
-1.138538000000000050e+00
-9.354194500000000412e-01
-7.737426699999999657e-01
-7.401124100000000539e-01
-8.889421299999999970e-01
-1.328861400000000081e+00
-1.820922399999999941e+00
-1.708020799999999895e+00
-2.552071499999999826e+00
-3.629744300000000035e+00
-4.034923100000000318e+00
-3.360831800000000147e+00
-2.430098099999999928e+00
-1.578707700000000047e+00
-1.111995499999999915e+00
-1.194627099999999942e+00
-1.604242799999999969e+00
-1.918313600000000063e+00
-2.997945500000000152e+00
-4.115954799999999913e+00
-4.230965699999999607e+00
-3.371354900000000043e+00
-2.881568699999999872e+00
-2.777181600000000028e+00
-2.226463999999999999e+00
-2.172687499999999883e+00
-2.451579300000000128e+00
-2.991289399999999876e+00
-3.594592200000000126e+00
-3.946896600000000088e+00
-3.917797699999999939e+00
-3.627952300000000019e+00
-3.215311699999999995e+00
-2.977243800000000107e+00
-2.855094199999999915e+00
-2.940558400000000017e+00
-2.994011899999999837e+00
-2.921092400000000033e+00
-2.867846500000000187e+00
-2.804936800000000119e+00
-2.844645799999999891e+00
-2.744368199999999813e+00
-2.677353600000000000e+00
-2.500090699999999888e+00
-2.343223699999999798e+00
-2.110435199999999956e+00
-2.071471700000000027e+00
-1.801489300000000071e+00
-1.762148000000000048e+00
-1.816767900000000102e+00
-1.909474700000000080e+00
-1.872993799999999931e+00
-1.906256799999999973e+00
-1.717154300000000022e+00
-1.503999599999999992e+00
-1.291860400000000020e+00
-1.092212299999999914e+00
-1.088997299999999946e+00
-1.271220100000000075e+00
-1.384037500000000032e+00
-1.582271900000000064e+00
-2.040875000000000217e+00
-2.557577199999999884e+00
-2.798683700000000218e+00
-2.802978799999999993e+00
-2.695648600000000172e+00
-2.393843099999999779e+00
-1.912941199999999897e+00
-1.826728600000000036e+00
-2.090348899999999954e+00
-2.558172900000000194e+00
-2.890829300000000046e+00
-3.270245200000000185e+00
-3.653803700000000099e+00
-4.106003300000000245e+00
-3.928688800000000203e+00
-3.269433600000000162e+00
-2.755546600000000179e+00
-2.952190100000000150e+00
-3.298668000000000156e+00
-3.448904699999999934e+00
-3.525873400000000046e+00
-3.728070400000000006e+00
-3.823121500000000061e+00
-3.747186999999999824e+00
-3.615587399999999896e+00
-3.440656999999999854e+00
-3.392656899999999975e+00
-3.401748299999999947e+00
-3.277255900000000111e+00
-3.090024000000000104e+00
-2.932898600000000133e+00
-2.820907699999999796e+00
-2.627439900000000161e+00
-2.523653700000000111e+00
-2.474299100000000085e+00
-2.145417399999999919e+00
-1.962844899999999893e+00
-1.876837499999999936e+00
-1.910383399999999954e+00
-1.931887200000000027e+00
-1.816374399999999945e+00
-1.749640700000000049e+00
-1.669884200000000041e+00
-1.625517399999999890e+00
-1.624514999999999931e+00
-1.695291300000000057e+00
-1.764141100000000018e+00
-1.755250600000000105e+00
-1.806935900000000039e+00
-1.834284800000000049e+00
-1.805319499999999966e+00
-1.550404799999999916e+00
-1.335991399999999940e+00
-1.201165999999999956e+00
-1.180765000000000065e+00
-1.464412100000000105e+00
-1.833279700000000068e+00
-2.142629299999999848e+00
-2.189935800000000210e+00
-2.165854700000000133e+00
-2.108296699999999912e+00
-2.266002799999999873e+00
-2.149337300000000006e+00
-1.793156999999999890e+00
-1.476980799999999983e+00
-1.348060100000000094e+00
-1.611017600000000050e+00
-1.931653700000000029e+00
-2.375738800000000150e+00
-3.137129900000000138e+00
-4.420135199999999820e+00
-6.146734200000000037e+00
-5.932395299999999594e+00
-3.474737800000000210e+00
-2.193169900000000005e+00
-1.804275199999999968e+00
-1.731897400000000031e+00
-1.568046800000000074e+00
-1.683559100000000086e+00
-2.077259699999999931e+00
-2.585306300000000057e+00
-3.225938999999999890e+00
-3.780174199999999818e+00
-4.112100800000000334e+00
-3.986168300000000109e+00
-3.631899100000000047e+00
-3.339898699999999998e+00
-3.112525000000000208e+00
-2.839069799999999866e+00
-2.462155399999999883e+00
-2.336035100000000142e+00
-2.312700200000000095e+00
-2.423558599999999785e+00
-2.520952299999999813e+00
-2.592185100000000020e+00
-2.698379999999999779e+00
-2.755876900000000074e+00
-2.667216100000000090e+00
-2.575381699999999885e+00
-2.516187299999999905e+00
-2.381369799999999870e+00
-2.352626299999999837e+00
-2.288206199999999857e+00
-2.324809699999999868e+00
-2.257666599999999857e+00
-2.133768599999999793e+00
-2.112455699999999936e+00
-2.222876299999999805e+00
-2.178027300000000110e+00
-2.143789099999999781e+00
-2.032078900000000132e+00
-1.940037400000000023e+00
-1.860482600000000097e+00
-1.727466799999999969e+00
-1.696202399999999999e+00
-1.719877000000000100e+00
-1.859493499999999910e+00
-1.933313700000000024e+00
-1.980723400000000023e+00
-2.248677300000000212e+00
-2.231512299999999893e+00
-2.219517600000000090e+00
-2.147489900000000063e+00
-2.156339500000000076e+00
-2.094049000000000049e+00
-1.997657999999999934e+00
-2.122461100000000211e+00
-2.510406199999999810e+00
-2.856272399999999934e+00
-3.382908399999999816e+00
-4.002761900000000317e+00
-4.159128499999999562e+00
-3.914548499999999986e+00
-3.613008999999999915e+00
-3.358281299999999803e+00
-3.540219599999999911e+00
-3.725367700000000060e+00
-3.879349700000000123e+00
-3.758983000000000185e+00
-3.602082400000000018e+00
-3.489037900000000025e+00
-3.282707499999999889e+00
-3.140684499999999879e+00
-3.188629800000000181e+00
-3.308900599999999859e+00
-3.479092899999999933e+00
-3.744152199999999819e+00
-3.965132300000000054e+00
-3.988966200000000129e+00
-3.749997200000000142e+00
-3.414117500000000138e+00
-3.036959799999999987e+00
-2.733176999999999968e+00
-2.735644999999999882e+00
-2.537687399999999815e+00
-2.301080799999999815e+00
-2.272842799999999830e+00
-2.270785099999999890e+00
-2.133875000000000188e+00
-2.099276999999999838e+00
-2.113571799999999890e+00
-2.076668300000000134e+00
-2.084625899999999810e+00
-2.091663200000000167e+00
-2.101334599999999941e+00
-2.088327200000000161e+00
-2.187261799999999923e+00
-2.140804900000000011e+00
-2.101961999999999886e+00
-2.000460700000000092e+00
-1.824153700000000100e+00
-1.655254900000000085e+00
-1.432011600000000051e+00
-1.197476999999999903e+00
-9.095801000000000025e-01
-7.992022300000000135e-01
-8.912756099999999959e-01
-1.261694099999999930e+00
-1.535791499999999976e+00
-1.763720500000000024e+00
-1.958754300000000059e+00
-2.017552999999999930e+00
-2.074261400000000144e+00
-2.114295799999999836e+00
-1.978153199999999945e+00
-1.707963399999999909e+00
-1.437238100000000074e+00
-1.513706599999999902e+00
-2.427624300000000179e+00
-4.088300399999999613e+00
-4.763844399999999979e+00
-4.150190399999999613e+00
-3.669831700000000030e+00
-4.251491699999999874e+00
-5.674874899999999833e+00
-6.404700799999999639e+00
-5.123504800000000081e+00
-3.485298999999999925e+00
-2.997726699999999855e+00
-3.256603899999999996e+00
-3.471049900000000132e+00
-3.621918400000000204e+00
-3.744877799999999812e+00
-3.777293199999999906e+00
-3.625004000000000115e+00
-3.366691499999999948e+00
-3.257852800000000215e+00
-3.014229900000000129e+00
-2.810524299999999975e+00
-2.599038600000000088e+00
-2.512797099999999784e+00
-2.401523200000000191e+00
-2.502354200000000084e+00
-2.490371600000000019e+00
-2.524540299999999959e+00
-2.629167100000000090e+00
-2.736356900000000092e+00
-2.646655899999999839e+00
-2.506569900000000128e+00
-2.407834900000000111e+00
-2.315133200000000002e+00
-2.264218699999999806e+00
-2.211421399999999871e+00
-2.064238099999999854e+00
-1.922684099999999896e+00
-2.270389100000000049e+00
-2.469915600000000211e+00
-2.342094400000000132e+00
-2.074941100000000205e+00
-1.885297500000000070e+00
-1.708374599999999965e+00
-1.552997100000000019e+00
-1.330632899999999896e+00
-1.029396299999999931e+00
-7.585660199999999520e-01
-6.049408200000000457e-01
-7.437310400000000099e-01
-1.074180499999999983e+00
-1.477007200000000076e+00
-1.919011299999999975e+00
-2.436440199999999834e+00
-2.699750400000000106e+00
-2.895535600000000098e+00
-2.992980100000000032e+00
-3.117109899999999989e+00
-3.434917500000000068e+00
-4.150742900000000013e+00
-4.681414499999999812e+00
-4.844127000000000294e+00
-4.805916899999999714e+00
-4.447507899999999736e+00
-4.073448700000000144e+00
-4.001691499999999735e+00
-4.115845700000000384e+00
-3.996642399999999817e+00
-3.730166599999999999e+00
-3.671673900000000046e+00
-3.609615100000000076e+00
-3.373605200000000082e+00
-2.944703699999999813e+00
-2.493182700000000196e+00
-2.426787299999999981e+00
-2.542330699999999943e+00
-2.884130400000000094e+00
-3.253631799999999963e+00
-3.389162999999999926e+00
-3.408013700000000146e+00
-3.270455899999999971e+00
-3.101954000000000100e+00
-2.850939499999999960e+00
-2.545885800000000199e+00
-2.259664499999999965e+00
-2.087099400000000049e+00
-1.998222799999999966e+00
-1.862408400000000075e+00
-1.823946599999999973e+00
-1.860104299999999933e+00
-1.945062499999999917e+00
-1.874771500000000035e+00
-1.906698100000000062e+00
-1.873569899999999899e+00
-1.717241299999999971e+00
-1.448559699999999895e+00
-1.239050200000000101e+00
-1.108706600000000098e+00
-1.051426900000000053e+00
-9.816049500000000316e-01
-1.010060699999999922e+00
-1.272616200000000086e+00
-1.789005900000000038e+00
-2.153636699999999848e+00
-2.292989599999999850e+00
-2.347155299999999833e+00
-2.281486099999999961e+00
-1.989084499999999922e+00
-1.516933000000000087e+00
-1.114404600000000078e+00
-9.686700200000000205e-01
-1.436764900000000011e+00
-2.149903199999999792e+00
-2.679429299999999792e+00
-3.924410500000000024e+00
-5.253065699999999616e+00
-6.187828099999999942e+00
-5.105759800000000403e+00
-3.104706999999999883e+00
-2.109625600000000212e+00
-1.856282800000000011e+00
-1.752586600000000105e+00
-1.753366200000000097e+00
-2.039010699999999954e+00
-2.688618400000000186e+00
-3.220806899999999917e+00
-3.626295799999999847e+00
-3.756818299999999944e+00
-3.688814799999999838e+00
-3.459275299999999831e+00
-3.150708400000000076e+00
-2.852682099999999998e+00
-2.438092399999999937e+00
-2.318344399999999972e+00
-2.263190199999999930e+00
-2.336523500000000197e+00
-2.480681199999999809e+00
-2.492172800000000077e+00
-2.499435500000000143e+00
-2.420456499999999789e+00
-2.460021400000000025e+00
-2.481748699999999808e+00
-2.373613900000000054e+00
-2.195405200000000168e+00
-2.102433399999999786e+00
-2.009272399999999958e+00
-1.941974099999999925e+00
-1.867221400000000031e+00
-1.748697799999999969e+00
-1.676770000000000094e+00
-1.597013500000000086e+00
-1.485700000000000021e+00
-1.429362400000000033e+00
-1.372358200000000084e+00
-1.469038199999999961e+00
-1.427484500000000045e+00
-1.416159900000000027e+00
-1.463073199999999963e+00
-1.576569799999999910e+00
-1.721356899999999968e+00
-1.926002200000000109e+00
-2.055715800000000204e+00
-2.142539000000000193e+00
-2.200090499999999949e+00
-2.295124400000000175e+00
-2.554886000000000212e+00
-2.878103299999999809e+00
-3.287092700000000089e+00
-3.972920699999999972e+00
-4.525149700000000053e+00
-4.541995100000000285e+00
-4.043610600000000055e+00
-4.044777899999999704e+00
-4.199682499999999763e+00
-4.192910799999999938e+00
-4.006073400000000007e+00
-3.624387200000000142e+00
-3.532576999999999856e+00
-3.657592600000000083e+00
-3.444472999999999896e+00
-3.163407499999999928e+00
-2.881817299999999804e+00
-2.774448700000000212e+00
-2.686240600000000089e+00
-2.725675799999999871e+00
-2.838649300000000153e+00
-2.868539300000000125e+00
-2.701585600000000031e+00
-2.336863899999999994e+00
-2.016396199999999972e+00
-1.853501199999999960e+00
-1.676420800000000044e+00
-1.622042599999999890e+00
-1.409106600000000098e+00
-1.287425700000000006e+00
-1.250989300000000082e+00
-1.144920299999999891e+00
-1.036316199999999910e+00
-9.996071699999999893e-01
-1.075671899999999903e+00
-1.089860499999999899e+00
-1.136290000000000022e+00
-1.101035200000000103e+00
-1.073968899999999893e+00
-1.004726599999999914e+00
-9.568943399999999544e-01
-6.428326100000000265e-01
-7.184300599999999815e-01
-9.254099300000000472e-01
-1.106881100000000062e+00
-1.485635999999999957e+00
-1.568452500000000027e+00
-2.105670200000000047e+00
-2.893508699999999934e+00
-3.152346699999999835e+00
-2.610575799999999891e+00
-1.575110500000000080e+00
-7.958718900000000263e-01
-3.248579300000000170e-01
-4.667782899999999846e-01
-5.030949500000000407e-01
-1.026256800000000080e+00
-2.375657499999999978e+00
-4.221003099999999897e+00
-5.422958200000000062e+00
-5.456530500000000394e+00
-4.391633200000000237e+00
-2.868433500000000080e+00
-2.090045500000000001e+00
-1.752834900000000085e+00
-2.185095500000000079e+00
-2.793743599999999994e+00
-3.160805600000000215e+00
-3.365383599999999920e+00
-3.306104400000000165e+00
-2.962810800000000189e+00
-2.581973000000000074e+00
-2.234929499999999791e+00
-1.981397300000000028e+00
-1.741065099999999921e+00
-2.051581800000000122e+00
-2.069499099999999814e+00
-2.354871099999999995e+00
-2.398571700000000195e+00
-2.259589899999999929e+00
-1.906162300000000087e+00
-2.099028199999999789e+00
-2.121444200000000002e+00
-1.965115100000000004e+00
-1.809431599999999918e+00
-1.913962900000000023e+00
-1.909197500000000103e+00
-1.556086400000000092e+00
-1.714030799999999966e+00
-1.384614599999999918e+00
-1.281285900000000089e+00
-1.113255300000000059e+00
-9.727896600000000005e-01
-9.794921300000000164e-01
-1.243328800000000012e+00
-1.357544199999999979e+00
-1.548994999999999900e+00
-1.532273800000000019e+00
-1.644558100000000023e+00
-1.594657699999999956e+00
-1.526095399999999991e+00
-1.427104699999999893e+00
-1.441325900000000049e+00
-1.445806399999999936e+00
-1.550025200000000103e+00
-1.864941399999999971e+00
-2.084426500000000182e+00
-2.303128200000000181e+00
-2.426626800000000195e+00
-2.520640699999999956e+00
-2.474276900000000001e+00
-2.212369900000000111e+00
-2.090328299999999917e+00
-2.009019299999999841e+00
-1.890255999999999936e+00
-2.008191800000000082e+00
-2.275357399999999863e+00
-2.543155399999999844e+00
-2.883556800000000031e+00
-3.320551399999999820e+00
-3.720289199999999852e+00
-4.008688000000000251e+00
-4.291923500000000224e+00
-4.357837499999999586e+00
-3.914432699999999876e+00
-3.854783499999999918e+00
-3.759514100000000081e+00
-3.746992399999999890e+00
-3.631264299999999778e+00
-3.520713699999999946e+00
-3.218106500000000203e+00
-3.086545000000000094e+00
-2.876542999999999850e+00
-2.823032200000000103e+00
-2.803458200000000122e+00
-2.876115800000000000e+00
-3.256931699999999985e+00
-3.512607899999999894e+00
-3.517647100000000027e+00
-3.350844899999999793e+00
-2.840595700000000168e+00
-2.503874099999999991e+00
-2.426999799999999929e+00
-2.178684099999999901e+00
-2.104850799999999911e+00
-2.055705300000000069e+00
-2.125196600000000213e+00
-2.080639300000000080e+00
-2.004739900000000130e+00
-2.082532000000000050e+00
-2.126681399999999833e+00
-2.024333599999999844e+00
-1.870231100000000035e+00
-1.933454100000000064e+00
-1.949457299999999949e+00
-1.969633200000000084e+00
-1.901635600000000093e+00
-1.977287500000000087e+00
-1.778798300000000054e+00
-1.591973099999999919e+00
-1.374524700000000044e+00
-1.187324000000000046e+00
-1.140676599999999929e+00
-1.178245500000000057e+00
-1.160283200000000070e+00
-1.434378300000000106e+00
-1.580191799999999924e+00
-1.658028000000000057e+00
-1.646771800000000008e+00
-1.556006599999999906e+00
-1.505523900000000026e+00
-1.164193999999999951e+00
-9.571876200000000168e-01
-8.795441999999999982e-01
-1.193728499999999970e+00
-1.565544499999999895e+00
-2.242005999999999943e+00
-2.843885699999999961e+00
-3.618249300000000002e+00
-4.451624200000000364e+00
-5.066794200000000359e+00
-5.205179099999999615e+00
-4.459306599999999676e+00
-3.671566400000000119e+00
-3.293609800000000032e+00
-2.720791800000000205e+00
-2.404046500000000197e+00
-2.675042200000000037e+00
-2.912574499999999844e+00
-3.180509400000000042e+00
-3.826245099999999955e+00
-4.079073900000000030e+00
-4.482114600000000060e+00
-4.134579999999999700e+00
-3.504210300000000000e+00
-2.923987400000000125e+00
-2.796289799999999826e+00
-2.539671799999999813e+00
-2.507537899999999986e+00
-2.693537099999999906e+00
-2.651540600000000136e+00
-2.654087399999999874e+00
-2.891823299999999985e+00
-2.985184799999999861e+00
-3.066710399999999836e+00
-3.058068000000000008e+00
-3.029078399999999949e+00
-2.785527200000000203e+00
-2.552494499999999888e+00
-2.415617000000000125e+00
-2.416894099999999934e+00
-2.311676700000000029e+00
-2.182000200000000056e+00
-2.078396800000000155e+00
-2.009651499999999924e+00
-2.131753799999999810e+00
-2.327298799999999890e+00
-2.332902799999999832e+00
-2.212756600000000073e+00
-2.119990599999999947e+00
-1.951038400000000061e+00
-1.931063299999999927e+00
-1.821933199999999919e+00
-1.658041000000000098e+00
-1.727577399999999930e+00
-1.930433700000000030e+00
-1.885818299999999947e+00
-1.862305799999999900e+00
-1.924726600000000065e+00
-2.199881299999999928e+00
-2.023391800000000185e+00
-2.143226100000000134e+00
-2.201620099999999969e+00
-2.263639700000000143e+00
-2.221210899999999988e+00
-2.106770500000000101e+00
-2.012217000000000144e+00
-2.070263800000000209e+00
-2.294449399999999972e+00
-2.678903399999999824e+00
-2.969755500000000215e+00
-3.101697300000000102e+00
-3.457956499999999878e+00
-3.617099099999999900e+00
-3.851801800000000053e+00
-3.920042500000000096e+00
-3.772194100000000105e+00
-3.744007199999999980e+00
-3.550870900000000052e+00
-3.422372600000000098e+00
-3.295702499999999979e+00
-3.140934399999999904e+00
-3.042903100000000194e+00
-2.844612600000000047e+00
-2.766865999999999826e+00
-2.752330699999999908e+00
-2.770735300000000123e+00
-2.883206500000000005e+00
-3.086549300000000162e+00
-3.250439099999999915e+00
-3.381040099999999882e+00
-3.408589300000000044e+00
-3.537637600000000049e+00
-3.544613200000000131e+00
-3.109373600000000071e+00
-2.662619299999999800e+00
-2.437650800000000118e+00
-2.163383800000000079e+00
-2.011919900000000094e+00
-1.898640300000000058e+00
-1.972546899999999992e+00
-1.931999999999999940e+00
-1.863912100000000072e+00
-2.023984800000000028e+00
-2.217261800000000171e+00
-2.451853199999999955e+00
-2.582631199999999794e+00
-2.586277400000000171e+00
-2.611527600000000060e+00
-2.455756899999999909e+00
-2.262766899999999914e+00
-2.104505500000000140e+00
-1.952708499999999958e+00
-1.899669599999999958e+00
-1.823929600000000040e+00
-1.790773799999999971e+00
-1.761926399999999893e+00
-1.786652899999999988e+00
-1.794459500000000096e+00
-1.819833000000000034e+00
-1.838161099999999992e+00
-1.838118499999999989e+00
-1.816783400000000048e+00
-1.826405800000000079e+00
-1.910251300000000096e+00
-2.012643999999999878e+00
-1.964522700000000066e+00
-2.000893000000000033e+00
-1.828608900000000093e+00
-1.796770600000000107e+00
-1.814624900000000096e+00
-1.754075400000000062e+00
-1.797284899999999963e+00
-1.908302600000000071e+00
-1.958383200000000102e+00
-1.882937499999999931e+00
-1.807757400000000070e+00
-1.681014400000000020e+00
-1.495478400000000097e+00
-1.411622600000000061e+00
-1.252083999999999975e+00
-1.220213299999999945e+00
-1.381543900000000047e+00
-1.729410499999999962e+00
-2.094191200000000030e+00
-2.407815100000000097e+00
-2.666264400000000201e+00
-3.194511799999999901e+00
-3.600534300000000076e+00
-4.192923200000000072e+00
-4.670751400000000331e+00
-4.188730999999999760e+00
-3.221237499999999976e+00
-2.641746100000000208e+00
-2.468946199999999980e+00
-2.543100499999999986e+00
-2.600124300000000055e+00
-2.609883500000000023e+00
-2.713373199999999930e+00
-2.901242799999999900e+00
-3.313619599999999998e+00
-3.263232900000000214e+00
-3.085223300000000002e+00
-2.820532399999999829e+00
-2.657464699999999791e+00
-2.507715300000000092e+00
-2.354535300000000220e+00
-2.281358899999999856e+00
-2.269234899999999833e+00
-2.361280400000000057e+00
-2.363236899999999974e+00
-2.466294200000000103e+00
-2.638181700000000074e+00
-2.512668199999999796e+00
-2.775766799999999979e+00
-2.686670799999999915e+00
-2.099131499999999928e+00
-1.891886699999999921e+00
-1.976422899999999983e+00
-2.185831299999999811e+00
-2.238099399999999850e+00
-2.162264299999999917e+00
-2.119284200000000062e+00
-2.042141099999999820e+00
-2.211340100000000142e+00
-2.285652199999999912e+00
-2.277648999999999813e+00
-2.237939599999999807e+00
-2.274576699999999896e+00
-2.378127999999999798e+00
-2.324571999999999861e+00
-2.191709700000000094e+00
-2.149405100000000068e+00
-2.091848000000000152e+00
-2.022605599999999892e+00
-2.079731100000000055e+00
-2.117726300000000172e+00
-2.047017299999999818e+00
-2.058279199999999864e+00
-2.279672399999999932e+00
-2.384028799999999837e+00
-2.372276900000000133e+00
-2.420755300000000165e+00
-2.609738199999999786e+00
-2.738714700000000057e+00
-2.941520099999999971e+00
-3.000532600000000105e+00
-2.898763699999999943e+00
-2.821851199999999782e+00
-2.628777799999999942e+00
-2.489744299999999910e+00
-2.234055399999999914e+00
-2.094917500000000210e+00
-2.060731300000000044e+00
-2.137315599999999982e+00
-2.233091700000000124e+00
-2.121571199999999990e+00
-2.250513000000000208e+00
-2.725922399999999968e+00
-3.262138799999999783e+00
-3.563685899999999851e+00
-3.765265299999999815e+00
-3.915774199999999983e+00
-3.888073100000000171e+00
-3.694444700000000026e+00
-3.742387599999999814e+00
-4.010567499999999619e+00
-4.249953699999999834e+00
-4.283553200000000061e+00
-4.101121100000000297e+00
-3.667356100000000119e+00
-3.289445300000000127e+00
-3.213780900000000162e+00
-3.422785000000000188e+00
-3.519354700000000058e+00
-3.207146199999999947e+00
-3.144947399999999949e+00
-3.308711300000000133e+00
-3.231420599999999865e+00
-3.427017799999999781e+00
-3.478652999999999995e+00
-3.341604799999999820e+00
-3.353553300000000181e+00
-3.110539399999999954e+00
-2.769528999999999908e+00
-2.588113299999999839e+00
-2.350939400000000123e+00
-2.290802400000000016e+00
-2.208270000000000177e+00
-2.284393800000000141e+00
-2.481252599999999919e+00
-2.348451999999999984e+00
-2.401651100000000039e+00
-2.471255499999999827e+00
-2.208235600000000076e+00
-2.226756700000000144e+00
-2.154317499999999885e+00
-2.309714399999999834e+00
-2.479306199999999905e+00
-2.595890999999999948e+00
-2.552364600000000205e+00
-2.187911000000000161e+00
-1.864179199999999925e+00
-1.544498300000000102e+00
-1.316668799999999973e+00
-1.193316499999999891e+00
-1.287835899999999922e+00
-1.584477600000000042e+00
-2.020532600000000123e+00
-2.112442800000000176e+00
-1.828808999999999907e+00
-1.544809199999999993e+00
-1.560341100000000036e+00
-1.592504499999999990e+00
-1.588089800000000107e+00
-1.654000499999999985e+00
-1.580270300000000017e+00
-1.536386100000000088e+00
-1.895847199999999955e+00
-2.352083100000000204e+00
-3.233071100000000087e+00
-4.377872299999999939e+00
-5.556136699999999706e+00
-6.421688200000000180e+00
-6.321479300000000023e+00
-5.287129900000000049e+00
-4.204481900000000216e+00
-3.889389200000000102e+00
-3.784005899999999922e+00
-3.579416199999999826e+00
-3.095596800000000037e+00
-3.040960600000000014e+00
-3.181961999999999957e+00
-3.207982700000000076e+00
-3.243745800000000123e+00
-3.227953199999999967e+00
-3.177643600000000124e+00
-2.925581000000000209e+00
-2.708949399999999841e+00
-2.781863700000000161e+00
-2.909232400000000052e+00
-2.539975000000000094e+00
-2.232012999999999803e+00
-2.110300899999999924e+00
-1.959095000000000031e+00
-1.903690300000000057e+00
-1.908619099999999902e+00
-1.996604999999999963e+00
-1.825397099999999995e+00
-1.687607800000000102e+00
-1.675020299999999907e+00
-1.629146900000000064e+00
-1.581787999999999972e+00
-1.537449499999999913e+00
-1.556301099999999993e+00
-1.433479799999999971e+00
-1.194883300000000093e+00
-1.423891500000000088e+00
-1.619571700000000058e+00
-1.774278900000000103e+00
-1.572114800000000034e+00
-1.344285399999999964e+00
-1.246804400000000035e+00
-1.100979600000000058e+00
-1.048534099999999913e+00
-1.137970699999999891e+00
-1.554369099999999948e+00
-1.830933900000000003e+00
-1.976907600000000098e+00
-1.965747399999999923e+00
-1.835383299999999940e+00
-1.887565200000000054e+00
-1.963386800000000099e+00
-2.027634400000000170e+00
-2.106290899999999855e+00
-2.179688599999999976e+00
-2.498702100000000037e+00
-2.582749900000000043e+00
-2.213977900000000165e+00
-1.634744200000000092e+00
-1.354511199999999915e+00
-1.189921199999999901e+00
