1.510970700000000000e-01
1.602294200000000113e-01
1.749262900000000120e-01
1.361041600000000018e-01
-5.904339100000000062e-02
-2.265877199999999925e-01
-2.627325699999999986e-01
-2.598103999999999969e-01
-2.600914699999999913e-01
-2.485515799999999942e-01
-2.430562500000000015e-01
-2.340212799999999982e-01
-2.298100600000000104e-01
-2.222507999999999984e-01
-2.085079999999999989e-01
-1.281351300000000137e-01
1.250713400000000031e-01
2.397264100000000009e-01
2.803361799999999904e-01
2.828802300000000103e-01
2.767685599999999968e-01
2.628060999999999869e-01
2.336394400000000038e-01
2.034061299999999906e-01
1.983784399999999892e-01
1.921911199999999931e-01
1.745884500000000061e-01
1.712069900000000033e-01
1.759886300000000070e-01
1.738582399999999972e-01
1.497218100000000107e-01
-4.316540299999999802e-02
-1.970640100000000117e-01
-2.240421999999999969e-01
-2.146929999999999950e-01
-1.985804100000000127e-01
-1.944398800000000094e-01
-1.836160099999999962e-01
-1.820262099999999938e-01
-1.780200299999999958e-01
-1.723315500000000000e-01
-1.712605600000000061e-01
3.568976299999999935e-02
2.007500899999999922e-01
2.888774599999999748e-01
3.086199600000000265e-01
3.053322199999999875e-01
2.869801599999999842e-01
2.807970000000000188e-01
2.677137099999999936e-01
2.467698899999999917e-01
2.365110400000000057e-01
2.140648500000000010e-01
2.001559599999999939e-01
1.960175100000000059e-01
1.966285500000000130e-01
1.873470000000000135e-01
1.528890499999999986e-01
-7.710520399999999663e-02
-1.798914199999999963e-01
-1.975651999999999964e-01
-1.842391700000000077e-01
-1.748001799999999994e-01
-1.677150799999999886e-01
-1.628077699999999906e-01
-1.615461599999999942e-01
-1.520349799999999862e-01
-1.534371200000000102e-01
-1.219151299999999966e-01
1.336812400000000067e-01
2.571575400000000178e-01
3.038859999999999895e-01
3.031477899999999726e-01
2.881274400000000124e-01
2.672380400000000100e-01
2.467849900000000096e-01
2.189413500000000068e-01
2.077495500000000050e-01
1.920899699999999988e-01
1.734409500000000104e-01
1.635274700000000081e-01
1.713652400000000020e-01
1.711407100000000014e-01
1.364273400000000080e-01
5.891624399999999956e-03
-1.845446699999999940e-01
-2.235405900000000112e-01
-2.280829799999999907e-01
-2.163707800000000125e-01
-2.076503600000000060e-01
-1.897748099999999882e-01
-1.886786900000000100e-01
-1.874127600000000116e-01
-1.831733899999999915e-01
-1.537737000000000132e-01
9.220926599999999806e-02
2.220138799999999968e-01
2.824741299999999899e-01
2.886386599999999913e-01
2.564152900000000179e-01
2.270296900000000062e-01
1.995345299999999877e-01
1.783002300000000040e-01
1.693883300000000036e-01
1.525663600000000120e-01
1.461707800000000002e-01
1.376408399999999865e-01
1.253071400000000113e-01
1.230821099999999946e-01
1.156798099999999940e-01
8.476827300000000509e-02
-1.202330300000000046e-01
-2.322222100000000122e-01
-2.564518100000000023e-01
-2.505610699999999968e-01
-2.366043700000000083e-01
-2.300620300000000007e-01
-2.317760299999999940e-01
-2.191339900000000007e-01
-2.121108899999999964e-01
-2.121755499999999905e-01
-1.973647699999999949e-01
3.404613199999999978e-02
1.837709700000000057e-01
2.554782500000000178e-01
2.777036600000000188e-01
2.700133499999999853e-01
2.455940799999999924e-01
2.029592400000000130e-01
1.727269999999999917e-01
1.659945700000000079e-01
1.622737700000000116e-01
1.501250600000000046e-01
1.481471500000000052e-01
1.528234099999999929e-01
1.608738799999999969e-01
1.390068100000000084e-01
5.493051899999999710e-02
-1.492985000000000007e-01
-2.070291300000000057e-01
-2.045064799999999905e-01
-1.999906499999999920e-01
-1.986096199999999867e-01
-1.948005299999999995e-01
-1.890137799999999924e-01
-1.880476500000000106e-01
-1.820799700000000076e-01
-1.754439600000000099e-01
-3.679623399999999711e-02
1.763216300000000070e-01
2.592031499999999933e-01
2.961338900000000107e-01
2.984116099999999938e-01
2.719751999999999725e-01
2.497794100000000073e-01
2.253673700000000113e-01
2.033217999999999970e-01
1.862985699999999967e-01
1.763341400000000003e-01
1.620073599999999892e-01
1.508786599999999978e-01
1.410839999999999872e-01
1.437806399999999873e-01
1.124978699999999998e-01
-6.768481699999999608e-03
-1.925235200000000035e-01
-2.263695400000000080e-01
-2.277729599999999965e-01
-2.128141899999999864e-01
-2.038336199999999931e-01
-1.921028999999999931e-01
-1.906583400000000095e-01
-1.868459500000000106e-01
-1.898080900000000126e-01
-1.805965599999999893e-01
7.082533700000000036e-03
1.790154700000000099e-01
2.581701299999999977e-01
2.782148300000000241e-01
2.580371900000000274e-01
2.304486400000000101e-01
2.031517700000000093e-01
1.779286999999999952e-01
1.597690900000000025e-01
1.548181899999999944e-01
1.480731100000000078e-01
1.408825400000000005e-01
1.354773900000000031e-01
1.268286399999999925e-01
1.082304000000000044e-01
4.778447200000000145e-02
-1.729019800000000107e-01
-2.463181399999999910e-01
-2.398385799999999957e-01
-2.230607400000000073e-01
-2.043998499999999940e-01
-1.934206400000000048e-01
-1.880313899999999927e-01
-1.807849099999999931e-01
-1.796707100000000112e-01
-1.825778700000000032e-01
2.646426500000000070e-02
1.937581600000000126e-01
2.555523399999999890e-01
2.722717800000000188e-01
2.774866599999999961e-01
2.619623799999999947e-01
2.287263700000000122e-01
1.991272099999999989e-01
1.898342399999999874e-01
1.799936000000000036e-01
1.791730900000000071e-01
1.851023099999999921e-01
1.909205999999999959e-01
2.114775100000000074e-01
2.064052200000000004e-01
1.754822699999999958e-01
-2.416920599999999864e-02
-1.433688899999999988e-01
-1.597004300000000043e-01
-1.438873400000000025e-01
-1.401383099999999882e-01
-1.327585400000000082e-01
-1.208936600000000000e-01
-1.163790600000000064e-01
-1.103542899999999938e-01
-1.042388499999999940e-01
-9.990481399999999457e-02
8.741240499999999858e-02
2.549156200000000094e-01
3.324433299999999814e-01
3.678580599999999867e-01
3.626029000000000058e-01
3.323941499999999993e-01
3.020177700000000187e-01
2.836357899999999987e-01
2.751677699999999782e-01
2.589656599999999864e-01
2.445243000000000000e-01
2.347230299999999992e-01
2.166829799999999973e-01
2.257495200000000091e-01
2.131214300000000006e-01
1.390499500000000055e-01
-8.625544799999999845e-02
-1.561357100000000109e-01
-1.567268599999999956e-01
-1.422236000000000056e-01
-1.326193999999999984e-01
-1.167346900000000021e-01
-1.095498899999999970e-01
-1.079722800000000038e-01
-1.111582299999999968e-01
-1.189092499999999941e-01
-1.118309799999999965e-01
1.031107700000000044e-01
2.431685299999999939e-01
2.992334899999999909e-01
3.303663600000000256e-01
3.118141899999999911e-01
2.845819099999999935e-01
2.654967100000000246e-01
2.423346299999999953e-01
2.018881299999999990e-01
1.860957599999999990e-01
1.801918700000000040e-01
1.690574699999999875e-01
1.547113900000000042e-01
1.527224199999999976e-01
1.419574899999999917e-01
9.667828500000000269e-02
-1.422023400000000104e-01
-2.337387900000000018e-01
-2.322235699999999903e-01
-2.213913000000000131e-01
-1.998476700000000050e-01
-1.947539299999999918e-01
-1.891818299999999953e-01
-1.840334200000000031e-01
-1.866251499999999897e-01
-1.880723400000000045e-01
-1.088159499999999946e-01
1.157009299999999935e-01
2.237247599999999947e-01
2.652241599999999866e-01
2.679830100000000215e-01
2.587556799999999879e-01
2.345729799999999865e-01
1.985766800000000054e-01
1.724206799999999928e-01
1.629679699999999898e-01
1.509562600000000088e-01
1.354064199999999996e-01
1.290656900000000107e-01
1.370881599999999867e-01
1.348051500000000125e-01
1.012452800000000069e-01
-5.643865299999999835e-02
-2.198415599999999914e-01
-2.398508000000000029e-01
-2.423333599999999977e-01
-2.271497299999999941e-01
-2.180702599999999880e-01
-2.080313500000000038e-01
-1.938572500000000087e-01
-1.967200799999999916e-01
-1.901705300000000043e-01
-1.835827700000000062e-01
1.914380900000000121e-02
1.762328999999999979e-01
2.771529600000000038e-01
2.951218400000000242e-01
2.567266799999999849e-01
2.218762900000000038e-01
2.117047300000000076e-01
2.276543500000000053e-01
2.304023699999999952e-01
2.214109800000000072e-01
2.128086700000000053e-01
2.053891300000000031e-01
1.976357400000000042e-01
1.662526800000000138e-01
4.293732499999999841e-02
-1.820227399999999884e-01
-2.272096399999999905e-01
-2.362416200000000133e-01
-2.376842299999999963e-01
-2.257749500000000020e-01
-2.145208000000000115e-01
-2.168655100000000113e-01
-2.015024199999999877e-01
-1.961051900000000126e-01
-1.799299099999999985e-01
-1.042424799999999985e-01
1.397873299999999874e-01
2.600151299999999832e-01
3.069374999999999742e-01
3.082471700000000148e-01
2.850162900000000055e-01
2.630619299999999994e-01
2.459427299999999983e-01
2.216063299999999903e-01
2.071678100000000078e-01
1.945877199999999918e-01
1.801516599999999912e-01
1.658569199999999910e-01
1.622858600000000040e-01
1.706858400000000053e-01
1.575536800000000015e-01
7.365983800000000525e-02
-1.643782000000000021e-01
-2.304966599999999921e-01
-2.353004700000000116e-01
-2.267650599999999905e-01
-2.130108000000000001e-01
-2.026003299999999951e-01
-1.921568300000000007e-01
-1.896087200000000084e-01
-1.870081399999999894e-01
-1.894902499999999990e-01
2.626782500000000159e-02
1.939639300000000066e-01
2.649499300000000002e-01
2.962763199999999819e-01
2.822102200000000116e-01
2.704279600000000228e-01
2.600196200000000069e-01
2.359314799999999990e-01
2.172779099999999908e-01
2.086758599999999908e-01
2.013954599999999984e-01
1.887909700000000024e-01
1.888272699999999915e-01
1.790382600000000046e-01
1.521580600000000116e-01
8.914369399999999555e-02
-1.293174800000000124e-01
-2.050591999999999970e-01
-2.096408499999999897e-01
-2.070935000000000137e-01
-1.972532300000000016e-01
-1.881250200000000039e-01
-1.852177600000000091e-01
-1.847027900000000056e-01
-1.847121700000000089e-01
-1.810296399999999917e-01
-6.216747899999999771e-02
1.790168099999999984e-01
2.711140000000000216e-01
3.098319700000000121e-01
3.145044499999999910e-01
2.840200299999999789e-01
2.734200199999999858e-01
2.534950400000000048e-01
2.416824399999999984e-01
2.228940699999999997e-01
2.088033499999999987e-01
2.007633400000000123e-01
1.869173600000000046e-01
1.868907200000000102e-01
1.949716200000000121e-01
1.821980099999999936e-01
1.144734399999999958e-01
-1.164903300000000030e-01
-1.975454000000000099e-01
-2.021481599999999934e-01
-1.922756999999999938e-01
-1.895570900000000114e-01
-1.775360599999999955e-01
-1.688910499999999870e-01
-1.524177600000000132e-01
-1.374262499999999998e-01
-1.473205999999999960e-01
5.624361299999999786e-02
2.300474000000000130e-01
2.992487899999999867e-01
3.237309800000000015e-01
3.104956099999999775e-01
2.990895299999999923e-01
2.747221599999999930e-01
2.462498499999999924e-01
2.190909099999999998e-01
2.166430000000000022e-01
1.968656900000000098e-01
1.827296499999999935e-01
1.857754299999999914e-01
1.742473400000000006e-01
1.518494800000000089e-01
9.397771700000000228e-02
-1.331311599999999984e-01
-2.219425299999999990e-01
-2.394075800000000087e-01
-2.352261200000000108e-01
-2.286064700000000061e-01
-2.199167900000000009e-01
-2.086551899999999904e-01
-1.990215599999999863e-01
-1.995572200000000074e-01
-2.010731299999999888e-01
-1.862054399999999998e-01
4.184537700000000304e-02
1.766480500000000009e-01
2.364471999999999963e-01
2.409677799999999925e-01
2.204647100000000082e-01
1.990586599999999984e-01
1.762768799999999969e-01
1.476952900000000068e-01
1.254207999999999990e-01
1.144697799999999932e-01
1.142944800000000038e-01
1.081456499999999959e-01
1.055475699999999933e-01
1.042637500000000023e-01
8.541473900000000341e-02
-2.114183999999999855e-02
-2.271947500000000009e-01
-2.862552999999999903e-01
-2.831491700000000056e-01
-2.698380699999999854e-01
-2.635924099999999992e-01
-2.538742900000000025e-01
-2.611234199999999950e-01
-2.499774200000000057e-01
-2.480512199999999889e-01
-2.368071999999999955e-01
-1.693569199999999941e-01
5.816812200000000266e-02
1.714028900000000022e-01
2.085389900000000074e-01
2.215822400000000136e-01
2.184856599999999982e-01
2.152741400000000027e-01
1.888099400000000094e-01
1.616384800000000010e-01
1.466912999999999967e-01
1.333473900000000101e-01
1.289317199999999997e-01
1.250567800000000063e-01
1.243413299999999999e-01
1.177459299999999986e-01
9.180231299999999650e-02
-1.014093799999999934e-01
-2.368507599999999935e-01
-2.560675700000000221e-01
-2.509987000000000190e-01
-2.522544700000000084e-01
-2.550018900000000088e-01
-2.315159699999999876e-01
-2.268042299999999956e-01
-2.160455300000000134e-01
-1.958991599999999889e-01
-1.827566700000000099e-01
6.575532500000000335e-02
2.395701100000000028e-01
3.394618099999999750e-01
3.885306399999999827e-01
3.886477600000000088e-01
3.678587500000000121e-01
3.408435699999999846e-01
3.125443199999999866e-01
2.989757399999999898e-01
2.781362199999999896e-01
2.618376499999999774e-01
2.485359299999999882e-01
2.569096499999999894e-01
2.540751600000000221e-01
2.196499100000000038e-01
9.629255300000000295e-02
-1.304672500000000068e-01
-1.862341100000000083e-01
-1.928470700000000093e-01
-1.823512100000000136e-01
-1.710117700000000074e-01
-1.559903199999999879e-01
-1.449206600000000067e-01
-1.425788400000000122e-01
-1.276294500000000054e-01
-1.275116699999999936e-01
4.508626599999999984e-02
2.502442000000000277e-01
3.398863400000000090e-01
3.657023799999999936e-01
3.428248799999999985e-01
3.244712200000000046e-01
3.063602699999999901e-01
2.937794699999999870e-01
2.811287000000000091e-01
2.625420399999999765e-01
2.566047399999999978e-01
2.302087800000000017e-01
2.033134100000000000e-01
1.933636699999999875e-01
1.688911899999999966e-01
7.085034099999999724e-02
-1.537410499999999902e-01
-2.056765200000000016e-01
-2.059317200000000125e-01
-1.938723699999999883e-01
-1.927465499999999887e-01
-1.763695399999999913e-01
-1.795885000000000120e-01
-1.868468299999999915e-01
-1.771741699999999919e-01
3.735798800000000169e-02
2.433706700000000112e-01
3.159363499999999769e-01
3.391982700000000239e-01
3.268652000000000224e-01
3.130058299999999849e-01
2.802306199999999858e-01
2.552962400000000076e-01
2.375778400000000123e-01
2.133420799999999895e-01
1.979181200000000029e-01
1.933855899999999961e-01
1.866277199999999969e-01
1.910417199999999982e-01
1.743644900000000109e-01
1.137946299999999938e-01
-1.166512600000000066e-01
-2.235865099999999883e-01
-2.339400299999999933e-01
-2.260836999999999986e-01
-2.198330300000000126e-01
-2.118055699999999986e-01
-2.024805500000000091e-01
-2.026006599999999880e-01
-2.124583999999999917e-01
-1.994522400000000029e-01
2.578563500000000119e-02
1.922409700000000110e-01
2.457641200000000026e-01
2.772361199999999748e-01
2.814277299999999871e-01
2.639040200000000169e-01
2.440423399999999965e-01
2.189170900000000086e-01
1.953626800000000108e-01
1.902333099999999888e-01
1.801003399999999977e-01
1.670578799999999919e-01
1.699015399999999898e-01
1.752830300000000063e-01
1.641784000000000021e-01
8.743826600000000060e-02
-1.369684700000000088e-01
-2.196400400000000086e-01
-2.310317600000000027e-01
-2.227169200000000127e-01
-2.125191899999999967e-01
-2.145128099999999982e-01
-1.968771199999999888e-01
-1.823332599999999970e-01
-1.861369900000000022e-01
-1.897256400000000010e-01
-1.263583000000000067e-01
1.115089300000000061e-01
2.209746300000000052e-01
2.796760899999999883e-01
2.746807099999999946e-01
2.611847999999999947e-01
2.459510699999999939e-01
2.091286400000000045e-01
1.816300799999999993e-01
1.699971100000000068e-01
1.793583099999999930e-01
1.730273200000000122e-01
1.578581099999999959e-01
1.464695699999999934e-01
1.537584800000000029e-01
1.409458399999999889e-01
6.070042300000000335e-02
-1.465319099999999874e-01
-2.134646799999999900e-01
-2.309356700000000095e-01
-2.389430100000000112e-01
-2.292527500000000051e-01
-2.194196499999999939e-01
-2.002389800000000109e-01
-1.957020999999999900e-01
-1.883844000000000074e-01
-1.960123699999999913e-01
-9.749674099999999788e-02
1.316434800000000072e-01
2.324094700000000069e-01
2.798790099999999836e-01
2.813400600000000029e-01
2.722974899999999754e-01
2.562648200000000043e-01
2.325999300000000103e-01
2.241625100000000093e-01
2.090925800000000001e-01
1.955695100000000020e-01
1.920621100000000081e-01
1.821743200000000007e-01
1.821985899999999936e-01
1.754925400000000024e-01
1.487970100000000073e-01
1.011948399999999977e-02
-1.907476999999999923e-01
-2.219741600000000037e-01
-2.126733299999999938e-01
-2.013529699999999922e-01
-1.977781500000000137e-01
-1.852150899999999989e-01
-1.725457499999999977e-01
-1.660423400000000105e-01
-1.628502000000000005e-01
-9.780469499999999705e-02
1.415079200000000093e-01
2.698941899999999783e-01
3.161215600000000236e-01
3.133744199999999869e-01
2.880512199999999967e-01
2.754391800000000057e-01
2.663843499999999920e-01
2.463561599999999907e-01
2.292091599999999951e-01
2.319617800000000063e-01
2.228720100000000093e-01
2.193715999999999999e-01
2.136985100000000082e-01
1.647849899999999923e-01
7.655557600000000018e-02
-1.611974499999999921e-01
-2.172930600000000101e-01
-2.063345299999999882e-01
-1.891444899999999985e-01
-1.800363399999999892e-01
-1.787839900000000037e-01
-1.759108299999999903e-01
-1.686104599999999898e-01
-1.566471000000000113e-01
-1.524344900000000058e-01
-5.808393800000000162e-02
2.006496799999999969e-01
2.943566000000000238e-01
3.308444600000000069e-01
3.472133900000000106e-01
3.352747300000000208e-01
3.138804800000000172e-01
2.949990599999999796e-01
2.872665799999999936e-01
2.656687400000000143e-01
2.420453800000000044e-01
2.314689600000000014e-01
2.308151699999999862e-01
2.170040400000000091e-01
2.244847399999999882e-01
2.055325600000000030e-01
1.263781300000000052e-01
-1.114979299999999951e-01
-1.792712899999999998e-01
-1.942971300000000123e-01
-1.884771299999999927e-01
-1.737046499999999882e-01
-1.683644400000000041e-01
-1.643128000000000088e-01
-1.656926400000000021e-01
-1.617231000000000085e-01
-8.667314600000000646e-02
1.729356999999999978e-01
2.864800800000000258e-01
3.380963399999999952e-01
3.515353399999999739e-01
3.255180599999999980e-01
3.050058299999999778e-01
2.899545800000000173e-01
2.670119799999999821e-01
2.391168499999999919e-01
2.261672000000000127e-01
2.210890699999999987e-01
2.203018499999999935e-01
2.267275099999999932e-01
2.246274299999999891e-01
1.829135600000000028e-01
-3.982906700000000272e-02
-1.758652599999999955e-01
-1.930547900000000039e-01
-1.868905800000000006e-01
-1.756126299999999918e-01
-1.633503500000000053e-01
-1.500263199999999908e-01
-1.540005500000000138e-01
-1.538858200000000065e-01
-1.526430300000000129e-01
-5.175021700000000113e-02
1.720621800000000090e-01
2.792454200000000220e-01
3.261652099999999832e-01
3.277047799999999733e-01
3.141035099999999747e-01
2.999125400000000052e-01
2.783768799999999932e-01
2.476636899999999919e-01
2.480453300000000083e-01
2.353438900000000000e-01
2.236728000000000049e-01
2.191116100000000122e-01
2.118451000000000084e-01
2.008199200000000129e-01
1.639623000000000053e-01
3.076717899999999867e-02
-1.591311099999999923e-01
-1.916514599999999957e-01
-1.920777399999999968e-01
-1.873448400000000125e-01
-1.841470099999999999e-01
-1.846197199999999872e-01
-1.724754900000000091e-01
-1.666324299999999980e-01
-1.640086699999999953e-01
-1.507522000000000029e-01
9.283835499999999741e-02
2.192769499999999983e-01
2.595635000000000026e-01
2.798816900000000163e-01
2.727055700000000082e-01
2.444444699999999970e-01
2.174756999999999940e-01
1.932968300000000028e-01
1.675371400000000011e-01
1.641382899999999923e-01
1.532449800000000029e-01
1.412165400000000015e-01
1.353853600000000101e-01
1.386309000000000013e-01
1.310129600000000116e-01
5.202662599999999943e-02
-1.600185000000000080e-01
-2.205188899999999952e-01
-2.254131199999999946e-01
-2.149604900000000041e-01
-2.179261299999999957e-01
-1.963216499999999864e-01
-1.900701399999999985e-01
-1.899084099999999997e-01
-1.973686099999999999e-01
-1.956392399999999920e-01
-1.587453500000000073e-01
8.523005300000000006e-02
2.039529999999999954e-01
2.556749400000000172e-01
2.626110899999999915e-01
2.415081799999999890e-01
2.208170700000000042e-01
1.866183899999999951e-01
1.692039700000000091e-01
1.499935400000000085e-01
1.385560799999999981e-01
1.337786499999999990e-01
1.329208400000000123e-01
1.319994499999999904e-01
1.160123400000000055e-01
9.114441199999999410e-02
-8.386485999999999941e-02
-2.198542199999999891e-01
-2.339098500000000025e-01
-2.292001200000000072e-01
-2.168019900000000000e-01
-2.069356900000000055e-01
-1.988443199999999911e-01
-1.953984400000000066e-01
-1.981678400000000118e-01
-1.976509200000000077e-01
-1.145133400000000051e-01
1.171895800000000015e-01
2.092943499999999901e-01
2.420868899999999990e-01
2.554571500000000217e-01
2.530366499999999741e-01
2.288671599999999862e-01
2.088692600000000010e-01
1.963838300000000092e-01
1.889697700000000091e-01
1.803185099999999874e-01
1.646529399999999976e-01
1.523525199999999913e-01
1.508026500000000103e-01
1.557225299999999979e-01
1.457157000000000036e-01
7.076178700000000654e-02
-1.529764000000000124e-01
-2.326419600000000087e-01
-2.341733599999999971e-01
-2.231659699999999913e-01
-2.080363899999999877e-01
-1.928112499999999896e-01
-1.797274899999999898e-01
-1.748388399999999954e-01
-1.713139599999999874e-01
-1.735113299999999914e-01
-1.116149500000000044e-01
1.127108299999999980e-01
2.326035100000000133e-01
2.897798799999999897e-01
3.031118800000000002e-01
2.917556399999999828e-01
2.622331999999999996e-01
2.466784599999999883e-01
2.168317800000000017e-01
2.059455299999999878e-01
1.910244700000000018e-01
1.740558100000000052e-01
1.783247400000000094e-01
1.769927199999999923e-01
1.597711199999999887e-01
1.176650999999999947e-01
-9.151834000000000358e-02
-1.918249099999999874e-01
-2.091195999999999888e-01
-2.074043499999999873e-01
-1.951365999999999934e-01
-1.797428500000000096e-01
-1.648635900000000043e-01
-1.601334399999999880e-01
-1.551955399999999929e-01
-1.546567399999999870e-01
-1.000627999999999934e-01
1.325355500000000020e-01
2.501995000000000191e-01
3.004887199999999869e-01
3.121198900000000109e-01
2.781418900000000027e-01
2.487519599999999942e-01
2.246605799999999986e-01
1.986920500000000089e-01
1.902343400000000018e-01
1.892794899999999947e-01
1.669027600000000111e-01
1.584263200000000094e-01
1.567964000000000024e-01
1.583266000000000118e-01
1.262602800000000025e-01
-4.188620299999999685e-02
-1.901693999999999884e-01
-2.262609800000000004e-01
-2.232050100000000092e-01
-2.170748600000000084e-01
-2.045121599999999984e-01
-1.891641900000000098e-01
-1.768407499999999910e-01
-1.733289799999999936e-01
-1.731948600000000060e-01
-1.671628500000000017e-01
-9.970334399999999930e-02
1.311595200000000017e-01
2.367874899999999894e-01
2.844932299999999858e-01
2.967289399999999966e-01
2.810490199999999827e-01
2.559665099999999804e-01
2.255989599999999873e-01
2.018922900000000020e-01
1.877961599999999898e-01
1.746052999999999911e-01
1.589702000000000059e-01
1.436968499999999871e-01
1.413010399999999889e-01
1.219259000000000037e-01
1.093836799999999970e-01
-4.849869400000000191e-02
-2.091588299999999900e-01
-2.326034800000000013e-01
-2.343203100000000039e-01
-2.276015600000000083e-01
-2.151693600000000040e-01
-2.132798499999999930e-01
-2.028126600000000057e-01
-1.942148099999999877e-01
-1.927381099999999903e-01
-1.615289500000000045e-01
7.327520299999999709e-02
2.071676500000000087e-01
2.787795900000000215e-01
2.996411800000000070e-01
2.783659600000000234e-01
2.531004000000000032e-01
2.232902900000000024e-01
1.912818199999999913e-01
1.779572299999999940e-01
1.620501900000000106e-01
1.422143899999999961e-01
1.154611700000000019e-01
1.205486600000000019e-01
1.267975899999999878e-01
1.107624599999999931e-01
4.613988299999999959e-02
-1.720018500000000117e-01
-2.373108700000000071e-01
-2.394598500000000019e-01
-2.349160499999999874e-01
-2.316595100000000129e-01
-2.188067399999999996e-01
-2.054111100000000079e-01
-2.046762599999999988e-01
-2.000425100000000067e-01
-2.079005600000000120e-01
-4.152071900000000107e-03
1.497239900000000012e-01
2.156916899999999915e-01
2.385833300000000101e-01
2.261521200000000120e-01
2.007914500000000102e-01
1.782757899999999895e-01
1.403997700000000071e-01
1.255709399999999920e-01
1.257376099999999997e-01
1.239343100000000059e-01
1.049645599999999984e-01
1.086280899999999966e-01
1.091603200000000051e-01
1.031032699999999969e-01
7.895565300000000064e-02
-7.725187000000000026e-02
-2.357661600000000024e-01
-2.686885900000000049e-01
-2.640808000000000044e-01
-2.412350799999999906e-01
-2.296354899999999977e-01
-2.202534700000000067e-01
-2.079872700000000019e-01
-2.029702999999999924e-01
-2.002991299999999919e-01
-1.562123499999999998e-01
8.119713000000000624e-02
2.002081500000000014e-01
2.604735400000000034e-01
2.800089599999999734e-01
2.576389700000000227e-01
2.308173599999999992e-01
2.179583900000000019e-01
2.038056199999999929e-01
1.900110899999999936e-01
1.813164600000000126e-01
1.722027399999999930e-01
1.611109599999999975e-01
1.496419599999999905e-01
1.484015899999999999e-01
1.218553500000000012e-01
-5.163599299999999809e-02
-2.021378000000000064e-01
-2.308252899999999885e-01
-2.320407899999999968e-01
-2.219268399999999863e-01
-2.143567000000000111e-01
-2.049947099999999967e-01
-1.993458700000000083e-01
-1.790853400000000095e-01
-1.589830000000000132e-01
-1.034666699999999967e-01
1.221502200000000038e-01
2.518971700000000036e-01
3.084007100000000223e-01
2.914236800000000183e-01
2.534036900000000148e-01
2.357747699999999946e-01
2.259485499999999980e-01
2.343669999999999920e-01
2.417121399999999920e-01
2.342065999999999870e-01
2.332679800000000137e-01
2.256090900000000121e-01
2.127950999999999870e-01
1.829793399999999903e-01
4.421225200000000050e-02
-1.606258499999999867e-01
-1.948780200000000129e-01
-1.985571299999999983e-01
-1.964535299999999873e-01
-1.952856400000000103e-01
-1.798020100000000121e-01
-1.786220400000000097e-01
-1.749436099999999994e-01
-1.673921700000000068e-01
-7.297238400000000125e-02
1.831992000000000065e-01
2.831117499999999954e-01
3.239408899999999814e-01
3.213652499999999912e-01
3.013721799999999895e-01
2.855913900000000005e-01
2.688757099999999900e-01
2.375882699999999903e-01
2.081667899999999904e-01
1.857308199999999909e-01
1.951569400000000010e-01
1.901846500000000106e-01
2.006339400000000106e-01
2.032636999999999916e-01
1.769945500000000005e-01
7.713266700000000198e-02
-1.359879599999999911e-01
-1.887360399999999938e-01
-1.909489400000000114e-01
-1.845026800000000022e-01
-1.834266700000000139e-01
-1.681678199999999956e-01
-1.639595399999999870e-01
-1.637541200000000030e-01
-1.668915400000000049e-01
-1.389603299999999930e-01
1.032400400000000051e-01
2.491543800000000086e-01
3.234562799999999849e-01
3.392777399999999943e-01
3.265229599999999732e-01
3.067327400000000037e-01
2.711921500000000207e-01
2.631805700000000026e-01
2.544721500000000081e-01
2.524847100000000011e-01
2.412857999999999947e-01
2.335406499999999885e-01
2.351039699999999955e-01
2.153225599999999962e-01
1.781495399999999951e-01
5.775751200000000043e-03
-1.546300700000000083e-01
-1.933582199999999973e-01
-1.891268299999999958e-01
-1.789885099999999896e-01
-1.755911800000000134e-01
-1.613525100000000045e-01
-1.587419800000000047e-01
-1.585146900000000136e-01
-1.605063200000000079e-01
2.375615299999999860e-02
2.136268799999999912e-01
2.806822900000000010e-01
3.135236499999999871e-01
3.098325599999999791e-01
2.873286899999999977e-01
2.591949199999999953e-01
2.353362400000000021e-01
2.143807699999999983e-01
2.231140699999999977e-01
2.180866200000000088e-01
2.123241100000000103e-01
2.022381900000000121e-01
2.012889599999999890e-01
1.984307600000000116e-01
1.625210800000000122e-01
7.190195600000000298e-02
-1.358699999999999908e-01
-1.868237500000000106e-01
-1.909792399999999946e-01
-1.873825100000000021e-01
-1.829986999999999864e-01
-1.658730900000000008e-01
-1.590576499999999949e-01
-1.617924000000000029e-01
-1.734124300000000063e-01
-1.362152799999999941e-01
1.050729999999999997e-01
2.252139400000000014e-01
2.811463499999999893e-01
2.862420399999999754e-01
2.758591799999999816e-01
2.601733800000000096e-01
2.223497299999999954e-01
1.894334199999999913e-01
1.718394799999999889e-01
1.600332999999999894e-01
1.528021200000000135e-01
1.422786500000000065e-01
1.482959500000000097e-01
1.462098199999999903e-01
1.067692499999999961e-01
-9.365984099999999368e-02
-2.072003000000000039e-01
-2.221430500000000086e-01
-2.218457100000000015e-01
-2.160399199999999964e-01
-2.183782499999999960e-01
-2.094138999999999862e-01
-2.083603699999999892e-01
-2.035611599999999910e-01
-1.923854799999999976e-01
-1.959370000000000001e-01
-9.168018099999999948e-02
1.462283699999999964e-01
2.381125000000000047e-01
2.603785200000000022e-01
2.503000799999999804e-01
2.303281699999999987e-01
2.180373600000000134e-01
1.889329899999999951e-01
1.773271700000000062e-01
1.601947800000000088e-01
1.435682299999999911e-01
1.357951299999999861e-01
1.312094099999999985e-01
1.430173499999999875e-01
1.355750099999999958e-01
9.063681199999999716e-02
-1.295767899999999972e-01
-2.234060900000000016e-01
-2.275567900000000088e-01
-2.209928200000000065e-01
-2.205923599999999873e-01
-2.111498699999999895e-01
-2.029925900000000005e-01
-1.860672499999999896e-01
-1.816550899999999913e-01
-1.742105700000000090e-01
-1.186095499999999942e-01
1.066819199999999995e-01
2.152916599999999958e-01
2.593309200000000203e-01
2.725174000000000207e-01
2.639049099999999926e-01
2.351242799999999911e-01
2.177471599999999952e-01
1.934530100000000086e-01
1.776280899999999885e-01
1.675656100000000037e-01
1.550211700000000137e-01
1.589342099999999924e-01
1.716199399999999986e-01
1.671813699999999958e-01
1.256777500000000047e-01
-5.982536100000000051e-02
-1.912502500000000105e-01
-2.057500600000000124e-01
-1.993236700000000083e-01
-1.878558499999999909e-01
-1.702869100000000135e-01
-1.617259100000000005e-01
-1.664154700000000098e-01
-1.549093099999999945e-01
-1.576831300000000047e-01
-1.587814600000000131e-01
-1.574684100000000100e-02
1.971301000000000025e-01
2.826135499999999912e-01
3.109671600000000202e-01
2.933757799999999749e-01
2.582019700000000029e-01
2.122697299999999898e-01
1.927836400000000061e-01
1.853678599999999954e-01
1.687575000000000047e-01
1.578656099999999896e-01
1.537229300000000076e-01
1.627680499999999975e-01
1.655861700000000047e-01
1.106127900000000025e-01
1.584027499999999958e-03
-2.279869599999999885e-01
-2.648312400000000233e-01
-2.404505600000000076e-01
-2.258129299999999950e-01
-2.134259900000000099e-01
-2.107685199999999870e-01
-2.001129500000000117e-01
-1.930835100000000137e-01
-1.872822000000000098e-01
-1.867165199999999969e-01
-6.379095100000000025e-03
2.020632400000000051e-01
2.799924799999999880e-01
3.140818200000000116e-01
3.089033999999999947e-01
2.860673200000000138e-01
2.796693599999999780e-01
2.690983200000000020e-01
2.549882099999999929e-01
2.579126999999999947e-01
2.411942699999999884e-01
2.341463599999999978e-01
2.221992399999999923e-01
2.282536199999999904e-01
1.944482800000000011e-01
5.562839199999999873e-02
-1.563001300000000093e-01
-2.014269399999999988e-01
-2.061414400000000091e-01
-1.988721999999999990e-01
-1.923636900000000038e-01
-1.830333899999999903e-01
-1.786210799999999876e-01
-1.757478100000000043e-01
-1.743072900000000036e-01
-1.659423200000000043e-01
-5.435771999999999826e-02
1.793030499999999916e-01
2.804430900000000060e-01
3.336104500000000028e-01
3.309658899999999848e-01
3.205004000000000186e-01
2.840011499999999800e-01
2.743167899999999770e-01
2.614805299999999888e-01
2.366002200000000000e-01
2.187211799999999873e-01
1.996406599999999976e-01
1.963396599999999992e-01
2.073639999999999928e-01
2.002705300000000022e-01
1.764849099999999948e-01
9.442481799999999370e-02
-1.185690100000000025e-01
-1.833863900000000102e-01
-1.788559000000000121e-01
-1.705931199999999870e-01
-1.621940600000000010e-01
-1.675314699999999879e-01
-1.670395399999999864e-01
-1.641643299999999972e-01
-1.676782800000000129e-01
-1.099287300000000023e-01
1.163478500000000027e-01
2.315935899999999881e-01
2.698630200000000090e-01
2.840838199999999869e-01
2.819638700000000053e-01
2.751760699999999948e-01
2.506394499999999859e-01
2.271444300000000083e-01
2.027522900000000017e-01
1.792184599999999961e-01
1.779836499999999933e-01
1.569699999999999984e-01
1.540813500000000058e-01
1.685948800000000025e-01
1.476472600000000024e-01
8.590925900000000170e-02
-1.173988599999999938e-01
-1.855298400000000014e-01
-1.887265399999999982e-01
-1.756202799999999897e-01
-1.659902500000000058e-01
-1.537037500000000001e-01
-1.428685799999999950e-01
-1.438223700000000049e-01
-1.419727899999999876e-01
-1.473569600000000090e-01
-3.051929800000000026e-02
1.876452399999999909e-01
2.675833000000000239e-01
2.994956300000000127e-01
2.904082100000000000e-01
2.459197899999999992e-01
2.165490999999999944e-01
2.056550199999999939e-01
1.872553999999999885e-01
1.784297800000000100e-01
1.628646800000000117e-01
1.554316299999999873e-01
1.563896899999999979e-01
1.585315599999999880e-01
1.406489599999999895e-01
9.713298200000000659e-02
-9.708983899999999723e-02
-2.042195499999999997e-01
-2.170778800000000008e-01
-2.122343100000000093e-01
-1.987230600000000069e-01
-1.879883599999999932e-01
-1.677803300000000053e-01
-1.596127200000000135e-01
-1.497314499999999882e-01
-1.480843299999999862e-01
-7.236351000000000588e-02
1.492677299999999874e-01
2.571829700000000107e-01
2.895522400000000163e-01
2.870556200000000113e-01
2.612237600000000270e-01
2.465053500000000120e-01
2.288029199999999930e-01
1.900953900000000030e-01
1.676068800000000136e-01
1.541706399999999977e-01
1.389361799999999925e-01
1.299307399999999890e-01
1.267240299999999875e-01
1.113821400000000045e-01
8.017975700000000427e-02
-4.183238100000000181e-02
-2.190950999999999871e-01
-2.523819800000000058e-01
-2.537870999999999877e-01
-2.421250199999999964e-01
-2.393819899999999889e-01
-2.200603499999999879e-01
-2.158107800000000076e-01
-1.998387000000000080e-01
-1.968302399999999897e-01
-1.869413299999999889e-01
2.141812900000000103e-02
1.881808299999999934e-01
2.487450700000000126e-01
2.900194600000000067e-01
2.729490500000000264e-01
2.456293499999999963e-01
2.048648100000000083e-01
1.870773199999999914e-01
1.717461499999999863e-01
1.686180200000000073e-01
1.674991799999999975e-01
1.624241899999999961e-01
1.591696700000000131e-01
1.600445699999999971e-01
1.551530399999999921e-01
1.075912100000000066e-01
-3.457789700000000327e-02
-1.907115600000000022e-01
-2.145648300000000119e-01
-2.088487699999999891e-01
-2.018873499999999932e-01
-1.993097899999999867e-01
-1.963264000000000120e-01
-1.835400699999999996e-01
-1.754546700000000070e-01
-1.700713399999999875e-01
-1.536003400000000019e-01
7.507295199999999835e-02
2.069832000000000061e-01
2.677080700000000202e-01
2.841380000000000017e-01
2.644994600000000196e-01
2.495410999999999879e-01
2.243843500000000102e-01
1.979893500000000084e-01
1.797974999999999990e-01
1.694241900000000023e-01
1.605852999999999864e-01
1.668283700000000036e-01
1.580442499999999972e-01
1.533910400000000063e-01
1.471450400000000047e-01
1.088165400000000033e-01
-4.523436200000000018e-02
-1.864350300000000016e-01
-2.028914900000000077e-01
-2.115816699999999995e-01
-1.977146800000000038e-01
-1.838515699999999919e-01
-1.714371399999999879e-01
-1.700829899999999895e-01
-1.631468100000000032e-01
-1.549645699999999959e-01
-6.490270700000000392e-02
1.611227699999999985e-01
2.710556199999999971e-01
3.093481100000000095e-01
3.000022500000000258e-01
2.756938500000000181e-01
2.464754600000000073e-01
2.334095999999999949e-01
2.167739300000000036e-01
1.894156499999999910e-01
1.806065199999999926e-01
1.742874799999999946e-01
1.680987700000000085e-01
1.671266600000000102e-01
1.657473799999999997e-01
1.533052000000000026e-01
6.767341699999999960e-02
-1.373473400000000122e-01
-1.930175500000000099e-01
-1.829948899999999934e-01
-1.644066799999999995e-01
-1.633093499999999920e-01
-1.525629300000000133e-01
-1.362398499999999957e-01
-1.270153900000000058e-01
-1.113754899999999937e-01
-1.027666500000000011e-01
3.497739799999999982e-02
2.347566600000000059e-01
3.296892799999999735e-01
3.589073199999999741e-01
3.436936300000000277e-01
3.222301100000000140e-01
2.931364900000000273e-01
2.713396800000000275e-01
2.584273799999999843e-01
2.356350399999999901e-01
2.208255399999999868e-01
2.115181299999999986e-01
2.033905500000000033e-01
2.034300199999999892e-01
1.970693599999999990e-01
1.509869199999999967e-01
-6.741671300000000311e-02
-1.685969599999999902e-01
-1.735299200000000042e-01
-1.683209800000000089e-01
-1.490666200000000108e-01
-1.306385899999999989e-01
-1.284850800000000015e-01
-1.236992600000000053e-01
-1.177506900000000051e-01
-1.187426699999999946e-01
-2.607422200000000106e-02
2.029421799999999998e-01
3.052942200000000050e-01
3.440545300000000251e-01
3.346576600000000234e-01
3.023195000000000188e-01
2.663477000000000205e-01
2.499526199999999865e-01
2.205787999999999915e-01
2.065505099999999927e-01
1.905678399999999884e-01
1.868648499999999990e-01
1.809226999999999919e-01
1.726195100000000038e-01
1.766170800000000096e-01
1.521395899999999912e-01
5.512578199999999817e-02
-1.511658700000000077e-01
-2.050900999999999974e-01
-2.038613200000000125e-01
-1.930205000000000115e-01
-1.825406900000000054e-01
-1.767577600000000138e-01
-1.685237499999999999e-01
-1.689648199999999878e-01
-1.599714299999999978e-01
-1.560462499999999975e-01
-1.111619799999999936e-01
1.200377400000000039e-01
2.416216200000000092e-01
2.870648599999999773e-01
3.081078400000000217e-01
3.090279100000000168e-01
2.891516100000000034e-01
2.604906599999999850e-01
2.473015899999999878e-01
2.292358600000000135e-01
2.163431600000000066e-01
2.059632600000000091e-01
2.045605400000000129e-01
2.154447399999999957e-01
1.817240200000000139e-01
7.321953500000000226e-02
-1.851820700000000042e-01
-2.461975000000000136e-01
-2.387370799999999904e-01
-2.232802299999999962e-01
-2.060107999999999939e-01
-1.981991999999999921e-01
-1.911206900000000097e-01
-1.842788099999999873e-01
-1.827238399999999985e-01
-1.760909499999999961e-01
-9.060311100000000006e-02
1.772408199999999934e-01
2.679041400000000128e-01
3.140474699999999952e-01
3.342109899999999856e-01
3.160590999999999817e-01
3.174599100000000118e-01
3.003723200000000260e-01
2.824583700000000142e-01
2.703833199999999826e-01
2.540522100000000005e-01
2.304704999999999948e-01
2.234197900000000070e-01
2.330780399999999863e-01
2.158144300000000015e-01
1.568324200000000002e-01
-7.585276999999999992e-02
-1.727722999999999898e-01
-1.891585299999999914e-01
-1.810018300000000024e-01
-1.714089799999999886e-01
-1.593164699999999878e-01
-1.440026600000000045e-01
-1.440402899999999875e-01
-1.373584200000000088e-01
-1.455885000000000096e-01
-1.246353000000000044e-02
2.099004800000000004e-01
3.005526800000000165e-01
3.219580499999999956e-01
3.209100100000000233e-01
3.030718199999999918e-01
2.700108700000000139e-01
2.380671099999999984e-01
2.164055900000000088e-01
1.996888900000000078e-01
1.906250399999999956e-01
1.829464799999999947e-01
1.777407400000000082e-01
1.901466699999999899e-01
1.810537500000000133e-01
1.374103399999999919e-01
-8.910748400000000069e-02
-1.899683100000000013e-01
-2.037425900000000012e-01
-1.971086300000000069e-01
-1.773772700000000035e-01
-1.698380200000000062e-01
-1.665387600000000079e-01
-1.528174599999999883e-01
-1.505736500000000033e-01
-1.390257000000000021e-01
-6.317378299999999725e-02
1.830525699999999978e-01
2.795993199999999845e-01
3.123388000000000275e-01
3.326973500000000028e-01
3.144108199999999798e-01
2.915876199999999918e-01
2.655999800000000133e-01
2.440004500000000076e-01
2.291565600000000091e-01
2.274656300000000020e-01
2.173350199999999899e-01
2.058331899999999992e-01
2.039977900000000122e-01
2.003371999999999931e-01
1.775057999999999914e-01
9.111054600000000059e-02
-1.250263500000000083e-01
-1.937204299999999990e-01
-1.983884200000000098e-01
-1.907494899999999938e-01
-1.827599199999999924e-01
-1.733405299999999927e-01
-1.713498099999999913e-01
-1.641025100000000070e-01
-1.687373799999999924e-01
-1.610427600000000070e-01
3.097623099999999904e-03
1.853850499999999957e-01
2.534101599999999954e-01
2.813363999999999865e-01
2.704418599999999784e-01
2.572618799999999983e-01
2.369611199999999973e-01
2.226478899999999872e-01
2.102964900000000026e-01
1.920075400000000043e-01
1.743084500000000037e-01
1.619238100000000014e-01
1.604803999999999953e-01
1.568992800000000021e-01
1.484105099999999955e-01
8.500594499999999942e-02
-1.327065699999999959e-01
-2.204952000000000023e-01
-2.373058399999999901e-01
-2.328834100000000129e-01
-2.171660300000000099e-01
-2.060675700000000055e-01
-1.948060100000000017e-01
-1.922487599999999908e-01
-1.864526300000000081e-01
-1.798228299999999891e-01
-1.141386999999999957e-01
1.282336900000000113e-01
2.318033100000000124e-01
2.863313599999999792e-01
2.951088399999999834e-01
2.709685800000000144e-01
2.099601500000000120e-01
1.746862799999999993e-01
1.586550300000000024e-01
1.629249700000000023e-01
1.803226800000000130e-01
1.828976400000000002e-01
2.013256200000000107e-01
2.126182799999999928e-01
1.974498600000000048e-01
3.433121799999999668e-02
-1.786047799999999908e-01
-2.185646699999999887e-01
-2.136235099999999887e-01
-2.101165000000000116e-01
-1.978191699999999886e-01
-1.867670499999999900e-01
-1.742209399999999908e-01
-1.669730600000000065e-01
-1.541696599999999862e-01
-1.323848499999999984e-01
1.338569099999999956e-01
2.882310699999999781e-01
3.423597500000000182e-01
3.635573899999999803e-01
3.372834000000000110e-01
3.188212100000000215e-01
2.948708500000000177e-01
2.789773799999999970e-01
2.715414899999999965e-01
2.507232200000000244e-01
2.379904700000000095e-01
2.155421600000000104e-01
2.176072300000000126e-01
2.151177999999999979e-01
1.917633199999999871e-01
4.275695799999999769e-02
-1.269953199999999949e-01
-1.620527300000000059e-01
-1.546385000000000121e-01
-1.457668199999999914e-01
-1.348033100000000095e-01
-1.289614500000000052e-01
-1.271540100000000117e-01
-1.191124499999999947e-01
-1.215737800000000063e-01
-5.139629200000000314e-02
1.811309500000000128e-01
2.908461700000000150e-01
3.390128900000000112e-01
3.538657599999999737e-01
3.410610900000000112e-01
3.196960799999999936e-01
3.006794799999999990e-01
2.785684199999999833e-01
2.704910300000000212e-01
2.628596300000000108e-01
2.580733700000000241e-01
2.545169700000000090e-01
2.436533600000000133e-01
2.304459299999999933e-01
2.166043900000000078e-01
1.389535500000000090e-01
-8.917841999999999436e-02
-1.679075499999999888e-01
-1.679683899999999952e-01
-1.586734300000000042e-01
-1.427570200000000122e-01
-1.391156600000000021e-01
-1.339226699999999937e-01
-1.413380399999999981e-01
-1.339435499999999946e-01
-6.259599700000000044e-02
1.831211000000000089e-01
2.979515400000000147e-01
3.539912800000000193e-01
3.568810800000000172e-01
3.295195699999999839e-01
2.988762899999999889e-01
2.894528100000000048e-01
2.743621900000000058e-01
2.755182700000000096e-01
2.688635799999999909e-01
2.525736900000000174e-01
2.495045300000000021e-01
2.445222599999999913e-01
2.459876599999999969e-01
2.302481200000000006e-01
1.286229999999999873e-01
-7.093607200000000279e-02
-1.253633799999999965e-01
-1.267099399999999931e-01
-1.351637400000000044e-01
-1.158795799999999959e-01
-1.043835800000000036e-01
-9.879781999999999453e-02
-8.637206699999999682e-02
-9.610273299999999574e-02
-9.358808400000000194e-02
4.885170700000000116e-02
2.648459499999999966e-01
3.535941899999999749e-01
3.828331099999999765e-01
3.733348400000000011e-01
3.595294700000000176e-01
3.372263200000000238e-01
3.112159899999999979e-01
2.872445599999999821e-01
2.793571300000000091e-01
2.662297200000000030e-01
2.643077200000000238e-01
2.641498899999999983e-01
2.659939700000000240e-01
2.449705799999999933e-01
1.706275100000000100e-01
-6.217586099999999893e-02
-1.343498499999999929e-01
-1.438076899999999880e-01
-1.465402799999999950e-01
-1.418230600000000008e-01
-1.415626299999999949e-01
-1.457508499999999874e-01
-1.640131900000000031e-01
-1.686860799999999883e-01
-1.779735799999999923e-01
-1.395940300000000078e-01
1.098409000000000052e-01
2.458135499999999918e-01
3.128873300000000190e-01
3.592303399999999813e-01
3.475572800000000240e-01
3.251220899999999747e-01
3.092485999999999846e-01
2.827415300000000187e-01
2.537197900000000006e-01
2.483454300000000059e-01
2.505537700000000090e-01
2.287053099999999950e-01
2.103238299999999894e-01
2.051004800000000017e-01
1.800429199999999952e-01
9.288021100000000418e-02
-1.453368100000000107e-01
-2.073312099999999880e-01
-2.232318299999999922e-01
-2.146710599999999969e-01
-2.154129399999999972e-01
-2.093229699999999971e-01
-1.875915700000000130e-01
-1.744771900000000042e-01
-1.718191000000000024e-01
5.228683800000000215e-02
2.181506800000000135e-01
2.814148300000000047e-01
3.083673900000000190e-01
2.931327599999999922e-01
2.885941399999999990e-01
2.702878300000000067e-01
2.422278300000000051e-01
2.305056600000000011e-01
2.066175000000000095e-01
2.011966299999999874e-01
1.937663500000000039e-01
1.782643999999999895e-01
1.728655299999999895e-01
1.240416800000000014e-01
-1.791856400000000141e-02
-2.109580100000000014e-01
-2.483734200000000114e-01
-2.445623799999999959e-01
-2.308182599999999973e-01
-2.144188999999999956e-01
-2.009326999999999919e-01
-1.935011199999999987e-01
-1.894806800000000124e-01
-1.774678600000000050e-01
-1.498057100000000086e-01
9.325255899999999876e-02
2.296667599999999976e-01
2.892690099999999931e-01
2.857154399999999872e-01
2.781954099999999763e-01
2.480063899999999932e-01
2.297338100000000105e-01
2.023902599999999885e-01
1.872610399999999897e-01
1.819030000000000091e-01
1.767341099999999998e-01
1.833604600000000029e-01
1.880804699999999996e-01
1.716561299999999901e-01
1.093898400000000021e-01
-1.304710000000000036e-01
-2.139364400000000055e-01
-2.203164400000000023e-01
-2.174252200000000024e-01
-2.024104800000000037e-01
-1.884898499999999866e-01
-1.815346399999999971e-01
-1.729369099999999992e-01
-1.710350999999999955e-01
-1.617762299999999931e-01
-1.629970299999999872e-01
-5.593462400000000223e-02
1.784713099999999941e-01
2.786339400000000244e-01
3.002819800000000039e-01
2.632037500000000141e-01
2.209546199999999905e-01
2.182752400000000093e-01
2.271971299999999971e-01
2.352486199999999916e-01
2.213828399999999974e-01
2.177547800000000089e-01
2.217712000000000017e-01
2.275005599999999906e-01
2.069402800000000042e-01
6.427471699999999510e-02
-1.440261599999999864e-01
-1.910054900000000000e-01
-1.914097300000000001e-01
-1.850258899999999984e-01
-1.814144099999999982e-01
-1.793078499999999909e-01
-1.743653799999999865e-01
-1.779334099999999863e-01
-1.743089300000000008e-01
-1.126833299999999982e-01
1.290024399999999960e-01
2.420638999999999985e-01
2.917422199999999965e-01
3.169198999999999766e-01
3.123981299999999961e-01
3.050008900000000245e-01
2.973102300000000087e-01
2.650012500000000215e-01
2.443298200000000031e-01
2.372345399999999938e-01
2.342999799999999910e-01
2.225319199999999942e-01
2.126743600000000067e-01
2.195279300000000100e-01
1.999206500000000053e-01
1.047911499999999996e-01
-1.322990199999999894e-01
-2.009489799999999993e-01
-2.050728199999999890e-01
-2.003805399999999959e-01
-1.896942399999999862e-01
-1.875624100000000127e-01
-1.864479099999999945e-01
-1.831674000000000080e-01
-1.905266300000000024e-01
-8.077977399999999863e-02
1.495425800000000083e-01
2.436419499999999960e-01
2.795445999999999764e-01
2.840915900000000049e-01
2.683857000000000048e-01
2.490562500000000068e-01
2.335348200000000041e-01
2.177723400000000087e-01
2.105884699999999998e-01
1.959178900000000112e-01
1.936976800000000110e-01
1.974061500000000025e-01
1.956468100000000043e-01
1.781012700000000060e-01
7.422264800000000218e-02
-1.512064300000000028e-01
-2.112282699999999958e-01
-2.075871900000000048e-01
-2.049252300000000138e-01
-1.954974200000000051e-01
-1.762867499999999921e-01
-1.663016300000000058e-01
-1.485143399999999947e-01
-1.553067099999999867e-01
-1.572880299999999953e-01
-2.121934699999999951e-02
1.915919700000000003e-01
2.928977799999999965e-01
3.152647499999999825e-01
3.192237700000000178e-01
3.058589099999999839e-01
2.764373800000000103e-01
2.478439199999999953e-01
2.111599100000000062e-01
1.922287000000000023e-01
1.871376200000000045e-01
1.700850499999999876e-01
1.667367200000000049e-01
1.647202700000000020e-01
1.700450799999999874e-01
1.551443200000000022e-01
3.263729399999999725e-02
-1.507279300000000100e-01
-1.919794999999999974e-01
-1.950122900000000048e-01
-1.816258099999999986e-01
-1.746271799999999930e-01
-1.721823199999999998e-01
-1.605005700000000091e-01
-1.517698399999999892e-01
-1.529405799999999926e-01
-1.482616099999999881e-01
7.930077400000000443e-02
2.369935200000000131e-01
2.963381099999999879e-01
3.186278300000000008e-01
3.159487300000000110e-01
2.944740800000000269e-01
2.607858399999999910e-01
2.370021099999999881e-01
2.312558000000000114e-01
2.114503299999999919e-01
1.960816200000000120e-01
1.894331599999999893e-01
1.905431399999999997e-01
1.977794300000000061e-01
1.743992699999999951e-01
1.024551699999999982e-01
-1.088700300000000065e-01
-1.730591800000000069e-01
-1.758202600000000060e-01
-1.767655200000000093e-01
-1.722856000000000110e-01
-1.620861399999999897e-01
-1.556842599999999910e-01
-1.537008800000000119e-01
-1.483230100000000051e-01
-1.557647100000000007e-01
-2.319813199999999978e-02
1.850681399999999921e-01
2.664347499999999980e-01
2.849194500000000185e-01
2.867642499999999983e-01
2.778778900000000163e-01
2.514228800000000152e-01
2.186464200000000080e-01
1.850216699999999992e-01
1.764637000000000011e-01
1.734971499999999889e-01
1.620798900000000042e-01
1.527119799999999972e-01
1.603576999999999919e-01
1.651459000000000121e-01
1.269256900000000077e-01
-1.361965400000000014e-02
-1.845705199999999879e-01
-2.250606400000000062e-01
-2.213251499999999983e-01
-2.085219399999999890e-01
-1.992370300000000094e-01
-1.940623399999999998e-01
-1.834549400000000108e-01
-1.721095500000000000e-01
-1.700226099999999907e-01
-1.587265399999999993e-01
7.852942899999999782e-02
2.191569499999999893e-01
2.846006999999999842e-01
2.959078499999999723e-01
2.865855299999999772e-01
2.676449200000000084e-01
2.530961899999999987e-01
2.376320000000000099e-01
2.102251499999999995e-01
1.823522999999999950e-01
1.659588899999999978e-01
1.592935799999999902e-01
1.560864100000000088e-01
1.499945599999999990e-01
1.382482499999999892e-01
9.962541699999999389e-02
-1.126982499999999998e-01
-2.121755600000000130e-01
-2.221810999999999925e-01
-2.239404700000000026e-01
-2.096065300000000131e-01
-1.916371199999999941e-01
-1.845185099999999967e-01
-1.675017199999999928e-01
-1.628640500000000102e-01
-1.454550699999999919e-01
-2.586789199999999997e-02
1.946004899999999871e-01
2.859873399999999788e-01
3.268398699999999768e-01
3.329100099999999784e-01
3.186378200000000160e-01
2.886912799999999946e-01
2.641127400000000125e-01
2.459182099999999982e-01
2.184100099999999878e-01
2.159153799999999901e-01
2.017569399999999957e-01
1.988255300000000003e-01
2.002679599999999949e-01
1.850166000000000033e-01
1.265167799999999954e-01
-7.715959499999999749e-02
-1.622310100000000088e-01
-1.829746200000000045e-01
-1.880792299999999861e-01
-1.792481099999999883e-01
-1.778972400000000120e-01
-1.822165099999999982e-01
-1.801853999999999956e-01
-1.770272599999999918e-01
-1.809289900000000118e-01
-7.414751799999999560e-02
1.620651300000000017e-01
2.627627399999999946e-01
3.057683700000000115e-01
3.197385200000000260e-01
3.162219099999999949e-01
2.880952500000000249e-01
2.754013100000000103e-01
2.680822199999999822e-01
2.502270400000000117e-01
2.237156700000000054e-01
1.894130499999999995e-01
1.913853699999999991e-01
1.953571100000000005e-01
1.843523499999999982e-01
1.082963200000000015e-01
-1.272391900000000020e-01
-2.088019799999999981e-01
-2.185571500000000056e-01
-2.134790199999999916e-01
-1.958184400000000103e-01
-1.954369599999999929e-01
-2.014519800000000027e-01
-1.879261799999999982e-01
-1.854374299999999864e-01
-1.705232700000000046e-01
-3.215100399999999952e-03
2.119119499999999878e-01
2.859161599999999748e-01
3.183184600000000253e-01
3.183498699999999793e-01
3.136465199999999842e-01
2.901949600000000018e-01
2.793962099999999782e-01
2.693426099999999823e-01
2.484381900000000032e-01
2.480031400000000108e-01
2.370440799999999903e-01
2.342062599999999994e-01
2.392639799999999872e-01
2.317065799999999953e-01
1.820127800000000129e-01
-5.042916100000000013e-02
-1.468890200000000090e-01
-1.455570999999999948e-01
-1.346261400000000052e-01
-1.237120800000000020e-01
-1.147889099999999940e-01
-1.106308500000000028e-01
-9.407459899999999486e-02
-9.000795699999999955e-02
-8.852349299999999477e-02
-8.733187500000000325e-02
-9.178140499999999299e-03
2.231592799999999877e-01
3.257289700000000066e-01
3.612677699999999881e-01
3.656602999999999937e-01
3.362924299999999755e-01
3.146430700000000247e-01
2.989725400000000088e-01
2.853355499999999934e-01
2.628887200000000202e-01
2.512318599999999735e-01
2.430608400000000002e-01
2.349979600000000057e-01
2.366694699999999929e-01
2.220986299999999913e-01
1.763132900000000114e-01
2.571608800000000153e-02
-1.326874700000000018e-01
-1.650962400000000052e-01
-1.576231700000000069e-01
-1.549304800000000093e-01
-1.574509099999999995e-01
-1.546179799999999882e-01
-1.584777099999999939e-01
-1.627847299999999886e-01
-1.603056499999999940e-01
-8.824623500000000620e-02
1.434358599999999984e-01
2.355232800000000015e-01
2.631429800000000263e-01
2.480591299999999888e-01
2.386780199999999907e-01
2.223176299999999883e-01
1.884366600000000058e-01
1.552447200000000027e-01
1.585346400000000044e-01
1.474134099999999947e-01
1.345729800000000087e-01
1.254866599999999999e-01
1.118758700000000023e-01
1.188381800000000016e-01
9.747144100000000588e-02
2.156504000000000060e-02
-1.945632899999999998e-01
-2.543121400000000198e-01
-2.518185399999999796e-01
-2.357290300000000061e-01
-2.323696600000000057e-01
-2.354100899999999885e-01
-2.303746299999999969e-01
-2.274103899999999900e-01
-2.157607199999999892e-01
-1.613721999999999934e-01
7.770432800000000306e-02
1.951408599999999993e-01
2.368357500000000115e-01
2.426267799999999863e-01
2.393273900000000010e-01
2.226130199999999948e-01
1.823350499999999985e-01
1.648011299999999901e-01
1.439426299999999881e-01
1.354700199999999966e-01
1.245455399999999963e-01
1.210632499999999973e-01
1.303766199999999986e-01
1.300933400000000018e-01
1.014922399999999975e-01
-3.345735799999999954e-02
-1.958272100000000016e-01
-2.260331499999999882e-01
-2.073945299999999936e-01
-1.899223899999999965e-01
-1.752436099999999941e-01
-1.660278199999999926e-01
-1.710147599999999879e-01
-1.746481900000000087e-01
-1.678745000000000098e-01
-9.621189500000000561e-02
1.361564899999999911e-01
2.404925800000000113e-01
2.880959599999999843e-01
2.944896000000000180e-01
2.704487899999999945e-01
2.348731699999999922e-01
2.103504399999999996e-01
1.776866800000000135e-01
1.711322999999999872e-01
1.697834400000000077e-01
1.533970400000000123e-01
1.592870399999999909e-01
1.511602099999999893e-01
1.599817000000000045e-01
1.371663800000000044e-01
4.808764199999999989e-02
-1.605681200000000086e-01
-2.116587699999999961e-01
-2.206027100000000074e-01
-2.157163800000000131e-01
-1.980638000000000121e-01
-1.892231699999999961e-01
-1.875446400000000124e-01
-1.808296400000000137e-01
-1.835375300000000043e-01
-1.342938399999999977e-01
9.938753599999999855e-02
2.179258799999999885e-01
2.551564000000000054e-01
2.574948799999999816e-01
2.457442699999999869e-01
2.080656600000000134e-01
1.963713400000000053e-01
1.701677400000000118e-01
1.526655500000000110e-01
1.509345199999999887e-01
1.404030199999999895e-01
1.282703500000000052e-01
1.299985899999999972e-01
1.188630600000000065e-01
8.635467900000000363e-02
-7.040345900000000157e-02
-2.346851399999999865e-01
-2.660828599999999766e-01
-2.740762800000000055e-01
-2.709538100000000171e-01
-2.614058699999999846e-01
-2.397806000000000104e-01
-2.264960000000000029e-01
-2.215855999999999937e-01
-2.112324399999999935e-01
-4.958652100000000146e-02
1.428129499999999941e-01
2.200168799999999980e-01
2.318173400000000106e-01
2.272687399999999969e-01
2.265541899999999886e-01
2.096702099999999958e-01
1.838975800000000049e-01
1.599147399999999997e-01
1.374657400000000029e-01
1.230065399999999975e-01
9.509226499999999527e-02
9.297453599999999652e-02
9.120263800000000254e-02
9.806515500000000107e-02
8.829172999999999882e-02
3.971999400000000152e-02
-1.682496900000000073e-01
-2.470894600000000108e-01
-2.535686400000000118e-01
-2.422621899999999884e-01
-2.296354100000000120e-01
-2.093580899999999967e-01
-2.072911799999999916e-01
-1.979683700000000046e-01
-1.931968300000000138e-01
-9.362786400000000508e-02
1.388226399999999972e-01
2.336763000000000035e-01
2.738879399999999964e-01
2.677236900000000142e-01
2.523682300000000267e-01
2.238914499999999919e-01
2.021766200000000013e-01
1.796024499999999968e-01
1.647482600000000075e-01
1.491571600000000108e-01
1.515076800000000057e-01
1.481928600000000096e-01
1.470672399999999880e-01
1.118663000000000018e-01
-7.555771699999999647e-02
-2.069206700000000010e-01
-2.160707699999999953e-01
-2.005216300000000063e-01
-1.865405800000000114e-01
-1.714355800000000041e-01
-1.685447200000000090e-01
-1.630353900000000023e-01
-1.651709100000000041e-01
-1.694710000000000105e-01
-1.728660599999999881e-01
-1.308151800000000031e-02
1.747178799999999921e-01
2.602117999999999931e-01
2.853029400000000049e-01
2.631343300000000274e-01
2.470457100000000017e-01
2.363108700000000062e-01
2.229023699999999886e-01
1.911383799999999966e-01
1.570418399999999881e-01
1.515423399999999976e-01
1.498639499999999958e-01
1.548707400000000067e-01
1.572937699999999994e-01
1.352642099999999958e-01
4.024470599999999815e-02
-1.691258700000000115e-01
-2.195892600000000083e-01
-2.202273800000000004e-01
-2.098092799999999869e-01
-1.946556600000000081e-01
-1.973795200000000027e-01
-1.877255999999999925e-01
-1.772489200000000042e-01
-1.666653700000000071e-01
-1.665255700000000116e-01
6.282032600000000098e-03
1.828847100000000059e-01
2.631141499999999911e-01
2.930248799999999876e-01
2.875211999999999768e-01
2.556323999999999819e-01
2.391990900000000031e-01
2.167358899999999866e-01
1.997420000000000029e-01
1.821050499999999905e-01
1.577550500000000078e-01
1.364382199999999989e-01
1.342142799999999914e-01
1.327297400000000127e-01
1.146062000000000053e-01
5.499008699999999999e-02
-1.590972400000000009e-01
-2.318844100000000130e-01
-2.331736500000000101e-01
-2.246734800000000087e-01
-2.079153499999999988e-01
-1.998942900000000022e-01
-1.785108400000000040e-01
-1.596578399999999953e-01
-1.508266400000000118e-01
-1.485151799999999966e-01
-1.592253600000000102e-02
1.895173900000000078e-01
2.657254600000000244e-01
3.080131700000000028e-01
2.841181999999999874e-01
2.519017299999999904e-01
2.237297299999999878e-01
1.845699799999999946e-01
1.616482700000000106e-01
1.640524100000000096e-01
1.657839000000000118e-01
1.623718399999999895e-01
1.625135699999999961e-01
1.741649100000000061e-01
1.683405500000000055e-01
1.261926100000000106e-01
-5.651598399999999828e-02
-1.863998900000000125e-01
-2.082451999999999914e-01
-1.966769999999999907e-01
-1.750961199999999940e-01
-1.677546400000000104e-01
-1.697987400000000036e-01
-1.642911300000000074e-01
-1.568812900000000066e-01
-1.516389999999999960e-01
-1.447465900000000083e-01
1.662299000000000068e-02
1.990997800000000040e-01
2.776543399999999995e-01
2.998628899999999931e-01
2.886714499999999961e-01
2.728803699999999832e-01
2.443433299999999975e-01
2.361947299999999916e-01
2.184598899999999899e-01
2.108649300000000060e-01
1.903958099999999987e-01
1.825152999999999914e-01
1.814025900000000024e-01
1.823783300000000052e-01
1.640205499999999872e-01
1.050452800000000048e-01
-1.065882300000000060e-01
-1.791364599999999974e-01
-1.843210100000000073e-01
-1.746109700000000042e-01
-1.678582100000000077e-01
-1.574719400000000047e-01
-1.713450800000000107e-01
-1.892189999999999983e-01
-1.873801400000000006e-01
-1.837626699999999891e-01
-1.024298700000000062e-01
1.420135999999999898e-01
2.553152499999999936e-01
3.243468700000000093e-01
3.655195700000000159e-01
3.680104100000000100e-01
3.473691199999999757e-01
3.239856099999999794e-01
2.971202900000000091e-01
2.727933799999999742e-01
2.549667700000000092e-01
2.476927100000000104e-01
2.384148399999999890e-01
2.402947800000000134e-01
2.225267900000000021e-01
1.603433200000000114e-01
-8.833884100000000128e-02
-1.891291700000000131e-01
-2.016602100000000064e-01
-1.885057300000000102e-01
-1.778718099999999913e-01
-1.703501900000000124e-01
-1.611536500000000094e-01
-1.613060000000000049e-01
-1.568655700000000097e-01
-1.258685700000000129e-01
1.211900000000000061e-01
2.539608700000000052e-01
3.117780800000000130e-01
3.387414300000000100e-01
3.295337899999999931e-01
3.095413900000000273e-01
2.883771500000000265e-01
2.479805700000000113e-01
1.947594800000000126e-01
1.844469300000000089e-01
2.016728399999999921e-01
2.253561299999999878e-01
2.428879499999999914e-01
2.566417300000000123e-01
2.233789700000000100e-01
4.074203099999999800e-02
-1.493242100000000128e-01
-1.842793500000000084e-01
-1.839244299999999999e-01
-1.875349799999999900e-01
-1.818693000000000115e-01
-1.799953999999999998e-01
-1.650526200000000110e-01
-1.648704599999999965e-01
-1.699948400000000082e-01
-1.011065899999999962e-01
1.650060600000000099e-01
2.978171199999999907e-01
3.515300800000000225e-01
3.320099400000000034e-01
3.106839699999999760e-01
2.856476199999999910e-01
2.569729099999999988e-01
2.416306799999999866e-01
2.353189300000000095e-01
2.418069200000000085e-01
2.228261500000000006e-01
2.116250399999999865e-01
2.007587799999999978e-01
2.110080099999999959e-01
1.981178500000000120e-01
1.672466599999999914e-01
-4.907578600000000318e-02
-1.808024599999999982e-01
-1.979453100000000132e-01
-1.903740200000000049e-01
-1.819396000000000069e-01
-1.758866099999999988e-01
-1.776668799999999993e-01
-1.732927200000000112e-01
-1.657005900000000087e-01
-1.540258200000000077e-01
7.829531500000000421e-02
2.185238599999999864e-01
2.740237400000000156e-01
3.013804099999999875e-01
2.861938600000000221e-01
2.776114199999999976e-01
2.484225399999999973e-01
2.131092599999999948e-01
1.948431200000000085e-01
1.810248700000000044e-01
1.873500200000000060e-01
1.915114599999999945e-01
1.980731500000000034e-01
1.954675399999999952e-01
1.586061300000000118e-01
-3.933251499999999845e-02
-1.903127500000000027e-01
-2.099716399999999872e-01
-2.011595999999999940e-01
-1.943803000000000059e-01
-1.848448900000000117e-01
-1.748594099999999929e-01
-1.659866100000000066e-01
-1.563792699999999869e-01
-1.515427299999999866e-01
-1.166354099999999949e-01
1.224691200000000008e-01
2.401862300000000006e-01
2.790820999999999996e-01
2.870108599999999788e-01
2.756306900000000115e-01
2.686230499999999743e-01
2.452350799999999942e-01
2.328559500000000060e-01
2.146120400000000039e-01
2.128795800000000127e-01
2.067826000000000108e-01
2.062993899999999992e-01
1.997732799999999975e-01
1.965966000000000102e-01
1.921544799999999886e-01
1.600933200000000112e-01
3.648878400000000327e-02
-1.385382300000000122e-01
-1.785296100000000052e-01
-1.746718800000000016e-01
-1.669666399999999995e-01
-1.513810200000000050e-01
-1.439378500000000061e-01
-1.526288100000000036e-01
-1.424308099999999910e-01
-1.367420400000000091e-01
-5.703366700000000317e-02
1.700022499999999936e-01
2.715682999999999847e-01
3.268096200000000229e-01
3.290073000000000025e-01
3.108991099999999785e-01
2.797298500000000021e-01
2.678521999999999847e-01
2.339372899999999922e-01
2.165213599999999960e-01
2.098279500000000131e-01
1.936726400000000070e-01
1.804811299999999896e-01
1.686697699999999966e-01
1.651531300000000091e-01
1.420335600000000031e-01
6.649493799999999649e-04
-1.856681199999999921e-01
-2.255965000000000054e-01
-2.186174499999999910e-01
-2.186076200000000025e-01
-2.095602799999999877e-01
-1.948622299999999974e-01
-1.944006100000000015e-01
-1.863030400000000031e-01
-1.860297399999999990e-01
-1.937376700000000007e-01
7.921390900000000249e-03
1.921804000000000012e-01
2.690188600000000263e-01
2.814974700000000274e-01
2.797462800000000138e-01
2.468067800000000034e-01
2.117867999999999973e-01
1.732751999999999903e-01
1.552066599999999963e-01
1.308501800000000104e-01
1.191958099999999993e-01
1.173780299999999943e-01
1.113074800000000003e-01
1.143840500000000010e-01
9.970891399999999571e-02
5.054481699999999883e-02
-1.620361100000000110e-01
-2.690493500000000204e-01
-2.798932499999999823e-01
-2.773339699999999852e-01
-2.733278199999999991e-01
-2.532870099999999791e-01
-2.392188299999999934e-01
-2.312439900000000104e-01
-2.325853400000000015e-01
-2.353880799999999995e-01
-2.249857000000000107e-01
-1.893733800000000148e-02
1.277149099999999871e-01
1.882767100000000138e-01
2.117345599999999883e-01
1.941892600000000024e-01
1.827682800000000052e-01
1.616941000000000073e-01
1.253598599999999896e-01
1.057226200000000033e-01
1.157007899999999978e-01
1.096251099999999978e-01
8.601393100000000180e-02
6.496550199999999442e-02
6.686360399999999315e-02
6.682067399999999657e-02
2.385552900000000032e-02
-2.146073199999999903e-01
-2.864276000000000044e-01
-2.844722800000000218e-01
-2.806870399999999988e-01
-2.668422699999999925e-01
-2.565410599999999874e-01
-2.563592000000000093e-01
-2.500229400000000268e-01
-2.564672599999999747e-01
-2.105156499999999986e-01
5.811008899999999672e-02
1.801854800000000090e-01
2.412401100000000076e-01
2.800535000000000108e-01
2.806819899999999923e-01
2.552669399999999977e-01
2.139091999999999938e-01
1.898222599999999927e-01
1.718723600000000018e-01
1.496905699999999950e-01
1.411195500000000103e-01
1.406366500000000019e-01
1.545495899999999867e-01
1.542589299999999886e-01
1.381283299999999936e-01
2.607124800000000173e-02
-1.851027100000000036e-01
-2.317213100000000137e-01
-2.250407700000000011e-01
-2.136982500000000063e-01
-2.110307700000000064e-01
-2.037760499999999864e-01
-1.980966100000000063e-01
-1.834580700000000009e-01
-1.665949899999999984e-01
-1.100712600000000041e-01
1.309661000000000020e-01
2.530451400000000017e-01
3.106778700000000226e-01
3.136627799999999744e-01
3.045435599999999909e-01
2.927078599999999864e-01
2.607913800000000171e-01
2.390725300000000053e-01
2.175355399999999995e-01
2.150698000000000054e-01
1.893324799999999974e-01
1.897525399999999973e-01
1.817496999999999863e-01
1.728176299999999999e-01
1.444012899999999877e-01
-2.112652699999999911e-02
-1.926315000000000111e-01
-2.214829199999999998e-01
-2.254705399999999971e-01
-2.234630800000000084e-01
-2.207912999999999959e-01
-2.029081500000000093e-01
-1.896314100000000002e-01
-1.799832299999999941e-01
-1.728748499999999966e-01
-1.753969800000000079e-01
-1.163221000000000047e-02
1.912805700000000109e-01
2.729172400000000054e-01
2.899982999999999866e-01
2.862964700000000251e-01
2.653995599999999788e-01
2.463455300000000070e-01
2.269184900000000005e-01
2.195732499999999976e-01
2.110934899999999947e-01
1.901928400000000019e-01
1.821784700000000090e-01
1.807772300000000110e-01
1.695178699999999872e-01
1.412035700000000005e-01
5.264371699999999960e-02
-1.662474100000000121e-01
-2.299350300000000125e-01
-2.325978099999999882e-01
-2.236157400000000073e-01
-2.126983299999999910e-01
-1.953046999999999978e-01
-1.883731100000000103e-01
-1.922990199999999872e-01
-1.859819900000000137e-01
-1.699122299999999974e-01
3.254788299999999968e-02
1.904341300000000070e-01
2.509735799999999739e-01
2.696769700000000158e-01
2.463122500000000104e-01
2.170263600000000015e-01
1.915968200000000010e-01
1.713128899999999954e-01
1.478253099999999876e-01
1.298172999999999966e-01
1.137245699999999970e-01
1.066537099999999988e-01
1.073142700000000033e-01
1.160275100000000004e-01
1.093171500000000018e-01
7.010927299999999973e-02
-1.327785400000000005e-01
-2.380508500000000083e-01
-2.469647600000000054e-01
-2.366809900000000078e-01
-2.357571300000000092e-01
-2.234422799999999931e-01
-2.201520600000000105e-01
-2.144543600000000105e-01
-2.125072600000000034e-01
-2.149298099999999989e-01
-1.935928799999999950e-01
3.733021899999999782e-02
1.723692300000000122e-01
2.417702700000000093e-01
2.423637200000000047e-01
2.339480899999999974e-01
2.052912699999999979e-01
1.838134700000000066e-01
1.595995100000000000e-01
1.477388099999999982e-01
1.471559199999999956e-01
1.426514999999999866e-01
1.384677599999999953e-01
1.354554000000000036e-01
1.451689499999999911e-01
1.295417000000000096e-01
6.192460899999999852e-02
-1.518574400000000102e-01
-2.247109899999999993e-01
-2.294066200000000055e-01
-2.241186099999999959e-01
-2.118713000000000124e-01
-2.006484299999999887e-01
-1.913620000000000043e-01
-1.896253099999999914e-01
-1.838419900000000107e-01
-1.649161700000000008e-01
6.675189099999999376e-02
2.058408599999999866e-01
2.848683799999999766e-01
3.050531100000000162e-01
2.934544399999999831e-01
2.666321799999999964e-01
2.471683399999999864e-01
2.315182799999999930e-01
1.951171700000000064e-01
1.750415499999999902e-01
1.672793999999999948e-01
1.640443500000000054e-01
1.716827300000000056e-01
1.766281700000000010e-01
1.569309200000000015e-01
6.666879300000000397e-02
-1.447296999999999889e-01
-1.866332900000000072e-01
-1.857954699999999904e-01
-1.769118600000000041e-01
-1.659007500000000135e-01
-1.603495199999999954e-01
-1.475314100000000017e-01
-1.399775600000000009e-01
-1.297337799999999930e-01
-1.243762399999999990e-01
-2.284671699999999903e-02
1.965513100000000069e-01
2.800827799999999757e-01
3.134789800000000182e-01
3.244073000000000095e-01
3.089247800000000099e-01
2.762231700000000179e-01
2.426838900000000132e-01
2.293385400000000074e-01
2.067875499999999866e-01
1.731523299999999932e-01
1.539818299999999862e-01
1.514831299999999936e-01
1.511227699999999896e-01
1.500444700000000131e-01
1.075049099999999952e-01
-1.554102400000000050e-02
-1.949883799999999889e-01
-2.316229300000000046e-01
-2.243808800000000048e-01
-2.087061100000000002e-01
-1.973264700000000038e-01
-1.870801500000000006e-01
-1.746629199999999993e-01
-1.660471599999999992e-01
-1.680395299999999925e-01
-1.076913599999999999e-01
1.159205700000000006e-01
2.322273599999999938e-01
2.933561900000000167e-01
3.069126699999999985e-01
2.962423599999999824e-01
2.490494699999999950e-01
2.240803500000000115e-01
2.069874800000000015e-01
1.884058299999999964e-01
1.684899699999999889e-01
1.510512800000000100e-01
1.370262700000000056e-01
1.367527600000000010e-01
1.410662500000000041e-01
1.374247899999999911e-01
7.021866499999999955e-02
-1.401033100000000087e-01
-2.133715099999999865e-01
-2.152285999999999921e-01
-2.076448899999999986e-01
-1.972819100000000048e-01
-1.891662899999999869e-01
-1.896040099999999895e-01
-1.803998199999999885e-01
-1.826837900000000126e-01
-1.732416200000000128e-01
-9.557658400000000609e-02
1.253578200000000087e-01
2.274567700000000026e-01
2.791315300000000166e-01
2.911484799999999873e-01
2.676622599999999852e-01
2.367810800000000049e-01
2.213132399999999944e-01
2.035049700000000072e-01
1.976907300000000089e-01
1.858674600000000121e-01
1.870889000000000024e-01
1.901349699999999865e-01
1.839445600000000069e-01
1.798671199999999915e-01
1.474331000000000114e-01
2.224571200000000082e-02
-1.600934400000000035e-01
-2.063312099999999871e-01
-1.975886299999999873e-01
-1.858209200000000005e-01
-1.751454600000000028e-01
-1.672522200000000070e-01
-1.523467199999999910e-01
-1.528148400000000073e-01
-1.477608499999999991e-01
-9.999700699999999887e-02
1.388723400000000108e-01
2.603764599999999763e-01
3.065982400000000219e-01
3.193356800000000106e-01
3.046568299999999896e-01
2.799610900000000235e-01
2.296633200000000041e-01
1.987674299999999949e-01
1.920323600000000130e-01
1.963731900000000030e-01
2.189970800000000106e-01
2.395078300000000049e-01
2.352367099999999878e-01
2.134295999999999971e-01
1.086578299999999969e-01
-1.336440000000000128e-01
-1.928122700000000078e-01
-1.936807700000000021e-01
-1.867750400000000033e-01
-1.865338099999999943e-01
-1.802920799999999935e-01
-1.740748599999999979e-01
-1.683157399999999915e-01
-1.694840599999999919e-01
-1.190791499999999947e-01
1.449111899999999953e-01
2.797457799999999994e-01
3.359920699999999760e-01
3.321580199999999983e-01
3.020625000000000115e-01
2.775507199999999730e-01
2.580682599999999938e-01
2.361457499999999876e-01
2.091849799999999926e-01
1.882900799999999986e-01
1.848954800000000009e-01
1.664487699999999959e-01
1.644029100000000132e-01
1.835435599999999945e-01
1.754853100000000055e-01
1.166500500000000051e-01
-1.229815900000000017e-01
-2.154147399999999934e-01
-2.330745399999999967e-01
-2.301912000000000125e-01
-2.304304600000000036e-01
-2.252404600000000034e-01
-2.124947699999999995e-01
-2.018913800000000092e-01
-1.958237499999999909e-01
-2.081612999999999936e-01
-3.992156499999999913e-02
1.572991499999999987e-01
2.361089799999999961e-01
2.668760600000000260e-01
2.695334799999999920e-01
2.325399900000000020e-01
2.038295099999999915e-01
1.786561700000000030e-01
1.646184599999999942e-01
1.413817800000000124e-01
1.423498300000000105e-01
1.378562200000000015e-01
1.475949699999999920e-01
1.412359499999999990e-01
1.118190800000000013e-01
1.241889900000000060e-02
-1.991283799999999937e-01
-2.552340399999999954e-01
-2.550586000000000242e-01
-2.444912700000000105e-01
-2.393180199999999924e-01
-2.370549999999999879e-01
-2.317522399999999982e-01
-2.257991099999999973e-01
-2.192511600000000005e-01
-2.154387700000000017e-01
-1.143349000000000032e-01
1.149279099999999942e-01
1.944116999999999928e-01
2.211175499999999960e-01
2.377816899999999900e-01
2.307920900000000053e-01
1.980431900000000078e-01
1.671326999999999952e-01
1.516699800000000098e-01
1.333273399999999886e-01
1.234417099999999962e-01
1.253588200000000097e-01
1.208663600000000060e-01
1.310440499999999953e-01
1.265080500000000108e-01
8.432847899999999786e-02
-1.366864200000000029e-01
-2.253960299999999972e-01
-2.284706200000000131e-01
-2.155870199999999903e-01
-2.078425899999999937e-01
-1.948128899999999886e-01
-1.888361699999999976e-01
-1.884799199999999952e-01
-1.861550800000000006e-01
-1.802797100000000097e-01
-9.456606399999999482e-03
1.785166699999999884e-01
2.405380199999999913e-01
2.784716099999999805e-01
2.768502999999999936e-01
2.593909699999999985e-01
2.425127499999999992e-01
2.218929699999999949e-01
2.090954999999999897e-01
1.955768200000000123e-01
1.951526399999999883e-01
1.704080400000000106e-01
1.445679099999999939e-01
1.254391400000000045e-01
1.000960600000000006e-01
-1.405295699999999960e-02
-2.184523200000000054e-01
-2.555323500000000192e-01
-2.398392500000000038e-01
-2.345890999999999948e-01
-2.311374599999999890e-01
-2.338615800000000133e-01
-2.203884399999999910e-01
-2.149475799999999992e-01
-2.114151599999999909e-01
-2.113131000000000037e-01
1.693676100000000156e-02
2.101348700000000014e-01
2.828097299999999814e-01
3.056577899999999848e-01
3.079832000000000125e-01
2.909543499999999727e-01
2.645122500000000043e-01
2.246291400000000049e-01
1.956993700000000114e-01
1.936088900000000057e-01
1.838520299999999996e-01
1.819524299999999983e-01
1.737713899999999978e-01
1.828110099999999960e-01
1.711162599999999923e-01
1.310072100000000128e-01
-5.141432099999999894e-02
-2.043304200000000126e-01
-2.228333100000000067e-01
-2.191511299999999995e-01
-2.262544099999999891e-01
-2.168364000000000125e-01
-2.066086799999999890e-01
-2.000205399999999967e-01
-1.928208899999999948e-01
-1.976554299999999931e-01
-1.171031299999999997e-02
1.709678799999999887e-01
2.579032099999999939e-01
2.956932400000000238e-01
2.906642400000000181e-01
2.617085100000000053e-01
2.444278000000000006e-01
2.288847599999999927e-01
2.017395100000000108e-01
1.902766599999999864e-01
1.829452500000000037e-01
1.723874999999999991e-01
1.755835799999999891e-01
1.897898500000000099e-01
1.773421000000000025e-01
1.352076799999999968e-01
-9.664481199999999661e-02
-2.115068999999999977e-01
-2.149745100000000075e-01
-2.032388300000000092e-01
-1.904097600000000112e-01
-1.836968800000000068e-01
-1.766816700000000129e-01
-1.798542399999999986e-01
-1.758638399999999935e-01
-1.771543100000000093e-01
-1.096098199999999967e-01
1.219005100000000036e-01
2.365260799999999997e-01
2.697862999999999789e-01
2.832432799999999862e-01
2.604558599999999835e-01
2.391473000000000071e-01
2.215928500000000079e-01
1.987366999999999884e-01
1.755001499999999937e-01
1.706459999999999921e-01
1.649530600000000125e-01
1.480919599999999947e-01
1.447453200000000106e-01
1.537359000000000087e-01
1.307985799999999976e-01
4.765328499999999662e-02
-2.017046899999999920e-01
-2.613535499999999900e-01
-2.477695900000000118e-01
