2.541115099999999849e-01
2.405229200000000012e-01
2.383214600000000127e-01
1.960563100000000114e-01
5.252391599999999688e-03
-1.755117800000000061e-01
-2.054904999999999926e-01
-2.113531899999999963e-01
-2.052839100000000139e-01
-1.915946799999999894e-01
-1.887800799999999890e-01
-1.845547800000000016e-01
-1.826151900000000106e-01
-1.780579899999999993e-01
-1.757922500000000110e-01
-8.606671800000000039e-02
1.649056700000000042e-01
2.760998000000000063e-01
3.116992599999999780e-01
3.057069199999999931e-01
2.862673600000000262e-01
2.589883199999999941e-01
2.271430500000000130e-01
1.893763099999999922e-01
1.854027699999999945e-01
1.819327900000000109e-01
1.695500299999999905e-01
1.657729699999999917e-01
1.665950399999999998e-01
1.691521300000000116e-01
1.395951400000000064e-01
-4.352046999999999860e-02
-2.128089699999999862e-01
-2.434667799999999938e-01
-2.374770200000000109e-01
-2.382499399999999934e-01
-2.323209900000000050e-01
-2.259129500000000013e-01
-2.213815899999999892e-01
-2.102419299999999935e-01
-2.013388500000000136e-01
-2.043083199999999877e-01
-3.488784400000000119e-03
1.613641000000000103e-01
2.385698300000000105e-01
2.682228600000000074e-01
2.625793699999999786e-01
2.537505999999999928e-01
2.328285999999999967e-01
2.181414200000000025e-01
2.152492199999999911e-01
1.836400800000000111e-01
1.712725499999999956e-01
1.696126099999999970e-01
1.662607299999999955e-01
1.643826300000000018e-01
1.617061700000000102e-01
1.228599400000000008e-01
-1.058455100000000038e-01
-2.083935000000000093e-01
-2.224759600000000004e-01
-2.158040800000000092e-01
-1.989550499999999944e-01
-1.896828000000000125e-01
-1.846249699999999994e-01
-1.788408999999999971e-01
-1.813240299999999972e-01
-1.678310100000000027e-01
-1.391925499999999982e-01
1.233856599999999942e-01
2.618300000000000072e-01
3.185365099999999949e-01
3.341197499999999931e-01
3.187082600000000210e-01
3.005142399999999880e-01
2.759920799999999730e-01
2.524156300000000019e-01
2.289793099999999915e-01
2.090141199999999977e-01
1.958102600000000137e-01
1.795965099999999870e-01
1.859344500000000011e-01
1.785436400000000035e-01
1.485528600000000088e-01
2.005043000000000103e-02
-1.731717799999999974e-01
-2.051032499999999870e-01
-1.986517299999999986e-01
-1.868807100000000054e-01
-1.828069099999999891e-01
-1.782875499999999891e-01
-1.839254200000000061e-01
-1.822207299999999974e-01
-1.757039699999999871e-01
-1.491918999999999884e-01
1.116667199999999971e-01
2.445489399999999924e-01
2.879341100000000209e-01
2.834691899999999820e-01
2.578890099999999741e-01
2.286923800000000007e-01
2.014724400000000026e-01
1.800257600000000069e-01
1.683994500000000061e-01
1.584251799999999988e-01
1.446212299999999895e-01
1.441601899999999936e-01
1.286022199999999893e-01
1.284965899999999939e-01
1.223831600000000047e-01
8.126635599999999793e-02
-1.230955799999999961e-01
-2.378393299999999877e-01
-2.602731799999999929e-01
-2.473990100000000025e-01
-2.376382200000000111e-01
-2.305112599999999956e-01
-2.240622800000000026e-01
-2.239034699999999933e-01
-2.089461999999999986e-01
-2.128053900000000109e-01
-2.065473399999999959e-01
1.924819599999999867e-02
1.649811200000000089e-01
2.394605599999999890e-01
2.614609099999999908e-01
2.592731699999999972e-01
2.310551600000000094e-01
1.941840900000000036e-01
1.775531099999999862e-01
1.649806900000000132e-01
1.591779899999999914e-01
1.527281600000000017e-01
1.452272000000000007e-01
1.527405599999999974e-01
1.597500799999999888e-01
1.466766300000000023e-01
5.596394799999999947e-02
-1.570932300000000004e-01
-2.113188300000000130e-01
-2.061117299999999930e-01
-1.964464800000000066e-01
-1.838488500000000081e-01
-1.734109400000000134e-01
-1.618451200000000090e-01
-1.527477399999999930e-01
-1.481856099999999954e-01
-1.531903099999999962e-01
-1.596821600000000035e-02
1.920119200000000026e-01
2.756205800000000039e-01
3.061367999999999867e-01
3.055406600000000195e-01
2.911007999999999929e-01
2.699853500000000128e-01
2.431977899999999970e-01
2.269046299999999960e-01
2.063150499999999998e-01
2.020188800000000118e-01
2.016389000000000098e-01
1.970415199999999978e-01
1.982958099999999890e-01
1.953957799999999911e-01
1.868494400000000055e-01
6.128243600000000263e-02
-1.399226399999999870e-01
-1.686150499999999886e-01
-1.606301800000000113e-01
-1.539551100000000061e-01
-1.393973099999999965e-01
-1.354481399999999947e-01
-1.306471899999999964e-01
-1.221710700000000066e-01
-1.148527000000000020e-01
-1.103322999999999943e-01
7.791734499999999897e-02
2.543870100000000245e-01
3.192034200000000155e-01
3.357439700000000027e-01
3.224611199999999900e-01
2.881371899999999875e-01
2.679596200000000095e-01
2.460023199999999965e-01
2.341326499999999977e-01
2.372710799999999953e-01
2.340551999999999910e-01
2.237137299999999995e-01
2.273507800000000023e-01
2.252233999999999903e-01
1.966022000000000047e-01
1.387185499999999960e-01
-8.947951399999999611e-02
-1.590365300000000093e-01
-1.620292899999999925e-01
-1.538743200000000089e-01
-1.402855500000000089e-01
-1.247083600000000042e-01
-1.165439900000000001e-01
-1.034370000000000012e-01
-8.729616900000000679e-02
-8.449229900000000681e-02
1.149173000000000000e-01
2.764516799999999774e-01
3.312566499999999858e-01
3.445521200000000173e-01
3.463623599999999803e-01
3.172691400000000050e-01
2.991153799999999863e-01
2.673284200000000110e-01
2.456141199999999913e-01
2.136835499999999999e-01
2.050849399999999934e-01
2.026033899999999943e-01
2.108844300000000116e-01
2.151337200000000005e-01
2.053561600000000098e-01
1.770381199999999933e-01
-2.525157999999999917e-02
-1.537127000000000077e-01
-1.690549299999999922e-01
-1.692284199999999905e-01
-1.556868799999999997e-01
-1.471242100000000053e-01
-1.407571599999999923e-01
-1.372022699999999873e-01
-1.307637600000000067e-01
-1.290667100000000012e-01
-1.274951300000000121e-01
6.907866499999999743e-02
2.306824000000000097e-01
2.944897200000000104e-01
3.237052799999999841e-01
3.082522600000000002e-01
2.805575200000000047e-01
2.458525699999999925e-01
2.209340099999999862e-01
2.035596299999999914e-01
1.882688499999999876e-01
1.597193399999999874e-01
1.450688099999999925e-01
1.477750100000000122e-01
1.509182000000000023e-01
1.512275200000000042e-01
8.411965400000000204e-02
-1.398281000000000107e-01
-2.129893800000000059e-01
-2.103973100000000040e-01
-2.039368099999999961e-01
-1.985849299999999928e-01
-1.852860799999999919e-01
-1.826685000000000114e-01
-1.764426099999999997e-01
-1.656028400000000012e-01
-1.595746600000000071e-01
-1.478598000000000134e-01
6.246786599999999690e-02
2.044581000000000037e-01
2.675653599999999743e-01
2.772817599999999882e-01
2.644918600000000231e-01
2.467747299999999977e-01
2.283238200000000107e-01
2.062713700000000094e-01
1.701846200000000087e-01
1.472875200000000051e-01
1.378777499999999934e-01
1.320542799999999961e-01
1.236178400000000066e-01
1.260303000000000118e-01
1.174850699999999970e-01
7.443718400000000346e-02
-1.473213700000000070e-01
-2.401286099999999923e-01
-2.357064000000000104e-01
-2.354222499999999996e-01
-2.226972399999999908e-01
-2.075082400000000105e-01
-1.986487799999999970e-01
-1.980715200000000009e-01
-1.913034100000000071e-01
-1.903052399999999866e-01
-1.089420900000000053e-01
1.175219200000000019e-01
2.296564899999999909e-01
2.674790799999999802e-01
2.584484100000000173e-01
2.448093299999999917e-01
2.202737100000000114e-01
1.864510900000000138e-01
1.566127800000000070e-01
1.444820199999999888e-01
1.184420899999999999e-01
1.057570300000000019e-01
9.732654200000000200e-02
9.395061799999999963e-02
9.542153800000000019e-02
6.863113399999999642e-02
-8.927430299999999930e-02
-2.583450299999999755e-01
-2.872166500000000178e-01
-2.852371100000000159e-01
-2.793588799999999761e-01
-2.751800500000000094e-01
-2.546008000000000160e-01
-2.477324999999999944e-01
-2.553631599999999779e-01
-2.477794899999999911e-01
-2.350635500000000100e-01
-4.010703499999999921e-02
1.249571599999999977e-01
2.087541900000000061e-01
2.200234199999999973e-01
1.844380899999999990e-01
1.401822000000000068e-01
1.255471400000000015e-01
1.489915900000000071e-01
1.635978100000000102e-01
1.530472300000000063e-01
1.486627399999999877e-01
1.426441200000000131e-01
1.387470299999999934e-01
1.111231800000000020e-01
-2.471862699999999996e-02
-2.558990099999999823e-01
-3.080607499999999943e-01
-3.068822299999999781e-01
-2.985256099999999968e-01
-2.944364500000000162e-01
-2.841119200000000178e-01
-2.775354500000000169e-01
-2.759970999999999952e-01
-2.597773199999999783e-01
-2.540195599999999776e-01
-1.827799800000000086e-01
7.203366999999999409e-02
1.921643700000000010e-01
2.574477700000000202e-01
2.709494800000000203e-01
2.568447600000000053e-01
2.388716800000000029e-01
2.318819400000000086e-01
2.178652699999999998e-01
2.052436499999999997e-01
1.845025999999999888e-01
1.635243899999999917e-01
1.609453000000000134e-01
1.565753099999999953e-01
1.541382400000000097e-01
1.421879600000000021e-01
5.733332000000000012e-02
-1.698689600000000133e-01
-2.406580000000000108e-01
-2.404597199999999879e-01
-2.339938699999999927e-01
-2.360835699999999926e-01
-2.248068599999999972e-01
-2.055022599999999922e-01
-2.013374599999999959e-01
-1.931307899999999966e-01
-1.784512600000000004e-01
4.725991999999999693e-02
2.193840800000000091e-01
2.990482700000000049e-01
3.312126899999999763e-01
3.277865200000000256e-01
3.266162200000000126e-01
3.057726499999999792e-01
2.799301599999999834e-01
2.690397199999999822e-01
2.446711199999999919e-01
2.263074399999999986e-01
2.079064599999999874e-01
2.071138100000000093e-01
2.052455699999999883e-01
1.791251899999999897e-01
1.174260699999999935e-01
-9.733188500000000687e-02
-1.780861599999999934e-01
-1.915459800000000046e-01
-1.906672199999999984e-01
-1.779816899999999980e-01
-1.591493499999999950e-01
-1.614162299999999939e-01
-1.500960299999999914e-01
-1.443151400000000084e-01
-1.392505900000000074e-01
-1.830806600000000131e-02
2.077022699999999944e-01
2.838305799999999990e-01
3.217534000000000227e-01
3.228381100000000115e-01
2.934200000000000141e-01
2.766135499999999858e-01
2.590586899999999804e-01
2.399541299999999877e-01
2.165505699999999978e-01
1.984831099999999904e-01
1.873250399999999982e-01
1.786096000000000072e-01
1.773627200000000015e-01
1.858716400000000046e-01
1.726649600000000062e-01
1.141131199999999984e-01
-1.045273099999999983e-01
-1.791580100000000064e-01
-1.858800100000000122e-01
-1.779922600000000132e-01
-1.757201499999999916e-01
-1.620257099999999895e-01
-1.628971300000000011e-01
-1.575652200000000058e-01
-1.486895199999999917e-01
-1.450635999999999870e-01
6.075651600000000346e-02
2.393058799999999986e-01
3.069621799999999734e-01
3.234128499999999740e-01
3.225097100000000050e-01
3.081891900000000017e-01
2.756202500000000111e-01
2.609297899999999948e-01
2.513381700000000274e-01
2.478255099999999989e-01
2.300229599999999985e-01
2.142477600000000093e-01
2.077021799999999863e-01
2.007321800000000100e-01
1.814781599999999995e-01
1.205774700000000060e-01
-9.960417000000000576e-02
-1.848019899999999993e-01
-1.922901099999999863e-01
-1.878892699999999971e-01
-1.737277200000000021e-01
-1.605271899999999863e-01
-1.516532300000000000e-01
-1.478320499999999926e-01
-1.421965599999999996e-01
-1.356718299999999933e-01
-1.101976699999999976e-01
1.258997199999999927e-01
2.638657699999999995e-01
3.147189100000000184e-01
3.236338500000000007e-01
3.113698999999999772e-01
2.954869099999999915e-01
2.843107100000000220e-01
2.497044399999999997e-01
2.273805999999999883e-01
2.177624099999999896e-01
2.088139199999999862e-01
2.096883599999999903e-01
2.037360599999999966e-01
1.945727399999999940e-01
1.737379699999999916e-01
6.561833100000000196e-02
-1.374164900000000022e-01
-1.898102999999999874e-01
-1.898262599999999967e-01
-1.807280599999999959e-01
-1.707401199999999952e-01
-1.577557599999999949e-01
-1.672067799999999993e-01
-1.652476599999999907e-01
-1.619772100000000103e-01
-1.697648300000000054e-01
-1.020406900000000033e-01
1.253504199999999902e-01
2.318986899999999907e-01
2.685019900000000237e-01
2.745160300000000220e-01
2.696722300000000128e-01
2.469992699999999930e-01
2.235095099999999946e-01
1.946555799999999947e-01
1.749330699999999961e-01
1.673063800000000045e-01
1.587470300000000112e-01
1.455322099999999952e-01
1.520998399999999862e-01
1.528971399999999869e-01
1.283317599999999892e-01
-8.068985500000000477e-02
-2.266485400000000094e-01
-2.602708200000000138e-01
-2.716009899999999866e-01
-2.713107300000000000e-01
-2.712477500000000097e-01
-2.542731300000000139e-01
-2.500983900000000038e-01
-2.400904500000000108e-01
-2.313982099999999931e-01
-2.184180799999999867e-01
3.182820599999999778e-02
1.990924799999999883e-01
2.855268999999999724e-01
3.439952700000000196e-01
3.382286400000000248e-01
3.210402800000000112e-01
3.028969300000000087e-01
2.808921899999999860e-01
2.671059499999999809e-01
2.360068700000000075e-01
2.135243699999999911e-01
2.047292599999999962e-01
2.057065100000000091e-01
2.069973499999999966e-01
1.672091800000000128e-01
4.576573300000000288e-02
-1.792511999999999994e-01
-2.317637100000000117e-01
-2.388704299999999947e-01
-2.384111800000000003e-01
-2.328532500000000116e-01
-2.248678600000000027e-01
-2.070760700000000010e-01
-1.966700799999999971e-01
-1.906083899999999887e-01
-1.922839799999999932e-01
-2.637476899999999930e-02
1.693332800000000027e-01
2.554823399999999745e-01
2.851924100000000073e-01
2.746980900000000059e-01
2.663591799999999732e-01
2.401856900000000072e-01
2.272121900000000083e-01
2.226705200000000107e-01
1.951296700000000051e-01
1.911488199999999971e-01
1.629256400000000105e-01
1.371292600000000028e-01
1.381783400000000106e-01
1.251558299999999957e-01
3.462293599999999999e-02
-1.825163399999999991e-01
-2.247679099999999874e-01
-2.259740299999999924e-01
-2.206984499999999905e-01
-2.198665700000000112e-01
-2.025715600000000116e-01
-1.921684200000000065e-01
-1.915306900000000034e-01
-1.892198800000000070e-01
2.405892399999999889e-02
2.334599900000000061e-01
3.115261699999999911e-01
3.447726400000000191e-01
3.400048099999999907e-01
3.216457099999999736e-01
2.860215500000000133e-01
2.599247800000000219e-01
2.418474999999999930e-01
2.344388400000000094e-01
2.298736500000000127e-01
2.300088700000000042e-01
2.241945300000000030e-01
2.177614200000000111e-01
1.972235099999999908e-01
1.409276700000000049e-01
-8.780125499999999472e-02
-2.002560700000000082e-01
-2.180701399999999957e-01
-2.129038299999999884e-01
-2.120425499999999963e-01
-1.992609899999999989e-01
-2.001403300000000052e-01
-1.930972200000000139e-01
-1.884545499999999985e-01
-1.762310500000000002e-01
6.262146300000000221e-02
2.350381400000000065e-01
3.061808799999999886e-01
3.302284300000000172e-01
3.265702400000000116e-01
3.009465199999999951e-01
2.906210499999999919e-01
2.623684499999999753e-01
2.307976399999999984e-01
2.311957799999999896e-01
2.134344999999999992e-01
2.042351400000000095e-01
1.983263799999999966e-01
1.983183199999999924e-01
1.676396300000000117e-01
9.311827000000000298e-02
-1.399710399999999910e-01
-2.131303700000000134e-01
-2.215798599999999896e-01
-2.044076800000000083e-01
-1.895028300000000110e-01
-1.872443699999999933e-01
-1.867413800000000124e-01
-1.817073800000000017e-01
-1.800009399999999982e-01
-1.725191500000000100e-01
-1.033166499999999960e-01
1.341678400000000104e-01
2.368794399999999967e-01
2.849449600000000249e-01
2.849302699999999855e-01
2.678687900000000233e-01
2.461225499999999955e-01
2.188055799999999995e-01
1.843818799999999980e-01
1.658135000000000026e-01
1.621891699999999936e-01
1.515883899999999895e-01
1.514008199999999915e-01
1.440121400000000107e-01
1.447378599999999960e-01
1.204332600000000003e-01
4.038723699999999944e-02
-1.625931200000000076e-01
-2.187059100000000034e-01
-2.266612100000000019e-01
-2.289671500000000082e-01
-2.142336499999999977e-01
-2.118098999999999954e-01
-1.941104100000000110e-01
-1.904491899999999904e-01
-1.871080200000000138e-01
-1.937491899999999878e-01
-1.006681299999999946e-01
1.302913300000000107e-01
2.405817100000000042e-01
2.833221100000000159e-01
2.878609799999999885e-01
2.767004100000000077e-01
2.617026499999999811e-01
2.442892200000000014e-01
2.474103099999999944e-01
2.374476100000000034e-01
2.254375999999999880e-01
2.066004899999999977e-01
2.088241200000000020e-01
2.091730900000000060e-01
2.062874299999999939e-01
1.729093700000000067e-01
2.391227500000000020e-02
-1.825134599999999885e-01
-2.220873800000000009e-01
-2.271536700000000020e-01
-2.248599400000000081e-01
-2.159473600000000049e-01
-1.990364599999999984e-01
-1.956583899999999876e-01
-1.956403800000000026e-01
-1.953942599999999863e-01
-1.331615600000000121e-01
1.218793100000000046e-01
2.414200300000000077e-01
2.957204700000000130e-01
3.017058300000000082e-01
2.711480000000000001e-01
2.559555499999999761e-01
2.467284700000000053e-01
2.138942000000000065e-01
2.082102200000000014e-01
1.977656499999999873e-01
1.936467099999999997e-01
1.892158200000000068e-01
1.932673699999999939e-01
1.525294399999999884e-01
6.787909999999999777e-02
-1.793906399999999901e-01
-2.347450399999999882e-01
-2.298943599999999921e-01
-2.219904000000000044e-01
-2.056261100000000008e-01
-2.042647099999999882e-01
-1.836509000000000058e-01
-1.864483000000000112e-01
-1.773441299999999887e-01
-1.795483800000000074e-01
-8.811601900000000376e-02
1.624779600000000046e-01
2.545214900000000169e-01
2.816950100000000234e-01
3.111762599999999823e-01
3.060929000000000011e-01
2.800091599999999792e-01
2.675445699999999816e-01
2.533362499999999851e-01
2.237648700000000046e-01
2.116627199999999986e-01
1.940050799999999964e-01
1.958140200000000053e-01
1.830881799999999893e-01
1.828855199999999959e-01
1.760928099999999885e-01
9.355172300000000329e-02
-1.336612100000000025e-01
-1.924970099999999962e-01
-1.907668200000000036e-01
-1.903782099999999922e-01
-1.870249999999999968e-01
-1.794493400000000127e-01
-1.759841299999999886e-01
-1.772536799999999968e-01
-1.775950599999999990e-01
-1.222427900000000039e-01
1.354710399999999870e-01
2.404447799999999968e-01
2.892086700000000010e-01
2.919656500000000210e-01
2.629199400000000186e-01
2.536277299999999957e-01
2.536351399999999812e-01
2.325425299999999973e-01
2.046091800000000016e-01
1.870513900000000118e-01
1.822888699999999917e-01
1.834983299999999873e-01
1.869620600000000132e-01
1.771157499999999885e-01
1.491060700000000072e-01
-6.441622099999999573e-02
-2.031914099999999890e-01
-2.179040100000000091e-01
-2.042499500000000134e-01
-1.961510900000000002e-01
-1.977017299999999922e-01
-1.875670600000000077e-01
-1.830668099999999965e-01
-1.746274100000000107e-01
-1.767219200000000046e-01
-7.541733400000000254e-02
1.563760800000000006e-01
2.598173500000000025e-01
3.025472499999999898e-01
3.004201599999999917e-01
2.827536500000000230e-01
2.503775999999999780e-01
2.314229399999999937e-01
2.060964600000000091e-01
1.924409800000000115e-01
1.873723599999999878e-01
1.713626699999999947e-01
1.664086100000000124e-01
1.725663000000000058e-01
1.629053599999999991e-01
1.318121200000000048e-01
-9.988174199999999905e-03
-1.922894800000000126e-01
-2.217991599999999952e-01
-2.147971700000000095e-01
-2.133603400000000094e-01
-2.019647999999999999e-01
-2.019659699999999947e-01
-1.925123099999999920e-01
-1.878601199999999916e-01
-1.777438799999999930e-01
-1.615096199999999926e-01
8.119335099999999694e-02
2.134201400000000082e-01
2.651701200000000092e-01
2.833812800000000132e-01
2.672219399999999911e-01
2.437296399999999974e-01
2.100580200000000120e-01
1.877125500000000058e-01
1.760042099999999943e-01
1.758637100000000064e-01
1.602327799999999913e-01
1.464526700000000070e-01
1.472960899999999906e-01
1.377480799999999950e-01
1.146594300000000066e-01
4.501184400000000224e-02
-1.636866299999999996e-01
-2.417052699999999998e-01
-2.493535600000000019e-01
-2.275601600000000113e-01
-2.211812400000000012e-01
-2.067892699999999973e-01
-2.094505100000000064e-01
-2.078301700000000085e-01
-1.998925400000000074e-01
-2.061572200000000021e-01
-1.538559600000000138e-01
8.167403199999999364e-02
2.062684100000000131e-01
2.546962600000000077e-01
2.745554199999999945e-01
2.347284400000000104e-01
2.197479200000000132e-01
2.014032500000000059e-01
1.777563500000000074e-01
1.640076699999999943e-01
1.561322900000000069e-01
1.405242800000000014e-01
1.333727899999999911e-01
1.214778200000000002e-01
1.134120899999999932e-01
7.490311900000000411e-02
-1.098866899999999952e-01
-2.562857599999999736e-01
-2.656514400000000165e-01
-2.642014599999999991e-01
-2.405685499999999921e-01
-2.228773900000000086e-01
-2.114058500000000063e-01
-2.028981400000000046e-01
-2.086876500000000023e-01
-1.986344300000000007e-01
-1.234542099999999948e-01
1.087019999999999931e-01
1.968456700000000004e-01
2.211911000000000016e-01
2.383860600000000107e-01
2.342574199999999940e-01
2.121738499999999972e-01
1.733702900000000102e-01
1.578906999999999949e-01
1.621180100000000068e-01
1.539917500000000106e-01
1.429500200000000110e-01
1.407991899999999907e-01
1.388786899999999991e-01
1.411262600000000034e-01
1.254553900000000000e-01
6.251992400000000449e-02
-1.501270000000000104e-01
-2.379975699999999916e-01
-2.477823000000000109e-01
-2.411043400000000003e-01
-2.229542800000000047e-01
-2.050149599999999961e-01
-2.022941000000000045e-01
-1.883322600000000013e-01
-1.884417899999999979e-01
-1.901830999999999938e-01
-1.326936599999999911e-01
1.008981000000000045e-01
2.236080799999999869e-01
2.961218199999999801e-01
3.060341999999999785e-01
2.877016700000000204e-01
2.618606800000000123e-01
2.362064799999999964e-01
2.094260799999999867e-01
2.002242499999999925e-01
1.772208000000000117e-01
1.735238600000000020e-01
1.683716199999999996e-01
1.664161999999999864e-01
1.548165900000000039e-01
1.080980200000000030e-01
-1.108657200000000009e-01
-2.072794199999999920e-01
-2.296838599999999897e-01
-2.314980700000000002e-01
-2.171935700000000025e-01
-2.088935199999999992e-01
-1.930109999999999881e-01
-1.928295600000000110e-01
-1.856695800000000007e-01
-1.818731299999999940e-01
-1.117608400000000002e-01
1.317608600000000074e-01
2.400675899999999974e-01
2.897432400000000130e-01
3.104899799999999987e-01
2.929287400000000208e-01
2.687453899999999729e-01
2.309174800000000083e-01
2.049999000000000127e-01
1.913457799999999931e-01
1.944127499999999953e-01
1.800709000000000060e-01
1.702636200000000044e-01
1.735164499999999888e-01
1.753741099999999997e-01
1.436426899999999895e-01
-1.899643300000000007e-02
-1.680599600000000082e-01
-1.856317399999999895e-01
-1.829319000000000084e-01
-1.678708999999999896e-01
-1.614315900000000137e-01
-1.576689699999999916e-01
-1.485748699999999978e-01
-1.375520399999999865e-01
-1.326409699999999969e-01
-1.305878400000000106e-01
-6.623477399999999626e-02
1.607099499999999903e-01
2.756471600000000022e-01
3.321172900000000094e-01
3.390239899999999973e-01
3.236726400000000115e-01
3.049818999999999725e-01
2.818809299999999740e-01
2.631496400000000180e-01
2.410534099999999957e-01
2.374820699999999896e-01
2.418983000000000105e-01
2.233389100000000016e-01
2.174812499999999871e-01
2.131872499999999948e-01
1.865679799999999944e-01
2.367017600000000110e-02
-1.303288599999999908e-01
-1.529468200000000111e-01
-1.550117599999999984e-01
-1.388021100000000063e-01
-1.253838899999999978e-01
-1.164432200000000001e-01
-1.092305199999999976e-01
-1.065401700000000035e-01
-1.114284999999999998e-01
-7.112738100000000341e-02
1.517824500000000132e-01
2.760515700000000239e-01
3.356674099999999994e-01
3.471572600000000230e-01
3.381865299999999852e-01
3.138884399999999908e-01
2.842897699999999972e-01
2.534339199999999792e-01
2.446944400000000130e-01
2.338173500000000071e-01
2.137059799999999898e-01
1.874363699999999910e-01
1.841302599999999901e-01
1.829622800000000049e-01
1.779920299999999955e-01
1.045062300000000055e-01
-1.053976400000000008e-01
-1.694568599999999869e-01
-1.714949299999999899e-01
-1.580891799999999958e-01
-1.530339799999999861e-01
-1.422228899999999907e-01
-1.388922200000000107e-01
-1.367326399999999886e-01
-1.307020100000000074e-01
-1.396245399999999914e-01
6.777408399999999833e-02
2.164095799999999903e-01
2.863784899999999856e-01
3.194338899999999981e-01
2.925089900000000243e-01
2.535541099999999992e-01
2.354616300000000051e-01
2.036204500000000084e-01
1.824723699999999948e-01
1.662828500000000098e-01
1.587965400000000138e-01
1.503228600000000026e-01
1.548539499999999902e-01
1.611601300000000125e-01
1.527220900000000048e-01
1.192180899999999988e-01
-3.760085900000000037e-02
-1.934593300000000127e-01
-2.266382700000000028e-01
-2.311691100000000110e-01
-2.211510799999999999e-01
-2.044405800000000106e-01
-1.855651500000000120e-01
-1.672910599999999914e-01
-1.700300299999999987e-01
-1.625016800000000095e-01
-1.166654899999999967e-01
1.250629600000000008e-01
2.492550199999999938e-01
3.009788099999999855e-01
3.091931199999999880e-01
2.790583400000000158e-01
2.441921400000000020e-01
2.293178399999999950e-01
2.073899999999999910e-01
1.916017999999999888e-01
1.754362600000000105e-01
1.694105499999999931e-01
1.537135599999999991e-01
1.445743999999999918e-01
1.351653999999999911e-01
9.637974100000000488e-02
-9.069589599999999807e-02
-2.303996600000000061e-01
-2.486852200000000124e-01
-2.449493799999999943e-01
-2.382074299999999978e-01
-2.311434599999999950e-01
-2.182660899999999959e-01
-2.185720700000000072e-01
-2.124595099999999903e-01
-2.098509299999999911e-01
-1.561999000000000026e-01
7.550742300000000407e-02
2.014156699999999911e-01
2.636988900000000191e-01
2.559204999999999952e-01
2.159228699999999890e-01
2.076921899999999988e-01
2.012526299999999879e-01
2.101007000000000013e-01
2.191819899999999932e-01
2.205077000000000009e-01
2.067601099999999970e-01
2.018065199999999892e-01
1.933818900000000007e-01
1.594993899999999909e-01
2.604498400000000019e-02
-1.777117199999999897e-01
-2.238075599999999887e-01
-2.296610900000000122e-01
-2.294933999999999863e-01
-2.358967200000000042e-01
-2.347970299999999899e-01
-2.308259300000000125e-01
-2.298207200000000061e-01
-2.136403500000000066e-01
-1.184090599999999965e-01
1.461682099999999929e-01
2.398036100000000004e-01
2.772182799999999836e-01
2.803438100000000266e-01
2.658839499999999800e-01
2.480366300000000079e-01
2.310896400000000128e-01
2.031067699999999920e-01
1.738511699999999993e-01
1.654602799999999874e-01
1.747493699999999872e-01
1.711277700000000124e-01
1.730594599999999983e-01
1.867715400000000137e-01
1.594641699999999884e-01
6.270210299999999515e-02
-1.609504900000000016e-01
-2.248919699999999966e-01
-2.301024499999999862e-01
-2.183037899999999976e-01
-2.017619599999999902e-01
-1.929140199999999916e-01
-1.832084400000000002e-01
-1.668247099999999872e-01
-1.629128099999999912e-01
-1.409198999999999868e-01
1.008352599999999960e-01
2.445505799999999896e-01
3.083478000000000052e-01
3.255936600000000070e-01
3.164609800000000028e-01
2.833402799999999999e-01
2.482795899999999945e-01
2.445586899999999952e-01
2.428099599999999914e-01
2.340108300000000030e-01
2.316244899999999884e-01
2.182530299999999868e-01
2.190478399999999937e-01
2.045126899999999970e-01
1.697953899999999905e-01
-1.044219000000000050e-02
-1.664006600000000058e-01
-1.925771599999999972e-01
-1.902993699999999955e-01
-1.763466099999999870e-01
-1.694093600000000088e-01
-1.698714500000000072e-01
-1.558692399999999922e-01
-1.582089100000000081e-01
-1.614064500000000069e-01
2.474616300000000157e-02
2.116589700000000018e-01
2.904004099999999977e-01
3.242556300000000169e-01
3.201493499999999992e-01
2.972398199999999879e-01
2.610073500000000268e-01
2.319388900000000087e-01
2.136551999999999896e-01
2.093940400000000035e-01
2.041947799999999924e-01
1.963606300000000082e-01
2.024411200000000022e-01
2.035393000000000063e-01
2.096847599999999978e-01
1.789096500000000034e-01
8.933436799999999733e-02
-1.139240100000000061e-01
-1.711355300000000079e-01
-1.606797899999999890e-01
-1.648471599999999926e-01
-1.612927700000000020e-01
-1.535723599999999911e-01
-1.473969099999999921e-01
-1.441570000000000074e-01
-1.457752900000000018e-01
-1.173518800000000056e-01
1.333162499999999973e-01
2.609612499999999780e-01
2.991171799999999825e-01
3.051234800000000025e-01
2.950877499999999820e-01
2.748925899999999922e-01
2.434088899999999889e-01
2.028007199999999899e-01
1.838710000000000067e-01
1.707232899999999998e-01
1.738466800000000034e-01
1.622878799999999955e-01
1.624856000000000078e-01
1.532210400000000028e-01
1.288428000000000073e-01
-6.553351599999999999e-02
-1.782603799999999961e-01
-1.856634500000000076e-01
-1.742630500000000027e-01
-1.647209599999999996e-01
-1.482403499999999930e-01
-1.435541399999999967e-01
-1.298154800000000109e-01
-1.330477999999999938e-01
-1.403288199999999930e-01
-1.292065900000000100e-01
-4.347789500000000251e-02
1.903680299999999936e-01
2.862524599999999864e-01
3.136308600000000113e-01
3.035575200000000251e-01
2.912267700000000237e-01
2.709248100000000159e-01
2.452444599999999975e-01
2.340449500000000016e-01
2.160071299999999916e-01
1.917267099999999946e-01
1.823730500000000088e-01
1.808443600000000095e-01
1.910117899999999869e-01
1.901823800000000120e-01
1.449918000000000040e-01
-6.950306600000000223e-02
-1.798483300000000007e-01
-1.950742099999999979e-01
-1.852239499999999983e-01
-1.707815699999999937e-01
-1.672302099999999903e-01
-1.676390299999999944e-01
-1.672048999999999896e-01
-1.608003400000000138e-01
-1.646700100000000055e-01
-1.095620999999999956e-01
1.309101099999999962e-01
2.355190699999999970e-01
2.750902700000000256e-01
2.921529199999999826e-01
2.728754899999999983e-01
2.520558399999999755e-01
2.369679700000000000e-01
2.124811600000000023e-01
1.931539600000000134e-01
1.897141200000000139e-01
1.906163700000000072e-01
1.881633799999999912e-01
1.922282299999999999e-01
1.732748299999999908e-01
1.368355400000000055e-01
-5.375876100000000213e-02
-1.901094000000000117e-01
-2.124888699999999964e-01
-2.127629400000000115e-01
-1.983245499999999883e-01
-2.004372000000000098e-01
-1.859096299999999924e-01
-1.894070499999999935e-01
-1.866977400000000009e-01
-1.728380499999999931e-01
-1.743535800000000080e-01
-3.221749899999999667e-02
1.737459299999999929e-01
2.613011599999999768e-01
2.938364399999999765e-01
2.948367199999999966e-01
2.630620599999999865e-01
2.155762699999999865e-01
1.989749700000000010e-01
1.941866499999999884e-01
1.716932700000000089e-01
1.565447500000000103e-01
1.528019999999999934e-01
1.502713099999999913e-01
1.470290599999999892e-01
9.328694299999999717e-02
-1.902909399999999987e-02
-2.442731399999999997e-01
-2.788112699999999999e-01
-2.717452000000000201e-01
-2.477383499999999961e-01
-2.307019299999999995e-01
-2.194292399999999976e-01
-2.043097399999999897e-01
-1.965600499999999862e-01
-1.899311899999999997e-01
-1.845778600000000103e-01
-7.562983500000000289e-03
2.078250100000000045e-01
2.791561699999999813e-01
3.157835299999999790e-01
3.066747499999999960e-01
2.808848500000000192e-01
2.720968100000000223e-01
2.559935899999999931e-01
2.417906999999999973e-01
2.332401199999999952e-01
2.227845200000000137e-01
2.157451999999999981e-01
2.110692100000000071e-01
1.955679499999999904e-01
1.610648500000000094e-01
1.520883699999999936e-02
-1.891768199999999955e-01
-2.390656300000000012e-01
-2.487757700000000072e-01
-2.295728900000000017e-01
-2.273964800000000119e-01
-2.042293199999999920e-01
-2.053476100000000137e-01
-2.058759900000000087e-01
-1.985933500000000018e-01
-1.980933500000000014e-01
-8.484103299999999626e-02
1.463900599999999885e-01
2.344905800000000040e-01
2.673738800000000082e-01
2.665307100000000040e-01
2.509548200000000229e-01
2.164157800000000020e-01
1.990038000000000085e-01
1.872813700000000026e-01
1.673736600000000074e-01
1.454595999999999945e-01
1.345478800000000086e-01
1.332036699999999962e-01
1.335535800000000051e-01
1.342016400000000109e-01
1.085026699999999955e-01
2.400112700000000057e-02
-1.862546399999999991e-01
-2.451416299999999993e-01
-2.445724599999999915e-01
-2.345977999999999952e-01
-2.239974000000000132e-01
-2.248787999999999898e-01
-2.266523000000000010e-01
-2.218087499999999990e-01
-2.234824499999999992e-01
-1.668690200000000068e-01
6.605210799999999827e-02
1.848147199999999879e-01
2.160765699999999956e-01
2.386636199999999930e-01
2.379366699999999890e-01
2.256138299999999874e-01
1.978937500000000071e-01
1.853390299999999880e-01
1.605289699999999931e-01
1.348091800000000007e-01
1.220813500000000051e-01
1.060236299999999937e-01
9.992714599999999447e-02
1.091715099999999994e-01
8.158053499999999569e-02
1.378400500000000022e-02
-1.944573900000000077e-01
-2.738130500000000023e-01
-2.708201900000000162e-01
-2.644128600000000273e-01
-2.578772200000000181e-01
-2.529305399999999815e-01
-2.454387299999999938e-01
-2.426551399999999914e-01
-2.428541100000000119e-01
-2.373053300000000088e-01
-1.117101999999999956e-01
1.183548199999999995e-01
1.987865000000000049e-01
2.387529700000000088e-01
2.222531000000000090e-01
1.909033499999999994e-01
1.615363099999999885e-01
1.468254200000000120e-01
1.321705200000000135e-01
1.252436299999999947e-01
1.075023499999999965e-01
1.038146399999999997e-01
9.966931599999999392e-02
1.132112799999999975e-01
9.558346500000000634e-02
5.735990299999999681e-02
-1.433500199999999947e-01
-2.554111499999999757e-01
-2.667703599999999842e-01
-2.645359800000000039e-01
-2.535481299999999827e-01
-2.327096399999999954e-01
-2.227304800000000085e-01
-2.080252800000000069e-01
-2.035067499999999863e-01
-2.077540099999999890e-01
-1.360095799999999910e-01
1.019002999999999992e-01
1.992387300000000028e-01
2.387718100000000010e-01
2.428219600000000034e-01
2.239693000000000100e-01
2.064125800000000122e-01
1.820213699999999879e-01
1.505972600000000106e-01
1.405856099999999997e-01
1.371236000000000121e-01
1.239631499999999942e-01
1.263651600000000041e-01
1.331045499999999882e-01
1.278321600000000002e-01
1.028550500000000034e-01
-1.307956300000000065e-02
-1.962068299999999987e-01
-2.379140600000000105e-01
-2.311189700000000069e-01
-2.178977500000000012e-01
-2.128000600000000131e-01
-1.947323599999999932e-01
-1.807822000000000040e-01
-1.789814799999999984e-01
-1.806901399999999991e-01
-1.812939199999999973e-01
2.246657300000000010e-02
1.823780700000000032e-01
2.442574899999999938e-01
2.671630199999999733e-01
2.552002199999999776e-01
2.252900100000000128e-01
1.775674499999999878e-01
1.578617800000000071e-01
1.484365300000000110e-01
1.415619200000000077e-01
1.362821399999999961e-01
1.212482000000000004e-01
1.154610100000000028e-01
1.189082300000000036e-01
9.719619499999999912e-02
6.239092400000000038e-02
-7.843782900000000058e-02
-2.321592000000000100e-01
-2.519014900000000057e-01
-2.475244400000000122e-01
-2.295340700000000067e-01
-2.267626799999999943e-01
-2.197632999999999948e-01
-2.066607900000000109e-01
-2.014500300000000022e-01
-1.908349500000000032e-01
-1.701815700000000042e-01
6.463781999999999861e-02
1.984818399999999927e-01
2.470805000000000085e-01
2.704088199999999942e-01
2.576225699999999952e-01
2.352714800000000051e-01
2.110743999999999954e-01
1.835615700000000072e-01
1.711815899999999946e-01
1.538697599999999943e-01
1.433959499999999943e-01
1.475051400000000068e-01
1.379908499999999982e-01
1.328406000000000031e-01
1.319780500000000134e-01
9.457592300000000618e-02
-6.429430099999999815e-02
-1.986901399999999873e-01
-2.119314099999999867e-01
-2.224298100000000056e-01
-2.171313400000000060e-01
-1.958181499999999964e-01
-1.854607299999999903e-01
-1.744914899999999991e-01
-1.691510800000000092e-01
-1.643938600000000028e-01
-6.866835100000000247e-02
1.562942800000000076e-01
2.614128800000000141e-01
3.050735399999999764e-01
3.020934200000000014e-01
2.774812099999999782e-01
2.350829799999999969e-01
2.231205400000000061e-01
2.037662199999999979e-01
1.802955599999999936e-01
1.676907400000000048e-01
1.629661000000000026e-01
1.646892100000000025e-01
1.585944699999999874e-01
1.584807599999999983e-01
1.344618399999999991e-01
4.382527900000000171e-02
-1.637944100000000014e-01
-2.212616900000000109e-01
-2.185192599999999929e-01
-2.058687600000000117e-01
-1.990805099999999883e-01
-1.856934899999999888e-01
-1.868242999999999987e-01
-1.819786200000000076e-01
-1.770396999999999943e-01
-1.751915599999999962e-01
-3.657362599999999797e-02
1.592010199999999986e-01
2.470156599999999980e-01
2.779901100000000125e-01
2.730557699999999755e-01
2.493896899999999972e-01
2.190859099999999948e-01
2.044177699999999986e-01
1.877444799999999914e-01
1.662412699999999965e-01
1.522449200000000058e-01
1.466536300000000070e-01
1.374959799999999899e-01
1.416206600000000093e-01
1.260905300000000062e-01
7.293445099999999737e-02
-1.519673699999999905e-01
-2.403329600000000121e-01
-2.402893500000000127e-01
-2.326582100000000042e-01
-2.097181200000000079e-01
-1.983618799999999904e-01
-1.989226799999999906e-01
-1.920124300000000117e-01
-1.892282299999999973e-01
-1.757415499999999964e-01
-8.593879000000000101e-02
1.432393899999999942e-01
2.352821999999999969e-01
2.758604299999999898e-01
2.760272400000000070e-01
2.479740599999999962e-01
2.235484100000000030e-01
2.047335899999999931e-01
1.877933999999999992e-01
1.742900699999999914e-01
1.626568200000000075e-01
1.547269099999999953e-01
1.444049900000000108e-01
1.412384499999999876e-01
1.419396300000000111e-01
1.127729400000000021e-01
1.838740700000000144e-02
-1.808267600000000030e-01
-2.264511899999999966e-01
-2.322091799999999873e-01
-2.233003299999999913e-01
-2.170658699999999941e-01
-2.080634799999999951e-01
-2.071448100000000125e-01
-2.019258700000000073e-01
-1.925060500000000119e-01
-1.922235800000000050e-01
-1.393097199999999980e-01
9.278393499999999794e-02
1.908632899999999910e-01
2.329086099999999881e-01
2.494438900000000015e-01
2.403608200000000028e-01
2.148138500000000006e-01
1.834065000000000001e-01
1.595468700000000073e-01
1.378176799999999980e-01
1.261371599999999982e-01
1.271235000000000004e-01
1.448595799999999878e-01
1.520269099999999873e-01
1.274665899999999907e-01
1.020783400000000070e-02
-2.536203200000000102e-01
-3.067388999999999810e-01
-2.978388799999999725e-01
-2.788518700000000017e-01
-2.527899900000000200e-01
-2.379417500000000074e-01
-2.287073400000000090e-01
-2.243886999999999965e-01
-2.153332500000000038e-01
-2.082675499999999957e-01
-1.119098500000000052e-01
1.496258400000000099e-01
2.429702699999999882e-01
2.812283999999999895e-01
2.927668900000000018e-01
2.811772000000000160e-01
2.723597700000000010e-01
2.409007400000000021e-01
2.231638400000000022e-01
2.187235700000000060e-01
2.060516500000000029e-01
1.849140999999999979e-01
1.757949299999999881e-01
1.790585199999999988e-01
1.423048700000000000e-01
8.482867900000000405e-02
-1.554351099999999875e-01
-2.549501699999999760e-01
-2.680062200000000172e-01
-2.472795999999999883e-01
-2.424780199999999886e-01
-2.236016799999999971e-01
-2.070065399999999889e-01
-1.979862300000000130e-01
-1.923311600000000010e-01
-1.990930800000000056e-01
-6.963303299999999696e-02
1.686495500000000092e-01
2.609330499999999997e-01
2.864606399999999886e-01
2.946370700000000009e-01
2.833934900000000257e-01
2.476215599999999906e-01
2.225736600000000065e-01
2.039398000000000044e-01
1.834504799999999991e-01
1.677077299999999993e-01
1.602201500000000056e-01
1.564352900000000046e-01
1.660571299999999972e-01
1.527213799999999899e-01
1.077315799999999935e-01
-1.231171199999999966e-01
-2.347150199999999964e-01
-2.476701699999999950e-01
-2.460893100000000056e-01
-2.364437400000000133e-01
-2.308810099999999976e-01
-2.295300600000000080e-01
-2.183511900000000006e-01
-2.137422400000000000e-01
-2.102520400000000012e-01
-1.310194600000000043e-01
1.058627099999999988e-01
2.070377200000000084e-01
2.477419800000000005e-01
2.651163999999999743e-01
2.565227800000000058e-01
2.432125699999999890e-01
2.267470900000000122e-01
2.014324899999999918e-01
1.861476900000000045e-01
1.824845300000000059e-01
1.821409300000000064e-01
1.766055800000000120e-01
1.889463299999999957e-01
1.842001600000000017e-01
1.676602600000000054e-01
9.383864899999999620e-02
-1.262888000000000066e-01
-2.023787599999999909e-01
-2.030293699999999868e-01
-1.980876599999999987e-01
-1.975278400000000101e-01
-1.894938399999999967e-01
-1.838607700000000067e-01
-1.727246600000000021e-01
-1.614835599999999982e-01
-1.563075800000000015e-01
1.334214899999999933e-02
2.017275500000000055e-01
2.685049299999999750e-01
2.890619500000000119e-01
2.757676700000000203e-01
2.597396599999999833e-01
2.377148699999999948e-01
2.182434000000000041e-01
1.967000399999999927e-01
1.798481399999999897e-01
1.688955299999999882e-01
1.551578799999999980e-01
1.484752500000000031e-01
1.513387599999999888e-01
1.330239799999999861e-01
8.434312900000000279e-02
-1.267852200000000040e-01
-2.010055799999999893e-01
-2.180391200000000029e-01
-2.038535999999999959e-01
-1.924826099999999984e-01
-1.973640200000000011e-01
-1.929839999999999889e-01
-1.851685299999999978e-01
-1.823469299999999904e-01
-1.715347100000000069e-01
-1.088764700000000030e-01
1.288533000000000039e-01
2.334048099999999903e-01
2.773120900000000111e-01
2.881485100000000243e-01
2.606116199999999883e-01
1.914582700000000137e-01
1.470112899999999889e-01
1.310926099999999983e-01
1.303290099999999951e-01
1.419012099999999998e-01
1.419933100000000115e-01
1.537198999999999927e-01
1.548223200000000133e-01
1.231302100000000038e-01
-3.499409299999999695e-02
-2.511083499999999802e-01
-2.933132399999999751e-01
-2.914893599999999751e-01
-2.755795699999999959e-01
-2.760954400000000253e-01
-2.584982900000000194e-01
-2.537410999999999972e-01
-2.557233099999999815e-01
-2.504141500000000020e-01
-2.430599699999999863e-01
1.395510200000000048e-02
1.642139999999999989e-01
2.210695199999999916e-01
2.343432400000000082e-01
2.115495300000000134e-01
1.964746599999999954e-01
1.783488000000000018e-01
1.765295699999999968e-01
1.637155700000000047e-01
1.482737199999999977e-01
1.371885999999999939e-01
1.331670100000000023e-01
1.374769999999999881e-01
1.457456900000000111e-01
1.120874899999999980e-01
-5.292872500000000285e-02
-2.381281000000000092e-01
-2.796546100000000257e-01
-2.847975400000000157e-01
-2.767238499999999934e-01
-2.586463099999999904e-01
-2.532262800000000258e-01
-2.471101199999999887e-01
-2.335580999999999907e-01
-2.305606699999999953e-01
-1.546804499999999971e-01
8.677415199999999329e-02
2.053017199999999931e-01
2.568004400000000187e-01
2.631761000000000239e-01
2.419684699999999911e-01
2.165581599999999995e-01
2.046242799999999917e-01
1.901718299999999862e-01
1.844568299999999883e-01
1.753948800000000030e-01
1.751701999999999981e-01
1.642784700000000098e-01
1.653730800000000056e-01
1.626518399999999920e-01
1.504352399999999979e-01
7.835276800000000319e-02
-1.509555499999999939e-01
-2.167397299999999916e-01
-2.201166099999999903e-01
-2.097716599999999987e-01
-2.078710199999999897e-01
-2.018800400000000106e-01
-1.951769600000000104e-01
-1.915959000000000134e-01
-1.822745199999999954e-01
-1.098630500000000038e-01
1.233936600000000022e-01
2.366964900000000094e-01
2.985378200000000093e-01
3.038276699999999941e-01
2.721364600000000245e-01
2.468749799999999939e-01
2.288718399999999931e-01
2.080759399999999870e-01
2.000580299999999978e-01
1.841734100000000096e-01
1.634607700000000052e-01
1.533470799999999967e-01
1.489039699999999966e-01
1.557522000000000073e-01
1.412873099999999993e-01
3.986799099999999846e-02
-1.557585999999999971e-01
-2.068655100000000024e-01
-2.057397900000000057e-01
-2.059091299999999958e-01
-1.868992499999999890e-01
-1.732751499999999889e-01
-1.707206800000000135e-01
-1.698617199999999938e-01
-1.698878100000000002e-01
-1.679879099999999903e-01
-3.578578799999999893e-02
1.846361199999999869e-01
2.816335200000000261e-01
3.172460500000000017e-01
3.214834699999999934e-01
3.035778199999999982e-01
2.829182900000000167e-01
2.403339100000000117e-01
2.271573699999999973e-01
2.162199399999999994e-01
2.063157399999999975e-01
1.971545899999999907e-01
2.041641499999999887e-01
1.961686800000000119e-01
1.841869100000000092e-01
9.705774799999999924e-02
-1.383402400000000032e-01
-2.112485000000000057e-01
-2.227101499999999956e-01
-2.149484500000000131e-01
-2.116270399999999885e-01
-2.063302200000000086e-01
-2.087244000000000044e-01
-2.078002399999999972e-01
-2.074475100000000016e-01
-1.958599099999999982e-01
-1.549162000000000039e-01
1.056600399999999967e-01
2.382064399999999915e-01
2.998100899999999736e-01
3.327966299999999822e-01
3.262754800000000066e-01
3.056633899999999793e-01
2.925085000000000046e-01
2.735081400000000107e-01
2.547882599999999886e-01
2.427303799999999956e-01
2.316161200000000087e-01
2.098945600000000078e-01
1.977026000000000061e-01
1.920623100000000139e-01
1.788031300000000046e-01
8.782610200000000311e-02
-1.462194300000000113e-01
-2.123883199999999916e-01
-2.312989900000000099e-01
-2.223431299999999999e-01
-2.142127400000000126e-01
-2.058834400000000009e-01
-2.004225299999999876e-01
-1.976368699999999923e-01
-1.948743800000000137e-01
3.248662100000000025e-02
1.954050900000000035e-01
2.669426999999999772e-01
2.749474900000000166e-01
2.700407400000000013e-01
2.511871600000000204e-01
2.353796999999999973e-01
2.005852200000000085e-01
1.868219499999999866e-01
1.627160400000000062e-01
1.531708900000000040e-01
1.432969699999999957e-01
1.423541700000000021e-01
1.340557400000000066e-01
1.125094799999999950e-01
-4.054886399999999697e-02
-2.313414500000000040e-01
-2.587717600000000173e-01
-2.676311599999999791e-01
-2.621826999999999908e-01
-2.602310999999999930e-01
-2.468902500000000055e-01
-2.447880699999999965e-01
-2.354995199999999900e-01
-2.348844399999999999e-01
-2.058067899999999895e-01
2.798294900000000002e-02
1.703468599999999888e-01
2.371469200000000110e-01
2.599579300000000037e-01
2.533817800000000009e-01
2.312377200000000077e-01
2.048073900000000058e-01
1.739065399999999983e-01
1.449737399999999898e-01
1.593345300000000020e-01
1.549910300000000019e-01
1.510856299999999985e-01
1.537502699999999944e-01
1.400315299999999874e-01
8.864652600000000326e-02
-1.448150400000000060e-01
-2.420108800000000115e-01
-2.481415299999999990e-01
-2.423333699999999924e-01
-2.341873899999999953e-01
-2.296221499999999971e-01
-2.272663500000000059e-01
-2.196718300000000124e-01
-2.214050599999999869e-01
-2.197014899999999993e-01
-2.242785999999999946e-01
-1.189577299999999976e-01
1.039507399999999998e-01
2.179740799999999867e-01
2.319999100000000036e-01
2.030010700000000057e-01
1.786733600000000033e-01
1.737134800000000034e-01
1.835142999999999913e-01
2.019550200000000129e-01
2.029998500000000095e-01
1.987733700000000048e-01
1.972557899999999864e-01
1.994705900000000032e-01
1.710138200000000108e-01
3.670782200000000106e-02
-1.876014699999999924e-01
-2.455444999999999989e-01
-2.292894699999999952e-01
-2.258367400000000080e-01
-2.162639299999999931e-01
-2.134102200000000116e-01
-2.101449800000000090e-01
-2.122771400000000031e-01
-2.006567400000000001e-01
-1.366353499999999888e-01
1.180531499999999956e-01
2.291291199999999917e-01
2.788166599999999939e-01
2.774135999999999824e-01
2.687419300000000177e-01
2.497128700000000034e-01
2.369877099999999903e-01
2.082401399999999903e-01
1.831985399999999931e-01
1.564017000000000046e-01
1.627546400000000060e-01
1.667874199999999918e-01
1.533550300000000033e-01
1.529071700000000089e-01
1.177997900000000014e-01
2.890770900000000018e-02
-1.963175400000000126e-01
-2.607310899999999987e-01
-2.712090999999999807e-01
-2.680555000000000021e-01
-2.653641500000000208e-01
-2.495882100000000048e-01
-2.518525799999999926e-01
-2.363107600000000086e-01
-2.222274700000000103e-01
-1.128896999999999956e-01
1.181462000000000068e-01
2.170607099999999900e-01
2.635322399999999732e-01
2.584778300000000195e-01
2.440952600000000083e-01
2.219431799999999899e-01
2.168755300000000108e-01
2.001623800000000009e-01
1.834813600000000100e-01
1.581616000000000133e-01
1.567665299999999873e-01
1.548523800000000117e-01
1.586415700000000095e-01
1.311593600000000026e-01
2.508481499999999989e-02
-1.949645799999999984e-01
-2.494298199999999965e-01
-2.669609199999999904e-01
-2.601759100000000102e-01
-2.514460399999999818e-01
-2.457809499999999980e-01
-2.466493100000000105e-01
-2.317924000000000095e-01
-2.318782500000000080e-01
-2.339832000000000023e-01
-1.044073799999999941e-01
1.036131899999999939e-01
2.046921899999999961e-01
2.422473199999999882e-01
2.380286400000000135e-01
2.267421900000000101e-01
2.068583499999999964e-01
1.873219700000000043e-01
1.657269000000000103e-01
1.515840400000000032e-01
1.366676400000000069e-01
1.120450699999999966e-01
1.197759099999999993e-01
1.211741100000000015e-01
1.185812900000000059e-01
9.694972300000000154e-02
-2.639111900000000108e-02
-2.170104800000000056e-01
-2.584535299999999869e-01
-2.593973900000000055e-01
-2.434270500000000059e-01
-2.396467999999999932e-01
-2.289234300000000111e-01
-2.265264200000000061e-01
-2.327060900000000043e-01
-2.312485900000000039e-01
-2.131154199999999999e-01
4.629959799999999737e-03
1.555393899999999996e-01
2.247320399999999940e-01
2.418672900000000126e-01
2.373085699999999965e-01
2.074938000000000060e-01
1.744102800000000009e-01
1.557529800000000131e-01
1.582813899999999940e-01
1.376427699999999976e-01
1.146183999999999953e-01
9.723663899999999971e-02
9.886140100000000153e-02
1.112226099999999995e-01
8.945376600000000400e-02
2.379105600000000140e-02
-1.879090300000000047e-01
-2.492509300000000094e-01
-2.561699000000000059e-01
-2.451510199999999973e-01
-2.312443200000000032e-01
-2.290933099999999945e-01
-2.259089200000000131e-01
-2.115672799999999965e-01
-2.037187199999999920e-01
-2.053948999999999914e-01
-7.932454599999999578e-02
1.366423900000000025e-01
2.355454800000000015e-01
2.651546300000000023e-01
2.620385100000000023e-01
2.495982599999999885e-01
2.205907699999999916e-01
1.894467999999999985e-01
1.686049500000000034e-01
1.606112000000000095e-01
1.514098500000000125e-01
1.519353499999999968e-01
1.571597899999999937e-01
1.643916599999999950e-01
1.686580199999999918e-01
1.436924699999999888e-01
1.093297499999999929e-02
-1.706833600000000062e-01
-2.005945100000000036e-01
-1.934118800000000082e-01
-1.824635699999999916e-01
-1.703479499999999980e-01
-1.587664299999999862e-01
-1.491927700000000023e-01
-1.453318100000000057e-01
-1.339208299999999907e-01
-1.219279300000000038e-01
1.117666300000000057e-01
2.459720599999999924e-01
3.062856299999999754e-01
3.259288300000000027e-01
3.094936799999999932e-01
2.899541299999999766e-01
2.641201699999999875e-01
2.463273800000000124e-01
2.170721499999999915e-01
1.977855699999999939e-01
1.874040999999999901e-01
1.780421199999999982e-01
1.787049099999999946e-01
1.709475400000000089e-01
1.820152600000000120e-01
1.497527200000000058e-01
-6.260905099999999890e-02
-1.626291400000000054e-01
-1.702740000000000087e-01
-1.705638700000000063e-01
-1.587446600000000096e-01
-1.428042099999999870e-01
-1.387072199999999922e-01
-1.296309400000000001e-01
-1.329218799999999923e-01
-1.370312499999999933e-01
-1.949367899999999987e-02
1.971951899999999924e-01
2.900462899999999844e-01
3.185328000000000048e-01
3.281410300000000002e-01
3.143811799999999823e-01
2.829707599999999879e-01
2.585091299999999759e-01
2.423862800000000095e-01
2.160188500000000122e-01
2.022177400000000069e-01
1.888773599999999941e-01
1.735199099999999994e-01
1.651149500000000103e-01
1.521849000000000118e-01
1.024989800000000034e-01
-1.055580299999999971e-01
-1.963039699999999943e-01
-2.075031900000000040e-01
-2.007007799999999953e-01
-1.932699999999999974e-01
-1.860710399999999931e-01
-1.858665399999999968e-01
-1.910816599999999865e-01
-1.858393100000000076e-01
-1.851118200000000102e-01
-6.967525800000000380e-02
1.677135100000000101e-01
2.662918599999999913e-01
3.192316499999999779e-01
3.364165800000000206e-01
3.363863400000000059e-01
3.150426499999999796e-01
3.114831399999999917e-01
2.976766200000000029e-01
2.800212000000000256e-01
2.566726599999999969e-01
2.286840499999999998e-01
2.219042599999999921e-01
2.148487400000000103e-01
1.927222299999999944e-01
1.234926400000000007e-01
-1.201248699999999947e-01
-2.101810899999999871e-01
-2.139243299999999959e-01
-2.123583800000000132e-01
-2.168052099999999982e-01
-2.094144300000000125e-01
-2.071024800000000055e-01
-1.911334000000000088e-01
-1.775902699999999945e-01
-1.836653900000000117e-01
-3.012536199999999928e-02
1.829142400000000057e-01
2.572691200000000178e-01
2.687353000000000103e-01
2.837295499999999970e-01
2.657559400000000238e-01
2.299624200000000007e-01
2.073525099999999899e-01
1.855802099999999955e-01
1.711653800000000059e-01
1.645582100000000103e-01
1.771536099999999891e-01
1.801078999999999875e-01
1.745405999999999902e-01
1.673013600000000101e-01
1.243650699999999942e-01
-1.003056400000000015e-01
-2.038132099999999947e-01
-2.136653199999999919e-01
-2.107219999999999926e-01
-2.080415499999999918e-01
-1.998105599999999982e-01
-1.896123799999999970e-01
-1.865726299999999893e-01
-1.736220300000000105e-01
-1.748873099999999903e-01
-1.764488100000000115e-01
-9.997414699999999932e-02
1.388118999999999881e-01
2.409708100000000075e-01
2.680941900000000100e-01
2.625289699999999726e-01
2.394245299999999965e-01
2.197810299999999883e-01
2.064134599999999931e-01
1.841861499999999929e-01
1.611319099999999893e-01
1.552040399999999876e-01
1.448058899999999927e-01
1.487322399999999878e-01
1.511520600000000047e-01
1.480990299999999926e-01
1.112875299999999956e-01
-4.208133000000000012e-02
-1.965691999999999995e-01
-2.133458799999999878e-01
-2.093234200000000100e-01
-1.991495600000000032e-01
-1.843906700000000065e-01
-1.851440599999999992e-01
-1.724228299999999992e-01
-1.684729699999999997e-01
-1.622449099999999922e-01
-8.055441900000000210e-02
1.668584999999999929e-01
2.474600999999999884e-01
2.814239599999999730e-01
2.760580499999999993e-01
2.808142499999999875e-01
2.552579799999999954e-01
2.232785800000000043e-01
1.961918099999999943e-01
1.755581300000000067e-01
1.636765299999999868e-01
1.566272900000000023e-01
1.568895999999999902e-01
1.384851699999999908e-01
1.332018700000000000e-01
1.144970700000000063e-01
3.508853700000000297e-02
-1.772238499999999883e-01
-2.386925000000000019e-01
-2.442693900000000029e-01
-2.395425700000000102e-01
-2.290301100000000090e-01
-2.354366900000000040e-01
-2.256461600000000123e-01
-2.255760599999999949e-01
-2.109552700000000003e-01
-1.679026299999999972e-01
7.115526899999999322e-02
1.898699799999999938e-01
2.302615899999999882e-01
2.287995399999999957e-01
2.170227799999999985e-01
1.998185299999999942e-01
1.650079399999999918e-01
1.360825499999999966e-01
1.080342599999999931e-01
9.826133700000000415e-02
8.283265200000000661e-02
7.580277700000000174e-02
8.091248400000000673e-02
7.642358200000000379e-02
5.086878599999999917e-02
-8.767655200000000482e-02
-2.561039600000000194e-01
-2.898691299999999749e-01
-2.817329499999999820e-01
-2.727988700000000266e-01
-2.633253899999999925e-01
-2.516128699999999885e-01
-2.448352500000000043e-01
-2.421216700000000110e-01
-2.352404100000000109e-01
-1.725290299999999999e-01
6.791487899999999744e-02
1.760002699999999864e-01
2.288997700000000024e-01
2.341334599999999877e-01
2.194319600000000092e-01
1.896392000000000078e-01
1.715489799999999898e-01
1.520787000000000111e-01
1.462171100000000112e-01
1.538371600000000006e-01
1.366835299999999975e-01
1.339135999999999938e-01
1.349945100000000120e-01
1.354258700000000037e-01
1.176775899999999986e-01
2.841783100000000103e-02
-1.813346600000000086e-01
-2.220760999999999985e-01
-2.123402299999999909e-01
-2.011757499999999865e-01
-1.952491299999999930e-01
-1.922378299999999984e-01
-1.732598700000000103e-01
-1.685067799999999949e-01
-1.635802100000000037e-01
-1.095313900000000062e-01
1.313725299999999874e-01
2.556634099999999798e-01
2.943431100000000189e-01
3.016667199999999993e-01
2.882021499999999903e-01
2.638252899999999901e-01
2.504264700000000121e-01
2.340304500000000010e-01
2.203854399999999880e-01
2.185848400000000025e-01
1.985686299999999960e-01
1.867304999999999937e-01
1.864956799999999970e-01
1.760278799999999977e-01
1.399928300000000125e-01
-2.072185799999999925e-02
-1.719351699999999983e-01
-1.973882299999999979e-01
-1.962474399999999952e-01
-1.807133499999999948e-01
-1.669678099999999943e-01
-1.577991199999999872e-01
-1.484228499999999951e-01
-1.417928499999999981e-01
-1.274319700000000055e-01
2.701391499999999946e-02
2.141260000000000108e-01
2.845493000000000050e-01
2.938145999999999813e-01
2.915217199999999842e-01
2.770656699999999861e-01
2.432824799999999954e-01
2.213895300000000010e-01
1.926368999999999998e-01
1.612466100000000124e-01
1.414792900000000075e-01
1.330548400000000075e-01
1.309267699999999979e-01
1.417598800000000048e-01
1.498342000000000007e-01
1.421750300000000078e-01
9.237473799999999791e-02
-1.286437699999999906e-01
-2.149028400000000116e-01
-2.270682199999999873e-01
-2.011480999999999963e-01
-1.841287600000000024e-01
-1.806389599999999873e-01
-1.788843999999999990e-01
-1.725660199999999866e-01
-1.696122800000000042e-01
-6.201253799999999899e-02
1.617821100000000067e-01
2.624283700000000219e-01
3.176459500000000102e-01
3.083703500000000153e-01
2.846135799999999771e-01
2.594657400000000003e-01
2.394245700000000032e-01
2.175879699999999917e-01
2.002178400000000080e-01
2.064573399999999892e-01
1.989359199999999883e-01
1.942905799999999905e-01
1.883582000000000034e-01
1.618289300000000097e-01
-1.845354000000000091e-02
-1.699683999999999917e-01
-1.915554999999999897e-01
-1.809214500000000114e-01
-1.676560900000000076e-01
-1.629549499999999873e-01
-1.532230300000000101e-01
-1.502889699999999940e-01
-1.498802100000000137e-01
-1.359737900000000110e-01
-1.350496700000000105e-01
3.104898199999999928e-02
2.217846300000000104e-01
3.126450199999999957e-01
3.344891500000000129e-01
3.138650399999999840e-01
3.063494399999999729e-01
2.816463300000000003e-01
2.663477100000000153e-01
2.383639800000000031e-01
2.103800700000000024e-01
1.859211699999999967e-01
1.812167000000000083e-01
1.767150200000000004e-01
1.816343400000000052e-01
1.589945000000000108e-01
6.932593900000000309e-02
-1.334789000000000114e-01
-1.864733100000000032e-01
-1.884457200000000110e-01
-1.830315200000000031e-01
-1.733781500000000086e-01
-1.567713799999999880e-01
-1.488357600000000114e-01
-1.399797899999999928e-01
-1.353257399999999999e-01
-1.425490500000000105e-01
3.292644799999999705e-02
2.082773800000000120e-01
2.755393800000000004e-01
3.128415900000000027e-01
3.011503099999999766e-01
2.720236200000000215e-01
2.462450099999999864e-01
2.233276800000000006e-01
2.060857899999999909e-01
1.874549000000000076e-01
1.760828399999999905e-01
1.641038400000000008e-01
1.653907400000000083e-01
1.596297700000000042e-01
1.345673400000000075e-01
7.895155700000000554e-02
-1.320776600000000134e-01
-2.084667299999999890e-01
-2.171431400000000123e-01
-2.062930099999999989e-01
-1.886950500000000031e-01
-1.816299600000000070e-01
-1.777961499999999861e-01
-1.780953799999999976e-01
-1.771213100000000040e-01
-1.843514800000000120e-01
-5.211941800000000069e-02
1.500651799999999925e-01
2.374640199999999979e-01
2.843099900000000124e-01
2.715997099999999942e-01
2.524820899999999924e-01
2.313960800000000040e-01
1.964411799999999930e-01
1.567964699999999933e-01
1.576011599999999901e-01
1.512411899999999976e-01
1.519543899999999947e-01
1.530154999999999987e-01
1.603809999999999958e-01
1.518525300000000133e-01
1.123558399999999985e-01
-6.802488299999999433e-02
-2.004146199999999878e-01
-2.144419100000000133e-01
-2.051426100000000030e-01
-1.950674099999999966e-01
-1.908366099999999899e-01
-1.891107200000000099e-01
-1.760933100000000029e-01
-1.595142099999999896e-01
-1.550576700000000085e-01
-1.497693800000000075e-01
2.391926000000000122e-02
2.106557400000000080e-01
2.922364100000000020e-01
3.067167000000000088e-01
3.084283700000000072e-01
2.888628500000000043e-01
2.747975999999999752e-01
2.531296000000000102e-01
2.347133600000000098e-01
2.083136200000000049e-01
1.880266700000000069e-01
1.817825600000000097e-01
1.848336899999999949e-01
1.853525599999999995e-01
1.681771599999999922e-01
1.096631500000000009e-01
-1.103906500000000068e-01
-1.834903099999999898e-01
-1.892732000000000026e-01
-1.781980599999999915e-01
-1.622338000000000113e-01
-1.588787000000000116e-01
-1.704449700000000012e-01
-1.784218300000000035e-01
-1.725494599999999878e-01
-1.643369199999999974e-01
-8.239467100000000266e-02
1.660136799999999968e-01
2.696493600000000046e-01
3.364620899999999915e-01
3.666435100000000058e-01
3.665865700000000005e-01
3.552934600000000054e-01
3.354614899999999733e-01
3.196305300000000238e-01
2.972927300000000050e-01
2.784213300000000224e-01
2.693486900000000017e-01
2.617263100000000176e-01
2.515633299999999739e-01
2.337840800000000052e-01
1.712805699999999931e-01
-8.203211100000000477e-02
-1.788241100000000083e-01
-1.981698500000000085e-01
-1.817129399999999895e-01
-1.728210699999999933e-01
-1.785383600000000071e-01
-1.795894600000000063e-01
-1.794032700000000036e-01
-1.725588999999999873e-01
-1.547226200000000051e-01
7.757770199999999838e-02
2.102630500000000069e-01
2.738802599999999865e-01
2.917577499999999824e-01
2.840986200000000239e-01
2.548810599999999926e-01
2.399296900000000010e-01
1.987643900000000130e-01
1.504968799999999995e-01
1.357505999999999990e-01
1.519640899999999961e-01
1.767190399999999939e-01
2.070387599999999884e-01
2.236708400000000097e-01
1.827264299999999952e-01
8.643393500000000687e-03
-1.789566099999999882e-01
-2.226719400000000126e-01
-2.244690000000000019e-01
-2.178167400000000087e-01
-2.094594700000000087e-01
-2.050456700000000132e-01
-1.973351100000000080e-01
-2.017808199999999996e-01
-2.130443300000000040e-01
-1.503654500000000116e-01
1.084204500000000015e-01
2.454532299999999945e-01
2.899571799999999810e-01
2.830914700000000117e-01
2.505111400000000210e-01
2.321686599999999989e-01
2.063110599999999906e-01
1.868368900000000055e-01
1.819829799999999886e-01
1.833404999999999896e-01
1.695828600000000019e-01
1.533279200000000064e-01
1.538733599999999868e-01
1.641027700000000089e-01
1.613062899999999911e-01
1.228479799999999955e-01
-8.246205800000000474e-02
-1.987462000000000117e-01
-2.174623400000000040e-01
-2.139669399999999944e-01
-1.888372200000000001e-01
-1.793372500000000036e-01
-1.725296400000000119e-01
-1.670982099999999970e-01
-1.581828899999999927e-01
-1.336878300000000075e-01
1.041225499999999943e-01
2.416399300000000028e-01
3.023875599999999997e-01
3.317726599999999970e-01
3.201841999999999744e-01
3.051985099999999784e-01
2.694962799999999770e-01
2.423845299999999869e-01
2.228118799999999899e-01
1.952901900000000024e-01
1.988000699999999954e-01
1.966202200000000122e-01
2.088851999999999931e-01
2.008026199999999872e-01
1.619256799999999885e-01
-3.676024199999999853e-02
-1.740197099999999941e-01
-1.938211499999999976e-01
-1.935053999999999941e-01
-1.773580200000000051e-01
-1.758850799999999992e-01
-1.762049099999999924e-01
-1.636702600000000118e-01
-1.560734099999999958e-01
-1.562753799999999915e-01
-1.215611199999999947e-01
1.109289799999999965e-01
2.325102599999999964e-01
2.681138699999999764e-01
2.881898700000000146e-01
2.697911800000000193e-01
2.602107100000000117e-01
2.329453999999999969e-01
2.156226800000000110e-01
1.940153199999999911e-01
1.941434499999999952e-01
1.927329200000000020e-01
1.885523899999999864e-01
1.799891399999999919e-01
1.676139399999999891e-01
1.686934400000000001e-01
1.301001999999999992e-01
-4.862401899999999576e-03
-1.818466699999999880e-01
-2.226650300000000138e-01
-2.261076499999999934e-01
-2.173096999999999945e-01
-2.068086299999999933e-01
-2.041685699999999937e-01
-2.017795799999999862e-01
-2.018773799999999952e-01
-2.075430900000000134e-01
-1.267645699999999931e-01
1.000380099999999967e-01
2.081082300000000052e-01
2.517907099999999732e-01
2.500659499999999813e-01
2.225013000000000130e-01
2.029703800000000058e-01
1.880678299999999914e-01
1.780786000000000036e-01
1.586935999999999902e-01
1.479260400000000086e-01
1.323158100000000059e-01
1.329057299999999997e-01
1.250424499999999994e-01
1.222486400000000056e-01
9.471947599999999690e-02
-4.815174400000000327e-02
-2.286911600000000044e-01
-2.688640500000000211e-01
-2.638030399999999887e-01
-2.477013700000000040e-01
-2.436248199999999919e-01
-2.222776900000000000e-01
-2.188329400000000036e-01
-2.035888700000000051e-01
-2.006140800000000002e-01
-1.939642299999999875e-01
7.619662200000000205e-03
1.891625399999999901e-01
2.596467100000000028e-01
2.794234500000000176e-01
2.850470399999999738e-01
2.745249499999999898e-01
2.476367999999999903e-01
2.121273999999999937e-01
1.931532099999999919e-01
1.706470599999999893e-01
1.645635699999999924e-01
1.651546499999999862e-01
1.566772800000000021e-01
1.608262400000000092e-01
1.588228499999999876e-01
1.135383799999999943e-01
-1.001898999999999984e-01
-1.996723199999999865e-01
-2.144896599999999987e-01
-2.186798000000000075e-01
-2.050645799999999963e-01
-1.982488699999999937e-01
-1.863885399999999914e-01
-1.762516199999999977e-01
-1.671938099999999983e-01
-1.696428899999999906e-01
-1.673282700000000012e-01
5.826475300000000246e-02
2.150055800000000017e-01
2.905872700000000086e-01
3.009048500000000015e-01
2.850599100000000274e-01
2.637732999999999883e-01
2.440545100000000023e-01
2.033780199999999927e-01
1.808594699999999944e-01
1.861061400000000032e-01
1.810170100000000060e-01
1.472652200000000022e-01
1.247168399999999955e-01
1.280221599999999960e-01
1.136294500000000068e-01
6.806948499999999902e-02
-1.591022099999999939e-01
-2.325327799999999945e-01
-2.377473499999999962e-01
-2.390995200000000098e-01
-2.246424999999999950e-01
-2.225803199999999982e-01
-2.232105699999999970e-01
-2.241651799999999917e-01
-2.273108600000000035e-01
-1.805332699999999957e-01
8.271098500000000076e-02
2.073491899999999888e-01
2.690341500000000274e-01
2.937836899999999862e-01
2.850882800000000272e-01
2.499755100000000119e-01
2.034922600000000081e-01
1.763285500000000006e-01
1.458903500000000020e-01
1.272025300000000081e-01
1.233798200000000012e-01
1.186644000000000032e-01
1.218106699999999959e-01
1.257786399999999971e-01
1.119319299999999989e-01
-5.291071999999999963e-03
-2.219164200000000031e-01
-2.573266000000000164e-01
-2.460225099999999998e-01
-2.332352000000000036e-01
-2.227628899999999912e-01
-2.228695099999999929e-01
-2.180543699999999974e-01
-2.108780899999999903e-01
-1.968352600000000119e-01
-1.399623899999999921e-01
1.003243300000000032e-01
2.193090400000000106e-01
2.743765300000000074e-01
2.809334099999999945e-01
2.696765999999999885e-01
2.540941199999999789e-01
2.457727799999999962e-01
2.203366700000000122e-01
2.038156399999999924e-01
2.022655200000000042e-01
1.829087600000000036e-01
1.792594399999999921e-01
1.746790300000000129e-01
1.842253000000000085e-01
1.495520300000000025e-01
-2.044073000000000070e-02
-1.833652100000000007e-01
-2.067196699999999943e-01
-2.072146800000000122e-01
-1.970837000000000006e-01
-1.856915500000000108e-01
-1.812782500000000019e-01
-1.667845900000000103e-01
-1.679420600000000041e-01
-1.604768799999999884e-01
-1.493991500000000083e-01
1.724682400000000088e-03
1.961553900000000128e-01
2.705549099999999818e-01
2.923410200000000070e-01
2.903476199999999730e-01
2.827189700000000139e-01
2.660634900000000136e-01
2.520154700000000192e-01
2.473995099999999892e-01
2.361803600000000058e-01
2.205408899999999894e-01
2.126379499999999922e-01
2.074099000000000081e-01
1.977928899999999990e-01
1.654338499999999934e-01
8.767731900000000356e-02
-1.247293800000000008e-01
-2.036409700000000045e-01
-2.106670599999999893e-01
-2.041958299999999948e-01
-1.903113399999999955e-01
-1.881520999999999888e-01
-1.831513499999999905e-01
-1.906815699999999947e-01
-1.937155200000000022e-01
-1.832865200000000083e-01
1.759703899999999835e-02
1.850861400000000101e-01
2.490414599999999923e-01
2.623046399999999778e-01
2.558925799999999806e-01
2.186329499999999926e-01
1.972623500000000030e-01
1.834978499999999901e-01
1.529727700000000079e-01
1.305510199999999899e-01
1.153810700000000022e-01
1.193072399999999950e-01
1.175235899999999972e-01
1.255901899999999904e-01
1.167625999999999942e-01
7.363468400000000580e-02
-1.194990300000000061e-01
-2.236435099999999898e-01
-2.481996900000000006e-01
-2.338220099999999968e-01
-2.178805199999999942e-01
-2.097781400000000018e-01
-1.957042499999999963e-01
-1.883914899999999948e-01
-1.823104100000000061e-01
-1.786818099999999965e-01
-1.511858100000000038e-01
7.373596400000000106e-02
2.216440799999999933e-01
2.836137499999999978e-01
2.735080100000000236e-01
2.649785900000000138e-01
2.433506199999999897e-01
2.163601099999999944e-01
1.871895799999999943e-01
1.683132400000000028e-01
1.687036799999999948e-01
1.558430000000000093e-01
1.391539999999999999e-01
1.332995899999999956e-01
1.429529099999999886e-01
1.202417100000000016e-01
5.210558400000000340e-02
-1.601759899999999903e-01
-2.341832399999999870e-01
-2.415940599999999994e-01
-2.225783500000000081e-01
-1.991431600000000135e-01
-1.816620599999999863e-01
-1.721233400000000135e-01
-1.614741700000000002e-01
-1.552232799999999913e-01
-1.378477100000000122e-01
8.566704999999999459e-02
2.332202300000000006e-01
2.988821099999999786e-01
3.111559199999999747e-01
3.032247499999999873e-01
2.771309699999999765e-01
2.560491300000000137e-01
2.485482300000000089e-01
2.163722200000000040e-01
1.868583799999999906e-01
1.763526900000000064e-01
1.726161099999999893e-01
1.875226899999999919e-01
1.818802900000000000e-01
1.566323799999999877e-01
5.671464699999999998e-02
-1.461140499999999953e-01
-1.922276099999999932e-01
-1.884035199999999910e-01
-1.846269199999999999e-01
-1.720899300000000021e-01
-1.632700400000000052e-01
-1.618944999999999967e-01
-1.535031900000000116e-01
-1.526642699999999908e-01
-1.518905399999999906e-01
-6.605014800000000297e-02
1.766165000000000096e-01
2.633919699999999753e-01
2.898754399999999842e-01
2.981375399999999787e-01
2.916820700000000155e-01
2.685437199999999858e-01
2.340072900000000067e-01
2.226577399999999929e-01
2.115347200000000094e-01
1.996540400000000048e-01
1.921742700000000081e-01
1.950194600000000056e-01
1.996741200000000105e-01
1.997770000000000101e-01
1.590208300000000019e-01
4.304106800000000177e-02
-1.225054899999999947e-01
-1.605233399999999866e-01
-1.615447999999999884e-01
-1.519696100000000050e-01
-1.395302800000000065e-01
-1.376183099999999937e-01
-1.291324100000000030e-01
-1.335851299999999964e-01
-1.250350299999999915e-01
-7.020191100000000572e-02
1.557081499999999896e-01
2.756075499999999789e-01
3.340015000000000067e-01
3.404163199999999945e-01
3.308257199999999898e-01
2.786299999999999888e-01
2.474911399999999984e-01
2.202637100000000014e-01
2.056266700000000114e-01
1.910195600000000049e-01
1.766561600000000065e-01
1.654639699999999880e-01
1.697897999999999907e-01
1.734080600000000028e-01
1.643632999999999900e-01
9.080504200000000248e-02
-1.284021599999999874e-01
-1.961840199999999867e-01
-2.043737599999999877e-01
-2.020370700000000130e-01
-1.921025100000000041e-01
-1.865779399999999977e-01
-1.727577499999999877e-01
-1.568608900000000028e-01
-1.616222900000000018e-01
-1.586628099999999875e-01
-7.858052699999999724e-02
1.433553999999999939e-01
2.461158099999999904e-01
2.900347400000000131e-01
2.938798200000000138e-01
2.709729599999999849e-01
2.384103399999999984e-01
2.265029299999999912e-01
2.019931600000000049e-01
1.853226199999999935e-01
1.616698900000000105e-01
1.513550600000000135e-01
1.482373200000000057e-01
1.413971400000000045e-01
1.427899199999999869e-01
1.035132599999999958e-01
-2.979376300000000088e-02
-2.104984500000000036e-01
-2.503582999999999781e-01
-2.468003300000000122e-01
-2.292032999999999987e-01
-2.192482900000000123e-01
-2.053163899999999875e-01
-1.980858400000000130e-01
-1.957580999999999904e-01
-1.880207999999999879e-01
-1.593993499999999952e-01
6.950673699999999899e-02
1.972201899999999897e-01
2.530158800000000263e-01
2.689502699999999913e-01
2.589624799999999949e-01
2.337344500000000103e-01
1.798298899999999922e-01
1.551064299999999896e-01
1.447422800000000009e-01
1.467722099999999863e-01
1.554823399999999967e-01
1.859890800000000011e-01
1.889933799999999886e-01
1.644220499999999863e-01
5.977009999999999962e-02
-1.873747600000000013e-01
-2.514872799999999797e-01
-2.563575000000000159e-01
-2.472282100000000038e-01
-2.344549200000000111e-01
-2.341134699999999902e-01
-2.299730299999999950e-01
-2.218052399999999869e-01
-2.252506499999999967e-01
-1.742596600000000107e-01
8.687528899999999443e-02
2.199546099999999949e-01
2.813727799999999890e-01
2.850494399999999873e-01
2.542877700000000241e-01
2.295063999999999993e-01
2.009437500000000043e-01
1.757590599999999947e-01
1.551202700000000045e-01
1.365784700000000074e-01
1.362252800000000041e-01
1.333839800000000131e-01
1.369791599999999887e-01
1.512867699999999871e-01
1.461051899999999959e-01
9.214955199999999569e-02
-1.453382599999999969e-01
-2.381493699999999991e-01
-2.468072500000000058e-01
-2.458372400000000124e-01
-2.321136799999999889e-01
-2.243150999999999895e-01
-2.238421999999999912e-01
-2.137931200000000032e-01
-2.138951600000000008e-01
-2.091680499999999943e-01
-3.132946200000000236e-02
1.579525900000000038e-01
2.389209899999999998e-01
2.615306299999999862e-01
2.630971400000000071e-01
2.432119500000000101e-01
2.184486499999999942e-01
1.832981999999999945e-01
1.588607400000000003e-01
1.443593099999999907e-01
1.525237299999999963e-01
1.446741800000000133e-01
1.429810900000000051e-01
1.430784599999999906e-01
1.205391999999999991e-01
1.842804400000000106e-02
-1.888769200000000037e-01
-2.392909300000000128e-01
-2.374385300000000087e-01
-2.308500800000000130e-01
-2.236257700000000015e-01
-2.167416899999999869e-01
-2.076968499999999884e-01
-2.055768400000000107e-01
-1.980617799999999928e-01
-1.920402800000000076e-01
-9.356761299999999393e-02
1.279613900000000082e-01
2.116752699999999987e-01
2.467226200000000036e-01
2.663058600000000053e-01
2.565534099999999817e-01
2.272032200000000113e-01
2.019257600000000097e-01
1.952802399999999938e-01
1.837326099999999907e-01
1.622900399999999965e-01
1.572878500000000068e-01
1.456294999999999951e-01
1.433541500000000135e-01
1.378484399999999888e-01
8.804678700000000136e-02
-1.398390300000000031e-01
-2.369332899999999908e-01
-2.423111199999999910e-01
-2.365946700000000069e-01
-2.272813800000000051e-01
-2.093667899999999971e-01
-2.072017100000000112e-01
-2.009787399999999891e-01
-1.934707699999999864e-01
-1.903975400000000040e-01
-2.273623500000000047e-02
1.520190100000000100e-01
2.243113300000000032e-01
2.618793500000000107e-01
2.591555999999999860e-01
2.340854800000000124e-01
2.191183800000000015e-01
1.981543699999999963e-01
1.745528600000000041e-01
1.642155899999999946e-01
1.606901299999999866e-01
1.445814800000000122e-01
1.227495599999999937e-01
1.197213200000000061e-01
1.032797000000000021e-01
-3.707179499999999853e-03
-2.047418000000000016e-01
-2.375260800000000005e-01
-2.315956499999999862e-01
-2.277763100000000096e-01
-2.184361099999999889e-01
-2.165082000000000118e-01
-2.092017399999999971e-01
-2.131292599999999871e-01
-2.062593299999999907e-01
-1.994992600000000116e-01
2.537914200000000037e-02
2.149291200000000013e-01
2.821575100000000003e-01
2.970188200000000167e-01
2.953546499999999964e-01
2.687639499999999737e-01
2.292548899999999890e-01
1.832387000000000044e-01
1.402999000000000052e-01
1.385834599999999917e-01
1.330115799999999904e-01
1.372415700000000072e-01
1.388398299999999974e-01
1.436930499999999888e-01
1.440844500000000028e-01
1.179470299999999944e-01
-6.835412899999999958e-02
-2.207160400000000022e-01
-2.425155300000000069e-01
-2.440860599999999936e-01
-2.384868900000000069e-01
-2.317542200000000108e-01
-2.258504799999999924e-01
-2.281665499999999958e-01
-2.249755400000000016e-01
-2.240463299999999880e-01
-3.046625199999999922e-02
1.459155199999999930e-01
2.380275400000000097e-01
2.603577699999999884e-01
2.538293200000000249e-01
2.213371299999999930e-01
2.087097300000000100e-01
2.017834599999999978e-01
1.811792299999999967e-01
1.696686500000000042e-01
1.615842799999999968e-01
1.476947799999999977e-01
1.339954100000000092e-01
1.383383300000000093e-01
1.059227600000000047e-01
6.212742100000000212e-02
-1.657171899999999864e-01
-2.711873100000000147e-01
-2.807913799999999793e-01
-2.690284000000000009e-01
-2.553926400000000041e-01
-2.384749499999999911e-01
-2.311911299999999947e-01
-2.301647599999999960e-01
-2.331100299999999959e-01
-2.225552899999999890e-01
-1.475482399999999972e-01
8.240809100000000276e-02
2.082237700000000025e-01
2.539573099999999917e-01
2.695579200000000064e-01
2.513099999999999778e-01
2.237956399999999901e-01
2.176876699999999998e-01
1.964450199999999980e-01
1.754752699999999888e-01
1.720565300000000131e-01
1.623831199999999919e-01
1.586047200000000046e-01
1.490927700000000133e-01
1.481287799999999877e-01
1.216599099999999961e-01
3.576130500000000018e-02
-2.121275900000000048e-01
-2.660854300000000117e-01
-2.516341799999999851e-01
-2.325058399999999914e-01
-2.190668799999999916e-01
-2.097361000000000086e-01
-2.016997799999999952e-01
-1.923942899999999956e-01
-1.839780599999999988e-01
-1.141992099999999954e-01
1.347831800000000024e-01
2.433544599999999947e-01
2.781132399999999838e-01
2.917789000000000077e-01
3.054725999999999830e-01
2.940189999999999748e-01
2.768752500000000172e-01
2.573000899999999813e-01
2.397783900000000079e-01
2.217939700000000069e-01
1.950260699999999958e-01
1.895749499999999921e-01
2.046228499999999950e-01
1.876633600000000013e-01
1.472793699999999928e-01
-6.250276200000000337e-02
-2.099342899999999956e-01
-2.352009399999999972e-01
-2.283210699999999871e-01
-2.280129499999999920e-01
-2.174418399999999973e-01
-2.019726099999999969e-01
-1.933755799999999914e-01
-1.838950000000000029e-01
-1.767504000000000020e-01
-1.005219799999999969e-01
1.472791900000000043e-01
2.512841499999999839e-01
2.899069400000000019e-01
3.079795499999999908e-01
3.033436800000000044e-01
2.869732199999999733e-01
2.587273399999999723e-01
2.473385399999999956e-01
2.233159600000000078e-01
2.128363100000000008e-01
1.985177099999999861e-01
1.840386200000000139e-01
1.801908600000000082e-01
1.618238800000000033e-01
1.116663299999999942e-01
-8.463769599999999838e-02
-2.127212199999999886e-01
-2.246739500000000112e-01
-2.162544799999999989e-01
-2.115316200000000035e-01
-2.041660600000000103e-01
-1.921066399999999952e-01
-1.821381599999999934e-01
-1.772519700000000087e-01
-1.679894799999999966e-01
-4.547493600000000052e-02
1.992772299999999996e-01
2.924287500000000151e-01
3.173682199999999787e-01
3.297517099999999757e-01
3.393398100000000195e-01
3.264018300000000039e-01
2.989786199999999727e-01
2.782463299999999862e-01
2.635078900000000224e-01
2.507117999999999847e-01
2.436007699999999943e-01
2.335037699999999994e-01
2.476128700000000127e-01
2.393454100000000084e-01
2.118623599999999996e-01
5.183754599999999824e-02
-1.362177199999999866e-01
-1.752555299999999927e-01
-1.756525499999999906e-01
-1.615074200000000126e-01
-1.535986699999999927e-01
-1.459397299999999897e-01
-1.409627599999999925e-01
-1.458221399999999890e-01
-1.427406400000000020e-01
-4.566138100000000088e-02
1.979674700000000065e-01
3.036350899999999964e-01
3.546077499999999993e-01
3.476761899999999961e-01
3.356699899999999737e-01
3.220729700000000140e-01
3.000745699999999849e-01
2.971338800000000169e-01
2.765413800000000033e-01
2.615122699999999911e-01
2.542808300000000132e-01
2.456737400000000016e-01
2.326188299999999987e-01
2.140709699999999993e-01
7.825715699999999386e-02
-1.141239299999999984e-01
-1.540788700000000067e-01
-1.473003499999999966e-01
-1.390131599999999967e-01
-1.253848899999999988e-01
-1.184735999999999984e-01
-1.186418300000000037e-01
-1.132073400000000035e-01
-1.049143000000000020e-01
-8.799224399999999724e-02
1.394626999999999950e-01
2.885689200000000065e-01
3.514614400000000138e-01
3.744631400000000276e-01
3.519439100000000265e-01
3.178903299999999987e-01
2.969640000000000057e-01
2.673133300000000157e-01
2.325838399999999861e-01
2.161487800000000126e-01
2.107917400000000052e-01
2.107403300000000035e-01
2.084355999999999987e-01
2.110589200000000110e-01
2.021226999999999885e-01
1.525712399999999969e-01
-6.721431999999999407e-02
-1.486097500000000127e-01
-1.469349199999999966e-01
-1.425037100000000057e-01
-1.350098200000000026e-01
-1.242102600000000029e-01
-1.226024000000000003e-01
-1.077370099999999942e-01
-1.213435000000000069e-01
-1.135024399999999961e-01
9.674537800000000687e-02
2.364466400000000135e-01
2.978143100000000265e-01
3.200702999999999743e-01
2.975398399999999999e-01
2.701468000000000202e-01
2.435596399999999939e-01
1.963360100000000052e-01
1.842482599999999970e-01
1.628952300000000020e-01
1.410011399999999970e-01
1.329617300000000002e-01
1.419879699999999911e-01
1.419995199999999902e-01
1.321575000000000111e-01
9.995474999999999499e-02
-2.196396399999999902e-02
-2.068006699999999920e-01
-2.465699100000000032e-01
-2.476765700000000126e-01
-2.318732900000000097e-01
-2.244375999999999871e-01
-2.227929499999999896e-01
-2.272028500000000117e-01
-2.269750399999999890e-01
-2.142517700000000080e-01
-1.227610699999999999e-01
1.096068399999999970e-01
1.893095300000000036e-01
2.327879999999999949e-01
2.351245499999999877e-01
2.231197799999999898e-01
1.994319200000000125e-01
1.806842100000000118e-01
1.673525600000000113e-01
1.571606799999999970e-01
1.529335300000000120e-01
1.461734100000000036e-01
1.468023599999999929e-01
1.405250299999999952e-01
1.246226899999999943e-01
9.371870799999999779e-02
-6.867347499999999771e-02
-2.318035699999999866e-01
-2.625204099999999818e-01
-2.633478899999999734e-01
-2.569574399999999814e-01
-2.443548600000000071e-01
-2.455435699999999888e-01
-2.312912900000000105e-01
-2.257419800000000087e-01
-2.096102200000000138e-01
-1.311947800000000108e-01
9.439345999999999848e-02
2.004611400000000099e-01
2.477508099999999880e-01
2.527203900000000170e-01
2.323901600000000123e-01
2.125471700000000075e-01
1.979925899999999961e-01
2.006962399999999980e-01
1.880155900000000102e-01
1.605250500000000025e-01
1.364864799999999934e-01
1.352194300000000016e-01
1.400932300000000130e-01
1.392302699999999893e-01
1.113278699999999954e-01
-4.190694300000000205e-02
-2.030422799999999917e-01
-2.323006200000000132e-01
-2.270229699999999906e-01
-2.112297200000000097e-01
-1.903905399999999970e-01
-1.826170400000000082e-01
-1.736197800000000013e-01
-1.724312600000000029e-01
-1.750378499999999948e-01
-1.069526900000000030e-01
1.281717900000000077e-01
2.343874099999999905e-01
2.706509599999999960e-01
2.739939900000000206e-01
2.585499199999999886e-01
2.358127700000000049e-01
2.197739999999999971e-01
2.049141999999999908e-01
1.885290400000000088e-01
1.739999299999999971e-01
1.654491399999999945e-01
1.591848600000000113e-01
1.566620499999999971e-01
1.536780600000000052e-01
1.281399900000000092e-01
2.153627699999999950e-02
-1.740127300000000043e-01
-2.045752399999999915e-01
-2.048193000000000097e-01
-1.970633099999999915e-01
-1.785837299999999961e-01
-1.652853499999999976e-01
-1.521535699999999880e-01
-1.511746499999999938e-01
-1.463885099999999995e-01
-1.358369000000000104e-01
-1.234901499999999964e-02
2.051217899999999983e-01
2.831060499999999980e-01
3.313173899999999894e-01
3.253274500000000180e-01
3.039175800000000205e-01
2.639659400000000100e-01
2.297556199999999937e-01
2.187141599999999908e-01
2.040190000000000059e-01
1.944294699999999931e-01
1.949037700000000040e-01
1.877835399999999988e-01
2.012110599999999971e-01
1.985684100000000007e-01
1.908381399999999894e-01
1.117748600000000037e-01
-9.794777500000000081e-02
-1.558063199999999981e-01
-1.735647499999999899e-01
-1.705172000000000077e-01
-1.579483499999999874e-01
-1.516734299999999980e-01
-1.485160399999999881e-01
-1.411539400000000055e-01
-1.337756099999999893e-01
-1.169502800000000037e-01
-5.441427100000000017e-02
1.665964299999999898e-01
2.694519400000000009e-01
3.244319299999999795e-01
3.252034999999999787e-01
2.744718199999999775e-01
2.223346800000000067e-01
1.989957499999999990e-01
1.967928899999999981e-01
2.165462999999999971e-01
2.273448399999999925e-01
2.395407900000000034e-01
2.390442600000000084e-01
2.260216399999999959e-01
1.757905800000000018e-01
4.773983199999999941e-03
-1.793910900000000030e-01
-2.128191600000000072e-01
-2.197021100000000060e-01
-2.256586600000000109e-01
-2.255591600000000085e-01
-2.205936599999999970e-01
-2.143681500000000073e-01
-2.131679999999999964e-01
-2.133562699999999868e-01
-1.649864900000000134e-01
9.811676099999999678e-02
2.164414600000000022e-01
2.615702699999999936e-01
2.754235099999999825e-01
2.658569800000000205e-01
2.468218399999999868e-01
2.114595999999999976e-01
1.860186100000000009e-01
1.820688699999999938e-01
1.667364500000000083e-01
1.457653600000000105e-01
1.306895899999999944e-01
1.411084700000000136e-01
1.324339999999999962e-01
9.923527599999999727e-02
-1.526700599999999963e-02
-2.128927999999999932e-01
-2.524974999999999858e-01
-2.552337599999999762e-01
-2.499432699999999952e-01
-2.248683900000000013e-01
-2.171418200000000132e-01
-2.162910399999999900e-01
-2.193045799999999990e-01
-2.274259200000000036e-01
-1.922286099999999942e-01
5.511168000000000317e-02
1.890734099999999973e-01
2.609351400000000099e-01
2.665137100000000148e-01
2.458340900000000051e-01
2.383488800000000130e-01
2.171072699999999911e-01
1.833558600000000094e-01
1.582721199999999884e-01
1.588154200000000127e-01
1.401129999999999876e-01
1.375124400000000136e-01
1.338626199999999877e-01
1.252506999999999926e-01
9.583554399999999474e-02
-2.876104700000000139e-02
-2.233692800000000034e-01
-2.545073800000000053e-01
-2.514357099999999789e-01
-2.423638100000000128e-01
-2.413882800000000106e-01
-2.338855200000000134e-01
-2.092081699999999989e-01
-2.098794400000000004e-01
-2.055844099999999952e-01
-1.878343100000000043e-01
5.197904500000000150e-02
1.745511800000000002e-01
2.389100100000000060e-01
2.532743199999999972e-01
2.480690700000000026e-01
2.256725699999999890e-01
2.068662900000000082e-01
1.770667900000000017e-01
1.533815199999999934e-01
1.410748000000000002e-01
1.267183400000000126e-01
1.122160999999999992e-01
1.105597299999999950e-01
1.185023199999999943e-01
1.007698699999999975e-01
5.587757299999999983e-02
-1.222516099999999967e-01
-2.434834700000000074e-01
-2.667683900000000219e-01
-2.744913099999999884e-01
-2.604635100000000092e-01
-2.452806200000000048e-01
-2.365614900000000131e-01
-2.226134499999999905e-01
-2.141020100000000093e-01
-2.076484600000000069e-01
-4.383187899999999720e-02
1.424771300000000074e-01
2.307054500000000063e-01
2.621322500000000111e-01
2.548703700000000127e-01
2.381905300000000114e-01
2.160241800000000101e-01
1.813995999999999942e-01
1.558162600000000120e-01
1.592213500000000115e-01
1.606042000000000025e-01
1.596753999999999951e-01
1.621728600000000020e-01
1.571460100000000026e-01
1.436001299999999925e-01
8.531993799999999795e-02
-1.446581100000000064e-01
-2.117299300000000106e-01
-2.280908700000000011e-01
-2.177745100000000045e-01
-2.068627700000000014e-01
-2.095527100000000031e-01
-2.013448700000000091e-01
-1.913746799999999915e-01
-1.738348700000000024e-01
-1.610901600000000100e-01
8.005598799999999460e-02
2.231138199999999905e-01
2.824381799999999831e-01
2.892766800000000083e-01
2.732921400000000167e-01
2.542098899999999939e-01
2.336194600000000010e-01
2.168904500000000124e-01
1.909866699999999973e-01
1.585449100000000111e-01
1.534673300000000129e-01
1.516065600000000013e-01
1.432627499999999943e-01
1.474122399999999999e-01
1.443650300000000053e-01
1.066915900000000028e-01
-1.225215500000000068e-01
-2.108110499999999998e-01
-2.085696999999999968e-01
-2.077311000000000019e-01
-2.038861399999999935e-01
-1.887032399999999943e-01
-1.818089599999999917e-01
-1.753746499999999930e-01
-1.803227000000000024e-01
-1.800855700000000004e-01
-1.545149700000000015e-01
8.179191800000000512e-02
2.177044999999999952e-01
2.695404800000000267e-01
2.830425699999999933e-01
2.582759199999999922e-01
2.330383400000000105e-01
2.229481399999999891e-01
1.974555899999999864e-01
1.726609799999999917e-01
1.607583099999999876e-01
1.623876599999999892e-01
1.574899800000000016e-01
1.461180099999999926e-01
1.409624700000000064e-01
1.154225200000000007e-01
2.512920899999999957e-02
-1.761190199999999872e-01
-2.248611000000000082e-01
-2.289281699999999864e-01
-2.118335600000000041e-01
-1.982128499999999960e-01
-1.912330999999999892e-01
-1.853921299999999883e-01
-1.807999700000000043e-01
-1.766704799999999909e-01
-1.642380099999999898e-01
-7.079085100000000186e-02
1.686469100000000110e-01
2.663376199999999971e-01
3.108880099999999924e-01
3.044588799999999873e-01
2.797091800000000017e-01
2.574602799999999858e-01
2.409843200000000019e-01
2.133452399999999916e-01
2.052024100000000018e-01
1.936644700000000052e-01
1.739881000000000066e-01
1.632308500000000107e-01
1.705421400000000087e-01
1.686517700000000064e-01
1.349218100000000031e-01
-7.411397800000000397e-03
-1.627095000000000069e-01
-1.953430899999999970e-01
-2.022673600000000071e-01
-1.848425300000000049e-01
-1.697736199999999862e-01
-1.504123300000000107e-01
-1.401370600000000077e-01
-1.407648200000000127e-01
-1.361168899999999904e-01
3.473744700000000202e-03
2.210919600000000040e-01
3.141632300000000155e-01
3.379487899999999989e-01
3.021266100000000177e-01
2.776863500000000262e-01
2.822458800000000045e-01
2.924980500000000094e-01
3.150263400000000158e-01
3.108879800000000082e-01
2.951828200000000124e-01
2.794063299999999805e-01
2.873604300000000000e-01
2.619443200000000083e-01
1.178971300000000028e-01
-9.576540899999999579e-02
-1.504212699999999958e-01
-1.574847000000000052e-01
-1.535824199999999973e-01
-1.522000699999999929e-01
-1.560574700000000037e-01
-1.571935200000000032e-01
-1.577642999999999962e-01
-1.628003899999999893e-01
-1.735308399999999918e-01
-1.416863299999999992e-01
1.023900300000000069e-01
2.394148100000000057e-01
2.860259499999999733e-01
3.066039199999999743e-01
3.144054800000000149e-01
2.875638300000000203e-01
2.531834900000000110e-01
2.421197900000000014e-01
2.250412099999999915e-01
2.098594300000000135e-01
2.027511899999999978e-01
1.961041099999999981e-01
1.948010400000000086e-01
2.035772600000000099e-01
1.829554399999999970e-01
1.218173399999999962e-01
-1.094519600000000009e-01
-1.921638699999999866e-01
-1.874607100000000026e-01
-1.916023599999999993e-01
-1.936893699999999996e-01
-1.959587000000000134e-01
-1.905407500000000087e-01
-1.912819699999999956e-01
-1.905663900000000022e-01
-1.748394100000000007e-01
7.052547300000000519e-02
2.104550199999999927e-01
2.644567600000000129e-01
2.822485599999999817e-01
2.604036699999999760e-01
2.343640700000000077e-01
2.091375199999999934e-01
1.854926299999999917e-01
1.677017000000000091e-01
1.399809099999999862e-01
1.353088400000000135e-01
1.199560100000000018e-01
1.199575199999999980e-01
1.274191500000000088e-01
9.780740400000000057e-02
-2.138776200000000113e-02
-2.273704800000000137e-01
-2.884548599999999796e-01
-2.890659400000000212e-01
-2.832710999999999979e-01
-2.656628200000000217e-01
-2.558569900000000064e-01
-2.312822400000000000e-01
-2.271467199999999964e-01
-2.278128899999999901e-01
-1.689027200000000062e-01
7.738397900000000551e-02
1.886738799999999883e-01
2.557983899999999866e-01
2.601544100000000026e-01
2.425826899999999897e-01
2.452084399999999997e-01
2.211966399999999999e-01
1.879304099999999922e-01
1.740515599999999941e-01
1.784066400000000052e-01
1.765911500000000023e-01
1.647926299999999955e-01
1.557617900000000111e-01
1.546058899999999958e-01
1.412647300000000050e-01
2.437478300000000056e-02
-1.782495199999999946e-01
-2.347510600000000114e-01
-2.301794299999999904e-01
-2.152072700000000061e-01
-1.949846600000000041e-01
-1.907159599999999899e-01
-1.759328500000000017e-01
-1.660567599999999977e-01
-1.597093499999999999e-01
-1.581063299999999894e-01
-7.403148599999999357e-02
1.686698199999999981e-01
2.699667700000000226e-01
3.165775599999999801e-01
3.169551800000000030e-01
2.869576300000000191e-01
2.645389699999999844e-01
2.331174299999999866e-01
2.168026999999999871e-01
2.146158999999999983e-01
2.006181800000000071e-01
1.970867699999999945e-01
1.835488899999999923e-01
1.726280699999999946e-01
1.384530200000000100e-01
5.315944200000000119e-02
-1.523882699999999923e-01
-2.227046599999999987e-01
-2.257303099999999896e-01
-2.178105100000000127e-01
-2.036218800000000051e-01
-1.981885700000000083e-01
-1.834995299999999940e-01
-1.809314700000000109e-01
-1.796900499999999901e-01
-1.805366999999999944e-01
-6.805416400000000032e-02
1.371968199999999971e-01
2.414117299999999910e-01
2.911654399999999976e-01
2.883342600000000089e-01
2.647447499999999732e-01
2.517148100000000110e-01
2.346796700000000069e-01
2.127271699999999932e-01
1.946052100000000007e-01
1.720513399999999971e-01
1.570550300000000121e-01
1.388811899999999877e-01
1.332828400000000135e-01
1.377033300000000127e-01
1.070927299999999971e-01
2.270449899999999951e-02
-1.879363199999999900e-01
-2.483245699999999945e-01
-2.467230699999999888e-01
-2.408946499999999880e-01
-2.294796799999999914e-01
-2.312434399999999945e-01
-2.272074299999999880e-01
-2.184463600000000061e-01
-2.106490900000000110e-01
-1.647542499999999910e-01
6.769934599999999358e-02
1.997973000000000110e-01
2.501489100000000021e-01
2.653952900000000059e-01
2.505629699999999960e-01
2.253707899999999875e-01
1.968293200000000021e-01
1.723935900000000132e-01
1.622802999999999884e-01
1.542856200000000122e-01
1.424715699999999918e-01
1.431840699999999966e-01
1.572551100000000035e-01
1.427210600000000107e-01
6.159427700000000283e-02
-1.538346300000000000e-01
-2.148336000000000134e-01
-2.235543399999999903e-01
-2.170254799999999928e-01
-2.085717300000000107e-01
-2.063027199999999950e-01
-2.017631300000000127e-01
-1.981930399999999870e-01
-1.893803900000000096e-01
-1.550291900000000112e-01
9.365846299999999736e-02
2.188378900000000071e-01
2.712121299999999957e-01
2.792355999999999727e-01
2.529985699999999782e-01
2.300238300000000125e-01
2.100746300000000122e-01
1.837710800000000033e-01
1.727424200000000076e-01
1.635231000000000046e-01
1.553395899999999996e-01
1.577456100000000083e-01
1.445309600000000139e-01
1.260515399999999897e-01
8.466859499999999927e-02
-5.566370200000000240e-02
-2.294301199999999874e-01
-2.573613699999999782e-01
-2.485069299999999870e-01
-2.347925700000000060e-01
-2.325997300000000045e-01
-2.171758500000000036e-01
-2.054256299999999980e-01
-2.039441200000000065e-01
-2.007234900000000044e-01
-1.920045400000000013e-01
3.755892400000000048e-02
1.824083300000000074e-01
2.456683500000000075e-01
2.603057599999999971e-01
2.438026799999999938e-01
2.213518100000000099e-01
1.973021000000000080e-01
1.726310400000000134e-01
1.475175300000000078e-01
1.229731099999999966e-01
1.105659100000000034e-01
1.036103300000000005e-01
1.005116499999999941e-01
9.568059299999999434e-02
6.536672400000000105e-02
