2.074547800000000053e-01
2.060428099999999929e-01
1.951551699999999889e-01
1.640544800000000025e-01
3.804275800000000030e-03
-1.645167600000000119e-01
-1.902867199999999925e-01
-1.897407399999999911e-01
-1.953604499999999911e-01
-1.905749099999999863e-01
-1.807417099999999999e-01
-1.802092299999999980e-01
-1.799053399999999969e-01
-1.694073799999999963e-01
-1.716897699999999916e-01
-8.694443100000000257e-02
1.699577600000000133e-01
2.795679300000000200e-01
3.258576000000000250e-01
3.206977100000000247e-01
3.038882600000000211e-01
2.825242600000000270e-01
2.507886599999999966e-01
2.263098400000000121e-01
2.220614800000000055e-01
2.215764400000000134e-01
2.134906799999999882e-01
2.054048099999999932e-01
2.001031799999999916e-01
1.998421900000000029e-01
1.780361599999999989e-01
-8.963909900000000680e-03
-1.808001700000000100e-01
-2.087225400000000120e-01
-2.031614099999999867e-01
-1.848970299999999900e-01
-1.788031800000000060e-01
-1.816050600000000126e-01
-1.773195499999999925e-01
-1.793015000000000025e-01
-1.741009000000000029e-01
-1.695927100000000076e-01
4.677513099999999757e-02
2.142556100000000130e-01
3.052068000000000003e-01
3.346427399999999941e-01
3.325096699999999794e-01
3.202035699999999929e-01
2.994387000000000021e-01
2.905633400000000033e-01
2.709020500000000053e-01
2.397504699999999933e-01
2.243739600000000112e-01
2.246651199999999959e-01
2.108027000000000095e-01
1.945080100000000090e-01
1.848733200000000076e-01
1.416865200000000102e-01
-8.316313999999999651e-02
-1.857877099999999948e-01
-1.945187200000000061e-01
-1.858507000000000076e-01
-1.784411300000000034e-01
-1.671199200000000051e-01
-1.605777100000000124e-01
-1.517815399999999926e-01
-1.462542799999999865e-01
-1.461800600000000006e-01
-1.076579700000000056e-01
1.379795299999999891e-01
2.722256299999999962e-01
3.290653599999999734e-01
3.363134700000000032e-01
3.256382199999999782e-01
2.975051200000000118e-01
2.804024700000000148e-01
2.538532000000000011e-01
2.348775899999999972e-01
2.158187699999999931e-01
2.133240100000000083e-01
2.076669399999999943e-01
2.113867700000000016e-01
2.070585600000000026e-01
1.814228700000000138e-01
5.562565199999999765e-02
-1.215432600000000002e-01
-1.682463899999999957e-01
-1.712461000000000122e-01
-1.552353300000000047e-01
-1.439260699999999893e-01
-1.355649800000000016e-01
-1.286697099999999927e-01
-1.241592200000000007e-01
-1.198012199999999999e-01
-9.236969600000000113e-02
1.603199899999999956e-01
2.914882899999999832e-01
3.406530099999999783e-01
3.476057100000000122e-01
3.237797600000000275e-01
2.961219900000000016e-01
2.724027800000000110e-01
2.427258499999999930e-01
2.211490299999999964e-01
2.099531699999999945e-01
2.029561400000000071e-01
1.888191800000000031e-01
1.736203299999999894e-01
1.783976600000000134e-01
1.693290500000000087e-01
1.407493200000000111e-01
-6.030450799999999972e-02
-1.762493199999999871e-01
-1.878158099999999997e-01
-1.786544200000000082e-01
-1.654366800000000026e-01
-1.482458399999999898e-01
-1.541384600000000049e-01
-1.477284899999999901e-01
-1.403151699999999891e-01
-1.353625999999999996e-01
-1.203180400000000011e-01
1.050678200000000062e-01
2.529476299999999789e-01
3.184993099999999799e-01
3.377498099999999837e-01
3.206293000000000060e-01
2.860330200000000267e-01
2.462002600000000041e-01
2.159323499999999951e-01
1.915718899999999947e-01
1.752905600000000119e-01
1.652988999999999986e-01
1.535339500000000024e-01
1.515320400000000067e-01
1.535840699999999892e-01
1.259419200000000127e-01
4.923187400000000186e-02
-1.629021499999999956e-01
-2.176673899999999884e-01
-2.201802700000000113e-01
-2.009472200000000097e-01
-1.905549199999999888e-01
-1.742415200000000108e-01
-1.694057800000000058e-01
-1.626309800000000083e-01
-1.604129499999999986e-01
-1.622362300000000090e-01
-2.899020600000000100e-02
1.735789399999999871e-01
2.560415999999999803e-01
2.887402700000000211e-01
2.855487800000000020e-01
2.713873399999999769e-01
2.633833899999999950e-01
2.335818699999999970e-01
2.204035799999999878e-01
2.033510500000000054e-01
2.023766300000000018e-01
1.969101900000000127e-01
1.804933999999999983e-01
1.745571999999999957e-01
1.722431399999999890e-01
1.538254699999999919e-01
3.516709999999999975e-02
-1.611246699999999976e-01
-1.986417500000000058e-01
-2.014154800000000078e-01
-1.873345999999999900e-01
-1.711631299999999967e-01
-1.626087499999999963e-01
-1.537586099999999900e-01
-1.446598400000000118e-01
-1.454574899999999948e-01
-1.389965800000000085e-01
4.955141300000000248e-02
2.289856200000000008e-01
3.027573800000000204e-01
3.273963100000000237e-01
3.163059400000000077e-01
2.900195500000000148e-01
2.643081600000000142e-01
2.469139499999999932e-01
2.360217300000000129e-01
2.367299700000000118e-01
2.385693100000000066e-01
2.203022199999999930e-01
2.165129500000000096e-01
2.134023899999999974e-01
1.977481799999999956e-01
1.459650200000000009e-01
-8.302317700000000356e-02
-1.552524499999999863e-01
-1.638043999999999889e-01
-1.588800800000000069e-01
-1.469027800000000106e-01
-1.383741599999999961e-01
-1.310967100000000052e-01
-1.184984899999999980e-01
-1.047355499999999967e-01
-9.970147299999999879e-02
1.045053499999999969e-01
2.624338199999999843e-01
3.307975799999999800e-01
3.411180100000000270e-01
3.335368000000000221e-01
3.126619999999999955e-01
2.753982799999999953e-01
2.514289200000000002e-01
2.291049400000000069e-01
2.076380999999999921e-01
2.052741299999999991e-01
1.903925700000000110e-01
1.901939900000000072e-01
1.950491900000000112e-01
1.881612500000000021e-01
1.573067599999999899e-01
-4.014275700000000113e-02
-1.684882099999999994e-01
-1.758668200000000070e-01
-1.751031799999999972e-01
-1.630987100000000078e-01
-1.527057400000000065e-01
-1.573375700000000099e-01
-1.486071900000000001e-01
-1.454025399999999968e-01
-1.414666300000000099e-01
-1.469057300000000121e-01
5.056652100000000316e-02
2.097046700000000097e-01
2.742681499999999883e-01
3.123865200000000009e-01
3.053086500000000147e-01
2.785442399999999985e-01
2.443335199999999985e-01
2.257940999999999976e-01
2.023189499999999974e-01
1.883158699999999963e-01
1.732153300000000007e-01
1.564964000000000077e-01
1.502812799999999893e-01
1.500873500000000083e-01
1.491142000000000023e-01
6.971126499999999448e-02
-1.537884200000000090e-01
-2.372131899999999904e-01
-2.354521400000000042e-01
-2.274050800000000094e-01
-2.233989700000000023e-01
-2.134917000000000065e-01
-2.105632000000000059e-01
-1.953463599999999967e-01
-1.926582599999999978e-01
-1.865960100000000066e-01
-1.847355999999999998e-01
3.794667000000000179e-02
1.884343800000000124e-01
2.516912499999999775e-01
2.788752899999999979e-01
2.678391700000000153e-01
2.477042200000000027e-01
2.224333900000000086e-01
2.092495299999999891e-01
1.863635200000000047e-01
1.634956800000000043e-01
1.577967500000000134e-01
1.456067000000000056e-01
1.378889399999999876e-01
1.364052799999999899e-01
1.268859900000000041e-01
7.712209000000000425e-02
-1.420427300000000059e-01
-2.409794500000000117e-01
-2.475301799999999885e-01
-2.323009099999999993e-01
-2.121062800000000081e-01
-2.010140499999999997e-01
-1.858306999999999876e-01
-1.784433199999999886e-01
-1.715453299999999959e-01
-1.630701699999999865e-01
-7.784786800000000062e-02
1.494719599999999871e-01
2.578215600000000052e-01
3.018952300000000144e-01
2.942354699999999990e-01
2.819535799999999814e-01
2.629295700000000013e-01
2.245624699999999863e-01
2.045328100000000093e-01
1.946459700000000015e-01
1.762119400000000113e-01
1.614096600000000103e-01
1.543787799999999932e-01
1.618933800000000034e-01
1.608942800000000006e-01
1.351923700000000061e-01
-1.349998099999999944e-02
-1.798241600000000107e-01
-2.063309600000000077e-01
-2.001236299999999968e-01
-1.972009000000000123e-01
-1.957886199999999965e-01
-1.826436399999999960e-01
-1.756169700000000111e-01
-1.743537400000000070e-01
-1.670697299999999996e-01
-1.604955600000000093e-01
3.657044500000000004e-02
2.029381100000000049e-01
2.933937400000000140e-01
3.094826999999999995e-01
2.734045999999999976e-01
2.220404199999999884e-01
2.195044999999999913e-01
2.552335900000000102e-01
2.675828800000000229e-01
2.524454799999999999e-01
2.486526599999999976e-01
2.393447200000000108e-01
2.326245999999999869e-01
2.008686199999999977e-01
6.688560500000000075e-02
-1.642302399999999996e-01
-2.072236199999999973e-01
-2.105718699999999943e-01
-2.080817100000000031e-01
-2.027869700000000108e-01
-2.010471699999999973e-01
-2.029548100000000133e-01
-1.971922000000000119e-01
-1.979260200000000081e-01
-2.043469499999999994e-01
-1.357809100000000047e-01
1.238297700000000057e-01
2.407225600000000021e-01
3.012810400000000000e-01
3.132160399999999734e-01
3.017752499999999949e-01
2.931189599999999840e-01
2.615247499999999725e-01
2.386552399999999907e-01
2.232513100000000084e-01
2.030760600000000027e-01
1.960501299999999891e-01
1.878952600000000084e-01
1.897790199999999927e-01
1.907609200000000005e-01
1.705970400000000053e-01
8.457869899999999330e-02
-1.458143199999999973e-01
-2.098760799999999926e-01
-2.083133600000000030e-01
-2.020435800000000004e-01
-1.950973699999999922e-01
-1.931189500000000114e-01
-1.873088400000000042e-01
-1.852734799999999904e-01
-1.804973099999999941e-01
-1.743128599999999861e-01
4.244120500000000268e-02
1.996459399999999940e-01
2.778558700000000048e-01
3.120550200000000163e-01
3.119559700000000269e-01
2.868706799999999890e-01
2.687840599999999913e-01
2.361452500000000010e-01
2.215090100000000062e-01
2.060271300000000028e-01
1.833720199999999967e-01
1.764675699999999903e-01
1.732979799999999904e-01
1.617134100000000019e-01
1.393268000000000006e-01
6.798851599999999884e-02
-1.451661300000000043e-01
-2.316719299999999981e-01
-2.313273999999999886e-01
-2.195973900000000034e-01
-1.959525300000000136e-01
-1.917510900000000129e-01
-1.937239000000000044e-01
-1.788544999999999996e-01
-1.683218300000000056e-01
-1.615803399999999890e-01
-4.347253200000000123e-02
1.866713299999999964e-01
2.760707000000000022e-01
3.004697100000000010e-01
3.028337300000000232e-01
2.826914799999999950e-01
2.613374700000000161e-01
2.320888399999999907e-01
2.288376799999999878e-01
2.034438699999999989e-01
1.886712299999999953e-01
1.762768200000000007e-01
1.681812400000000096e-01
1.674168299999999887e-01
1.752558999999999922e-01
1.597897899999999871e-01
8.416776099999999372e-02
-1.362404399999999904e-01
-2.235043899999999972e-01
-2.309982999999999898e-01
-2.212918600000000069e-01
-2.110790800000000023e-01
-2.053431000000000006e-01
-2.015078700000000056e-01
-1.959383299999999939e-01
-1.979004099999999988e-01
-1.909557100000000007e-01
1.476628499999999965e-03
1.670612200000000103e-01
2.405995499999999954e-01
2.673345200000000199e-01
2.578132100000000149e-01
2.562646299999999933e-01
2.303440300000000052e-01
2.128812999999999955e-01
2.103287000000000073e-01
2.000752500000000100e-01
1.780815000000000037e-01
1.686114499999999961e-01
1.654563599999999968e-01
1.681306100000000137e-01
1.391661499999999885e-01
8.613666500000000115e-02
-1.340634900000000074e-01
-2.281091700000000000e-01
-2.513003100000000267e-01
-2.472408700000000015e-01
-2.310994199999999998e-01
-2.220328099999999971e-01
-2.138095999999999886e-01
-2.233707199999999948e-01
-2.269370900000000080e-01
-2.239108099999999879e-01
-2.183939599999999981e-01
2.912550100000000156e-02
1.676908199999999904e-01
2.286134900000000025e-01
2.416022700000000079e-01
2.414847900000000047e-01
2.075728000000000018e-01
1.801886199999999938e-01
1.541009700000000038e-01
1.353048099999999976e-01
1.243349599999999944e-01
1.240046999999999955e-01
1.252336000000000005e-01
1.230023600000000050e-01
1.270815299999999981e-01
1.065535999999999983e-01
8.614002299999999612e-03
-1.981244500000000075e-01
-2.477543000000000106e-01
-2.521701399999999871e-01
-2.428145899999999968e-01
-2.388995499999999883e-01
-2.209647700000000048e-01
-2.119120800000000027e-01
-2.083859899999999932e-01
-1.951935200000000092e-01
-1.783706700000000089e-01
-1.147480000000000028e-01
1.272312999999999916e-01
2.338377600000000056e-01
2.753766699999999901e-01
2.874763000000000179e-01
2.676000800000000179e-01
2.517037500000000039e-01
2.347964999999999913e-01
2.196270800000000023e-01
2.035124500000000114e-01
1.968989999999999907e-01
1.764793900000000137e-01
1.683544899999999955e-01
1.673476200000000025e-01
1.575578800000000113e-01
1.286510499999999890e-01
-8.170414099999999402e-02
-2.176814599999999933e-01
-2.445662899999999917e-01
-2.514593800000000101e-01
-2.673806499999999975e-01
-2.583181600000000189e-01
-2.391907000000000061e-01
-2.338893099999999892e-01
-2.194550799999999968e-01
-2.202208499999999958e-01
-2.100344899999999904e-01
3.154780799999999663e-02
2.098894400000000104e-01
2.835427999999999837e-01
3.379610200000000009e-01
3.340357700000000096e-01
3.101377300000000004e-01
2.890292199999999756e-01
2.653508900000000059e-01
2.559767099999999962e-01
2.285558400000000101e-01
2.059682999999999931e-01
1.915279199999999904e-01
1.894594300000000120e-01
1.782505600000000023e-01
1.483660199999999874e-01
2.100800499999999973e-02
-2.011454199999999914e-01
-2.421667899999999929e-01
-2.402298300000000053e-01
-2.370695499999999900e-01
-2.257052400000000014e-01
-2.140410199999999985e-01
-2.049716600000000000e-01
-2.142843100000000056e-01
-2.127620400000000134e-01
-2.131274800000000080e-01
-4.528044199999999714e-02
1.418778900000000065e-01
2.225497200000000064e-01
2.614643099999999776e-01
2.554443699999999762e-01
2.457425099999999973e-01
2.260686500000000099e-01
2.136797500000000016e-01
1.951091500000000090e-01
1.888739000000000112e-01
1.851159199999999894e-01
1.625427700000000031e-01
1.355191900000000116e-01
1.385009199999999996e-01
1.257162300000000121e-01
3.128302699999999797e-02
-1.847289900000000096e-01
-2.248203599999999969e-01
-2.110343399999999869e-01
-2.062968299999999866e-01
-1.952827900000000116e-01
-1.893057599999999896e-01
-1.818004300000000129e-01
-1.744892700000000019e-01
-1.718841100000000066e-01
5.382302800000000192e-02
2.508580699999999886e-01
3.302882400000000107e-01
3.675298200000000071e-01
3.672179600000000099e-01
3.502041599999999866e-01
3.059442800000000129e-01
2.754495399999999927e-01
2.539334599999999997e-01
2.432378400000000107e-01
2.364447600000000038e-01
2.375056399999999901e-01
2.366799300000000106e-01
2.452577400000000019e-01
2.193459600000000065e-01
1.747781200000000090e-01
-5.854018300000000258e-02
-1.738541999999999865e-01
-1.875108299999999895e-01
-1.802678299999999900e-01
-1.837718799999999986e-01
-1.776464799999999955e-01
-1.726143800000000117e-01
-1.611214400000000047e-01
-1.516145100000000079e-01
-1.538524300000000122e-01
7.776134699999999456e-02
2.589059899999999748e-01
3.339025099999999857e-01
3.571403400000000006e-01
3.378142299999999931e-01
3.082870799999999911e-01
2.875096500000000055e-01
2.536766699999999930e-01
2.382277100000000092e-01
2.221887399999999957e-01
2.095847600000000088e-01
1.942505800000000060e-01
1.887321799999999994e-01
1.827044700000000077e-01
1.700369100000000133e-01
1.057944200000000001e-01
-1.280244899999999908e-01
-2.071158999999999917e-01
-2.212466100000000102e-01
-2.082986500000000019e-01
-1.926508200000000004e-01
-1.800699600000000011e-01
-1.719836399999999932e-01
-1.675231699999999990e-01
-1.621334899999999912e-01
-1.664458699999999958e-01
-8.748435999999999713e-02
1.554096100000000036e-01
2.619707700000000195e-01
3.154211800000000232e-01
3.203445699999999952e-01
3.044291800000000214e-01
2.973386000000000084e-01
2.671745899999999896e-01
2.306023000000000100e-01
2.196569200000000055e-01
2.064430700000000063e-01
1.981216199999999983e-01
1.936845000000000094e-01
1.947239600000000015e-01
2.014453800000000072e-01
1.799651399999999957e-01
9.742570899999999923e-02
-1.062715800000000044e-01
-1.722683999999999882e-01
-1.803095299999999956e-01
-1.738408999999999927e-01
-1.588728600000000046e-01
-1.536772200000000033e-01
-1.466754299999999955e-01
-1.336709199999999986e-01
-1.286508600000000058e-01
-1.369227899999999887e-01
-5.668661299999999681e-02
1.826551999999999898e-01
2.968489400000000056e-01
3.411545699999999903e-01
3.504374800000000234e-01
3.423527000000000098e-01
3.226857100000000145e-01
3.022129800000000199e-01
3.014567699999999850e-01
2.912936999999999887e-01
2.835125399999999796e-01
2.816215599999999930e-01
2.722905500000000201e-01
2.591918200000000172e-01
2.485998299999999939e-01
2.206391500000000061e-01
7.953748300000000604e-02
-1.164356599999999964e-01
-1.681190399999999974e-01
-1.686488399999999943e-01
-1.665991500000000014e-01
-1.625483000000000067e-01
-1.488454399999999955e-01
-1.384477199999999963e-01
-1.426467600000000113e-01
-1.437875399999999915e-01
-8.493931400000000187e-02
1.619614500000000068e-01
2.792237100000000138e-01
3.394500999999999769e-01
3.319570499999999758e-01
3.021914700000000176e-01
2.943313399999999969e-01
2.878876000000000213e-01
2.755966000000000249e-01
2.558003500000000097e-01
2.429942999999999964e-01
2.407650100000000015e-01
2.320781700000000003e-01
2.305777900000000047e-01
1.847679200000000022e-01
9.527571899999999483e-02
-1.416950800000000010e-01
-2.028262999999999872e-01
-1.984011800000000103e-01
-1.830570599999999937e-01
-1.649028300000000002e-01
-1.585714000000000012e-01
-1.545674900000000018e-01
-1.512684300000000093e-01
-1.531569600000000086e-01
-1.419177399999999867e-01
-6.047429599999999683e-02
1.912895099999999959e-01
2.845036000000000231e-01
3.146163499999999891e-01
3.347971599999999825e-01
3.273598099999999733e-01
3.020495100000000210e-01
2.776893500000000015e-01
2.614081300000000163e-01
2.280127100000000073e-01
2.112711399999999962e-01
2.014261800000000102e-01
2.010174100000000075e-01
2.011338900000000096e-01
2.029807299999999981e-01
1.855127299999999868e-01
8.212519999999999543e-02
-1.393764399999999903e-01
-2.050210699999999997e-01
-2.019523799999999869e-01
-1.968331000000000108e-01
-1.930605699999999869e-01
-1.923065399999999980e-01
-1.972018899999999908e-01
-1.890973599999999921e-01
-1.799843999999999888e-01
-1.054319100000000037e-01
1.444836200000000070e-01
2.528059300000000120e-01
2.967501100000000114e-01
3.030390800000000162e-01
2.754533299999999962e-01
2.467511099999999957e-01
2.428394399999999897e-01
2.276753699999999880e-01
2.098785499999999971e-01
1.875556999999999919e-01
1.811973600000000018e-01
1.811651099999999903e-01
1.876917100000000116e-01
1.787961899999999937e-01
1.400927899999999948e-01
-7.293054100000000151e-02
-2.100681399999999865e-01
-2.431545999999999985e-01
-2.371674199999999899e-01
-2.325871999999999939e-01
-2.194280200000000014e-01
-2.100446499999999994e-01
-2.060694600000000098e-01
-2.092521800000000098e-01
-2.054503400000000091e-01
-1.058500799999999992e-01
1.175376999999999950e-01
2.237056699999999954e-01
2.719207000000000152e-01
2.689046500000000228e-01
2.516545900000000113e-01
2.398837900000000134e-01
2.102921899999999900e-01
1.899434399999999912e-01
1.754531699999999916e-01
1.641550800000000088e-01
1.621339699999999884e-01
1.496677899999999950e-01
1.442377699999999874e-01
1.305730200000000119e-01
1.064201699999999945e-01
-3.837883300000000109e-02
-2.165814500000000087e-01
-2.541497500000000076e-01
-2.529012199999999821e-01
-2.459107100000000046e-01
-2.306439000000000128e-01
-2.207395900000000133e-01
-2.111051899999999981e-01
-2.094965299999999864e-01
-2.078540500000000124e-01
-1.838523699999999872e-01
5.620769899999999986e-02
1.948451400000000000e-01
2.491743800000000009e-01
2.671230399999999783e-01
2.651512300000000155e-01
2.408606000000000080e-01
2.093876500000000085e-01
1.895593600000000101e-01
1.666073499999999874e-01
1.653256899999999974e-01
1.632122000000000017e-01
1.543057800000000035e-01
1.452345899999999967e-01
1.405704700000000029e-01
1.185294499999999945e-01
4.640479299999999974e-02
-1.539309600000000056e-01
-2.212580899999999906e-01
-2.234319300000000008e-01
-2.151649800000000057e-01
-2.079819400000000040e-01
-1.965158899999999986e-01
-1.889458099999999918e-01
-1.888697300000000134e-01
-1.912699599999999889e-01
-1.861788000000000054e-01
-1.507898699999999925e-01
9.207856400000000163e-02
2.135729399999999889e-01
2.648027399999999809e-01
2.697953699999999788e-01
2.554257600000000017e-01
2.331231699999999907e-01
2.076576800000000111e-01
1.858762399999999981e-01
1.641541699999999881e-01
1.565385400000000038e-01
1.549021100000000095e-01
1.616491499999999915e-01
1.650695699999999988e-01
1.621696699999999880e-01
1.272177600000000131e-01
-5.731431199999999920e-02
-1.926386300000000051e-01
-2.192785600000000112e-01
-2.241053699999999982e-01
-2.122546800000000011e-01
-2.074625900000000023e-01
-1.976186400000000121e-01
-1.987838600000000067e-01
-1.975367500000000109e-01
-1.936514000000000013e-01
-1.082742800000000005e-01
1.156391600000000047e-01
2.082398000000000027e-01
2.429389999999999883e-01
2.509208199999999889e-01
2.475898699999999897e-01
2.203081699999999976e-01
1.989958199999999899e-01
1.811411300000000113e-01
1.704149500000000095e-01
1.607209099999999946e-01
1.551327000000000123e-01
1.498891099999999921e-01
1.466500900000000107e-01
1.455347300000000010e-01
1.252950800000000031e-01
5.426754100000000247e-02
-1.735764599999999880e-01
-2.542928500000000147e-01
-2.556239699999999782e-01
-2.399527800000000044e-01
-2.229762299999999975e-01
-2.107150000000000134e-01
-1.970133500000000037e-01
-1.937477300000000069e-01
-1.899016900000000119e-01
-1.912912400000000013e-01
-1.285878500000000035e-01
1.083232999999999974e-01
2.287410800000000133e-01
2.863331499999999807e-01
3.010830999999999924e-01
2.922454500000000177e-01
2.685286599999999746e-01
2.452924700000000124e-01
2.219732100000000041e-01
2.040065399999999862e-01
1.781117500000000131e-01
1.673298799999999864e-01
1.681615800000000049e-01
1.702819499999999875e-01
1.652821200000000046e-01
1.234572099999999978e-01
-7.932913399999999560e-02
-1.734703300000000059e-01
-1.805877999999999928e-01
-1.756924300000000105e-01
-1.695454999999999879e-01
-1.631599300000000086e-01
-1.453011600000000125e-01
-1.400733399999999906e-01
-1.367523700000000120e-01
-1.332056899999999877e-01
-7.447315000000000185e-02
1.518014500000000044e-01
2.730396500000000226e-01
3.286749099999999868e-01
3.366466900000000262e-01
3.068859299999999735e-01
2.879681399999999836e-01
2.562837199999999926e-01
2.313018400000000085e-01
2.137148899999999907e-01
2.088923199999999925e-01
1.931586799999999993e-01
1.787788999999999906e-01
1.913781499999999969e-01
1.861256699999999931e-01
1.591955100000000123e-01
-8.310176299999999516e-03
-1.741170700000000127e-01
-1.971250599999999908e-01
-2.025715600000000116e-01
-1.845214500000000035e-01
-1.748559799999999942e-01
-1.657121000000000011e-01
-1.574390400000000023e-01
-1.524296199999999879e-01
-1.528738000000000041e-01
-1.488304400000000083e-01
-8.418283099999999963e-02
1.496485399999999966e-01
2.562340000000000173e-01
3.090479300000000262e-01
3.180943299999999807e-01
2.973681200000000135e-01
2.692506100000000013e-01
2.475416900000000087e-01
2.263996299999999906e-01
2.018123800000000134e-01
1.922243700000000055e-01
1.887835599999999892e-01
1.671208399999999927e-01
1.584055299999999888e-01
1.486858500000000083e-01
1.144586100000000023e-01
-5.928449499999999955e-02
-2.060919499999999960e-01
-2.292360699999999862e-01
-2.252590800000000004e-01
-2.242356799999999928e-01
-2.137659799999999943e-01
-2.071898799999999929e-01
-2.005096899999999904e-01
-1.962681500000000023e-01
-1.954071199999999897e-01
-1.622226999999999975e-01
6.486358999999999875e-02
1.922388200000000047e-01
2.597117800000000032e-01
2.703707200000000088e-01
2.620920700000000103e-01
2.436312099999999869e-01
2.213022600000000006e-01
1.967340200000000094e-01
1.910753199999999929e-01
1.862591500000000122e-01
1.639117499999999950e-01
1.406370500000000134e-01
1.483350099999999894e-01
1.503538600000000058e-01
1.529710400000000026e-01
8.071572999999999942e-02
-1.304314900000000110e-01
-1.958845100000000117e-01
-2.051996500000000112e-01
-1.948935699999999882e-01
-1.923353200000000041e-01
-1.818845000000000045e-01
-1.692523400000000011e-01
-1.678160900000000011e-01
-1.596712200000000026e-01
-1.548908200000000124e-01
5.741070999999999674e-02
2.121242399999999917e-01
2.803581199999999884e-01
3.125619700000000223e-01
2.935268500000000058e-01
2.633813400000000193e-01
2.411618399999999884e-01
2.163977300000000104e-01
1.852721400000000018e-01
1.683014200000000071e-01
1.658243199999999973e-01
1.466461500000000029e-01
1.445320400000000005e-01
1.613938400000000106e-01
1.611335700000000037e-01
1.263812800000000125e-01
-1.864443099999999950e-02
-1.684282500000000016e-01
-1.957560200000000028e-01
-1.908052699999999990e-01
-1.716432300000000077e-01
-1.595616099999999926e-01
-1.450147999999999993e-01
-1.320043399999999978e-01
-1.350586400000000076e-01
-1.230882499999999963e-01
-7.464464399999999611e-02
1.714542400000000077e-01
3.008559100000000042e-01
3.586012599999999773e-01
3.584726799999999880e-01
3.335505400000000065e-01
3.001951700000000112e-01
2.767470499999999944e-01
2.538435700000000184e-01
2.392876600000000131e-01
2.328951900000000019e-01
2.289384399999999931e-01
2.101493100000000058e-01
1.949182999999999888e-01
1.982394299999999943e-01
1.702119300000000113e-01
-1.428786699999999923e-02
-1.488717999999999986e-01
-1.709668699999999930e-01
-1.629373699999999980e-01
-1.535554899999999889e-01
-1.509099799999999991e-01
-1.418924500000000033e-01
-1.365703600000000018e-01
-1.377502399999999960e-01
-1.318315100000000128e-01
-8.843310299999999902e-02
1.372437999999999991e-01
2.624329300000000087e-01
3.300754900000000269e-01
3.126337000000000144e-01
2.812363199999999841e-01
2.602283000000000235e-01
2.569808800000000226e-01
2.656856300000000060e-01
2.628234500000000140e-01
2.625441600000000264e-01
2.575854100000000146e-01
2.477739999999999942e-01
2.323579600000000023e-01
1.963875999999999955e-01
5.646231499999999903e-02
-1.569553200000000093e-01
-2.016293999999999864e-01
-2.079049799999999892e-01
-2.112510099999999891e-01
-2.083339800000000019e-01
-2.069925099999999907e-01
-2.082897700000000130e-01
-2.024631100000000017e-01
-2.043724000000000096e-01
-1.139116000000000017e-01
1.260809499999999972e-01
2.074000300000000130e-01
2.373428499999999941e-01
2.464053099999999885e-01
2.219526500000000013e-01
2.102914999999999923e-01
1.960105600000000003e-01
1.722256899999999868e-01
1.415240899999999913e-01
1.260742800000000108e-01
1.273194199999999887e-01
1.235863400000000029e-01
1.397721600000000064e-01
1.409822400000000087e-01
1.150603099999999990e-01
1.521499699999999920e-02
-2.001807700000000079e-01
-2.589344900000000171e-01
-2.586479999999999890e-01
-2.484889299999999968e-01
-2.443837299999999935e-01
-2.356304600000000138e-01
-2.295186600000000132e-01
-2.237324400000000046e-01
-2.227420300000000075e-01
-1.990217699999999867e-01
3.846838999999999814e-02
1.847345900000000041e-01
2.496970299999999865e-01
2.758681900000000131e-01
2.594082400000000121e-01
2.368066699999999969e-01
2.043370700000000095e-01
1.973583399999999932e-01
1.978896900000000070e-01
1.997949800000000109e-01
1.935173099999999979e-01
1.831469300000000133e-01
1.809458399999999967e-01
1.738849299999999931e-01
1.290199099999999877e-01
-3.545138300000000298e-02
-1.869216300000000053e-01
-2.223449200000000014e-01
-2.198381299999999927e-01
-2.126528699999999938e-01
-2.050366100000000080e-01
-1.954731200000000002e-01
-1.810921100000000006e-01
-1.704552099999999959e-01
-1.571242599999999878e-01
3.982869299999999835e-02
2.292137800000000059e-01
2.995340699999999856e-01
3.291518399999999733e-01
3.244821399999999745e-01
2.982528500000000138e-01
2.719415199999999921e-01
2.354828099999999869e-01
2.103574400000000066e-01
2.090645399999999932e-01
1.963674400000000042e-01
1.856689400000000045e-01
1.693471099999999951e-01
1.672859899999999955e-01
1.683128000000000124e-01
1.456771900000000119e-01
5.230075900000000222e-02
-1.504906299999999864e-01
-2.117123399999999989e-01
-2.139321600000000101e-01
-2.023000299999999918e-01
-1.912417899999999948e-01
-1.899523999999999935e-01
-1.754544700000000013e-01
-1.765694800000000009e-01
-1.780268299999999970e-01
-1.343749999999999944e-01
1.112338699999999986e-01
2.360908899999999977e-01
2.790653699999999793e-01
2.872069999999999901e-01
2.654584199999999727e-01
2.499836800000000137e-01
2.233401899999999940e-01
1.921385100000000123e-01
1.680274999999999963e-01
1.533925200000000044e-01
1.449042899999999912e-01
1.381352499999999872e-01
1.302234700000000078e-01
1.235562699999999958e-01
8.830224200000000301e-02
-1.245542300000000019e-01
-2.326886599999999916e-01
-2.462755699999999992e-01
-2.352633899999999889e-01
-2.181695399999999951e-01
-2.099778399999999989e-01
-2.146275900000000070e-01
-2.145958900000000114e-01
-2.165871900000000128e-01
-2.124285200000000096e-01
-2.088494999999999935e-01
-1.140154699999999938e-01
1.192154500000000006e-01
2.152762699999999918e-01
2.447948100000000016e-01
2.310884599999999955e-01
2.200361399999999912e-01
2.085241200000000072e-01
1.744487700000000030e-01
1.698582100000000095e-01
1.598857999999999946e-01
1.446546800000000077e-01
1.336380000000000068e-01
1.284098800000000040e-01
1.269148800000000077e-01
1.238988000000000034e-01
6.914531299999999991e-02
-1.521810200000000002e-01
-2.410409799999999880e-01
-2.597259699999999727e-01
-2.557878800000000230e-01
-2.413836500000000052e-01
-2.404534600000000077e-01
-2.371583399999999953e-01
-2.293778200000000100e-01
-2.215198700000000076e-01
-2.195113900000000007e-01
-1.624628999999999934e-01
6.535862100000000563e-02
1.783309100000000091e-01
2.360750600000000032e-01
2.438814599999999944e-01
2.206180699999999995e-01
1.868494400000000055e-01
1.737973399999999946e-01
1.558550300000000055e-01
1.448979400000000028e-01
1.414960299999999949e-01
1.335161500000000001e-01
1.345139399999999985e-01
1.305754399999999871e-01
1.243773799999999957e-01
8.600096999999999603e-02
-9.839631299999999914e-02
-2.359900799999999910e-01
-2.637573300000000120e-01
-2.568473499999999743e-01
-2.433362299999999867e-01
-2.283588900000000088e-01
-2.234603900000000087e-01
-2.243022199999999966e-01
-2.182868599999999992e-01
-2.073983699999999986e-01
-2.097300500000000012e-01
-6.268060000000000298e-02
1.379565600000000059e-01
2.242383300000000135e-01
2.543953800000000043e-01
2.375579800000000019e-01
2.142123800000000078e-01
1.677918100000000134e-01
1.516442899999999872e-01
1.501182500000000086e-01
1.391043399999999930e-01
1.316881500000000038e-01
1.307018600000000030e-01
1.350050399999999928e-01
1.412719000000000058e-01
9.653717300000000390e-02
-3.217517300000000136e-02
-2.657708200000000187e-01
-3.029797599999999869e-01
-2.876736699999999924e-01
-2.656454599999999999e-01
-2.392415300000000078e-01
-2.207510500000000042e-01
-2.217880499999999866e-01
-2.133665600000000107e-01
-2.130398799999999870e-01
-2.082727299999999893e-01
-4.421751499999999890e-02
1.587146799999999969e-01
2.403037799999999946e-01
2.842469799999999824e-01
2.865721900000000044e-01
2.622186000000000239e-01
2.586760599999999855e-01
2.473458600000000007e-01
2.240909600000000057e-01
2.215359699999999987e-01
2.093779600000000019e-01
2.032381600000000010e-01
2.003467899999999968e-01
1.905672900000000003e-01
1.575842799999999932e-01
2.479859200000000125e-02
-1.809836400000000012e-01
-2.253411399999999953e-01
-2.282031499999999935e-01
-2.134025400000000017e-01
-2.133838899999999927e-01
-2.005385000000000084e-01
-1.911979900000000121e-01
-1.824114000000000013e-01
-1.734927900000000078e-01
-1.716596699999999864e-01
-5.703194000000000319e-02
1.767886599999999864e-01
2.705904700000000274e-01
3.236351900000000170e-01
3.134944100000000011e-01
2.988678000000000168e-01
2.661133900000000052e-01
2.494247800000000126e-01
2.331858800000000120e-01
2.080154800000000026e-01
1.967654699999999979e-01
1.801855900000000066e-01
1.729108500000000048e-01
1.775422700000000020e-01
1.824028400000000105e-01
1.585904300000000045e-01
7.518670399999999310e-02
-1.350801000000000085e-01
-1.953155099999999977e-01
-2.095716999999999997e-01
-2.069414900000000057e-01
-1.943036300000000050e-01
-1.899230199999999980e-01
-1.850419100000000039e-01
-1.790628800000000076e-01
-1.734979199999999999e-01
-1.080341100000000026e-01
1.246241200000000049e-01
2.304474900000000048e-01
2.669403200000000087e-01
2.777506699999999773e-01
2.615211399999999853e-01
2.513824399999999848e-01
2.325724499999999861e-01
2.216042799999999868e-01
2.066583100000000117e-01
1.941113600000000106e-01
1.900787200000000066e-01
1.683178999999999925e-01
1.646641299999999919e-01
1.691338000000000008e-01
1.486367299999999947e-01
7.619739400000000162e-02
-1.363170400000000004e-01
-2.234249199999999991e-01
-2.183937699999999871e-01
-2.167782799999999899e-01
-2.119282700000000019e-01
-2.029749899999999940e-01
-1.909336000000000089e-01
-1.847391300000000014e-01
-1.745702600000000049e-01
-1.698924599999999951e-01
-5.125724599999999936e-02
1.673986299999999927e-01
2.504409499999999955e-01
2.882669999999999955e-01
2.793602700000000216e-01
2.532186399999999948e-01
2.171121699999999932e-01
1.999640000000000029e-01
1.709862199999999943e-01
1.593314100000000066e-01
1.623936900000000072e-01
1.540796299999999952e-01
1.586346899999999949e-01
1.790979299999999885e-01
1.609494099999999872e-01
1.190450799999999976e-01
-8.540047500000000347e-02
-1.873902400000000135e-01
-1.993718600000000118e-01
-1.927132900000000093e-01
-1.865900799999999915e-01
