2.015481299999999920e-01
2.216712600000000088e-01
2.221168900000000113e-01
1.793979599999999952e-01
-4.203578199999999767e-04
-1.747277899999999939e-01
-2.038415500000000102e-01
-2.028487700000000116e-01
-2.064850300000000138e-01
-1.971110100000000032e-01
-1.967129699999999870e-01
-1.973623599999999867e-01
-1.859479599999999955e-01
-1.866281200000000084e-01
-1.853042900000000104e-01
-9.486909699999999945e-02
1.654976300000000067e-01
2.734716700000000000e-01
3.214145099999999866e-01
3.132803399999999905e-01
2.945905200000000224e-01
2.773807400000000145e-01
2.520263400000000154e-01
2.195748499999999881e-01
2.181169500000000039e-01
2.128888300000000011e-01
2.117338199999999893e-01
2.089802199999999943e-01
2.183283900000000111e-01
2.102417199999999931e-01
1.782634999999999914e-01
-1.072438700000000016e-03
-1.721537200000000101e-01
-2.011503400000000108e-01
-1.925225700000000040e-01
-1.886990000000000056e-01
-1.772668400000000088e-01
-1.798542800000000053e-01
-1.784068400000000110e-01
-1.703963599999999967e-01
-1.567160900000000023e-01
-1.515826299999999960e-01
6.402413699999999486e-02
2.290250799999999920e-01
3.195043100000000136e-01
3.384737999999999913e-01
3.356077000000000088e-01
3.084907199999999960e-01
2.868715399999999804e-01
2.808528900000000217e-01
2.703885699999999948e-01
2.525216800000000261e-01
2.356462000000000001e-01
2.323047400000000096e-01
2.295290200000000003e-01
2.223401000000000127e-01
2.128541700000000092e-01
1.837703800000000109e-01
-4.539740999999999915e-02
-1.479392300000000049e-01
-1.682973500000000122e-01
-1.544050600000000106e-01
-1.387663399999999880e-01
-1.375146499999999883e-01
-1.216628700000000063e-01
-1.155115200000000064e-01
-1.149560200000000060e-01
-1.255243199999999948e-01
-8.718958899999999790e-02
1.638797899999999974e-01
2.990860599999999869e-01
3.602537800000000234e-01
3.655089999999999728e-01
3.471814200000000183e-01
3.377524199999999976e-01
3.097047800000000128e-01
2.803345899999999946e-01
2.652260200000000068e-01
2.466136800000000018e-01
2.373609499999999872e-01
2.279135700000000098e-01
2.399626900000000063e-01
2.349577800000000050e-01
2.133350900000000050e-01
9.616791600000000606e-02
-9.863277500000000586e-02
-1.297838600000000009e-01
-1.310790900000000092e-01
-1.160564099999999987e-01
-1.056962099999999988e-01
-9.713472700000000404e-02
-9.906269600000000564e-02
-9.947319699999999931e-02
-1.028704000000000007e-01
-7.281738000000000099e-02
1.739682899999999977e-01
3.111458699999999911e-01
3.599804699999999968e-01
3.698975400000000247e-01
3.400660500000000086e-01
3.117035400000000012e-01
2.809136099999999803e-01
2.523690399999999889e-01
2.240673199999999865e-01
2.116357199999999994e-01
2.051565999999999945e-01
2.023944199999999916e-01
1.911176300000000106e-01
1.850505699999999976e-01
1.792736299999999894e-01
1.410908800000000018e-01
-5.545373499999999706e-02
-1.672217799999999865e-01
-1.917186600000000130e-01
-1.865701200000000060e-01
-1.762609199999999876e-01
-1.607715100000000064e-01
-1.640709300000000037e-01
-1.485271400000000019e-01
-1.409968199999999949e-01
-1.489996799999999955e-01
-1.370393500000000042e-01
8.057035599999999576e-02
2.302861200000000108e-01
2.960924899999999860e-01
3.035189300000000201e-01
2.953430499999999959e-01
2.699768599999999852e-01
2.286380699999999988e-01
1.945099399999999923e-01
1.782153900000000013e-01
1.759276800000000029e-01
1.623058300000000120e-01
1.575230200000000136e-01
1.576505900000000071e-01
1.494796100000000127e-01
1.349142000000000119e-01
3.726454700000000203e-02
-1.691808700000000110e-01
-2.216841200000000123e-01
-2.279500499999999874e-01
-2.220160899999999993e-01
-2.115547000000000122e-01
-2.043200599999999978e-01
-1.889056699999999978e-01
-1.911059699999999861e-01
-1.829469099999999904e-01
-1.821770100000000003e-01
-3.765069199999999949e-02
1.731367500000000059e-01
2.511474799999999785e-01
2.863388700000000231e-01
2.786519000000000079e-01
2.631449299999999991e-01
2.405506400000000100e-01
2.153845899999999869e-01
1.880035399999999968e-01
1.667751000000000094e-01
1.641035399999999922e-01
1.513166699999999865e-01
1.430151899999999865e-01
1.484023800000000004e-01
1.538455499999999976e-01
1.293509700000000096e-01
1.112041599999999929e-02
-1.741108700000000009e-01
-2.177633900000000011e-01
-2.217096199999999961e-01
-2.077034000000000102e-01
-2.004669699999999943e-01
-1.927015199999999873e-01
-1.763917700000000033e-01
-1.718859399999999871e-01
-1.652577399999999863e-01
-1.677482499999999876e-01
2.821115199999999976e-02
2.017797000000000063e-01
2.828937499999999994e-01
2.985527499999999779e-01
2.740467600000000004e-01
2.403094000000000063e-01
2.133844400000000086e-01
1.921893600000000035e-01
1.757300300000000093e-01
1.765576000000000090e-01
1.706545600000000107e-01
1.584273499999999946e-01
1.565474699999999941e-01
1.625156700000000010e-01
1.399464199999999880e-01
7.925398699999999796e-02
-1.466889000000000109e-01
-2.217536200000000124e-01
-2.257541700000000040e-01
-2.158360300000000120e-01
-2.104011600000000037e-01
-1.880434400000000061e-01
-1.815237899999999904e-01
-1.706345400000000012e-01
-1.809313399999999961e-01
-1.718029299999999926e-01
3.557354599999999756e-02
1.918123300000000031e-01
2.536972699999999747e-01
2.656770800000000099e-01
2.645094599999999740e-01
2.360058700000000065e-01
2.086029799999999934e-01
1.692488600000000010e-01
1.493821399999999966e-01
1.299858000000000124e-01
1.242528100000000052e-01
1.170577399999999935e-01
1.100909899999999997e-01
1.205793099999999951e-01
1.174909400000000020e-01
7.565803999999999585e-02
-1.183344699999999972e-01
-2.373538799999999893e-01
-2.505630200000000252e-01
-2.419913300000000045e-01
-2.414114599999999944e-01
-2.334334399999999921e-01
-2.213654800000000034e-01
-2.196319700000000097e-01
-2.061105299999999863e-01
-2.050608399999999942e-01
-1.976212900000000050e-01
-1.323328699999999983e-02
1.616530300000000031e-01
2.389280599999999977e-01
2.765468400000000160e-01
2.673174999999999857e-01
2.343249400000000093e-01
1.968366900000000086e-01
1.720496099999999917e-01
1.536654299999999918e-01
1.415647499999999892e-01
1.201920699999999981e-01
1.061512399999999939e-01
9.998971099999999501e-02
1.031115699999999996e-01
9.993954100000000673e-02
2.908068100000000059e-02
-1.952961599999999964e-01
-2.730903700000000267e-01
-2.733895800000000209e-01
-2.651652299999999740e-01
-2.610502699999999732e-01
-2.444221400000000100e-01
-2.344413200000000086e-01
-2.331595800000000052e-01
-2.262257599999999980e-01
-2.184306199999999920e-01
-2.058975000000000111e-01
1.145631899999999953e-02
1.687009200000000042e-01
2.343551700000000015e-01
2.596900600000000003e-01
2.597272099999999861e-01
2.352430199999999971e-01
2.148327600000000115e-01
1.945823000000000136e-01
1.708920100000000108e-01
1.659692799999999968e-01
1.584636700000000009e-01
1.499400399999999967e-01
1.484784000000000104e-01
1.520279900000000017e-01
1.320486700000000069e-01
8.674013099999999810e-02
-1.347494399999999981e-01
-2.205217800000000006e-01
-2.260071700000000072e-01
-2.245742000000000016e-01
-2.091974100000000003e-01
-1.990641099999999886e-01
-1.863024100000000016e-01
-1.852348400000000117e-01
-1.775879300000000049e-01
-1.748593599999999915e-01
-9.076903699999999686e-02
1.357467099999999927e-01
2.472774799999999940e-01
3.002842499999999748e-01
3.075716199999999900e-01
2.918010600000000010e-01
2.638261599999999762e-01
2.268090700000000015e-01
2.150001400000000062e-01
2.066460800000000098e-01
1.778076500000000115e-01
1.633581799999999917e-01
1.625747300000000006e-01
1.628708199999999995e-01
1.669601199999999896e-01
1.390969699999999865e-01
-8.531514199999999659e-03
-1.776365699999999936e-01
-2.037319700000000122e-01
-2.000553999999999943e-01
-1.837777200000000055e-01
-1.747988000000000042e-01
-1.650216399999999972e-01
-1.535158399999999868e-01
-1.586363399999999868e-01
-1.442001599999999939e-01
-1.418670599999999893e-01
5.911691000000000168e-02
2.249260200000000043e-01
3.126368099999999872e-01
3.300633900000000120e-01
2.930396000000000112e-01
2.462646400000000069e-01
2.225597800000000126e-01
2.391802000000000095e-01
2.504244500000000206e-01
2.354227899999999929e-01
2.364469800000000010e-01
2.235498300000000049e-01
2.256694099999999870e-01
1.905558300000000094e-01
5.618602300000000160e-02
-1.716766899999999929e-01
-2.231822300000000092e-01
-2.210463500000000026e-01
-2.072655099999999861e-01
-1.936527399999999899e-01
-1.910612100000000091e-01
-1.873725400000000041e-01
-1.818596299999999943e-01
-1.804844899999999974e-01
-1.750999699999999937e-01
-9.944302800000000275e-02
1.530884499999999870e-01
2.680153499999999855e-01
3.205959899999999974e-01
3.248520999999999770e-01
3.147804699999999789e-01
3.020154899999999976e-01
2.675804199999999855e-01
2.442933499999999925e-01
2.373791299999999937e-01
2.347306299999999957e-01
2.173573900000000114e-01
2.127604100000000109e-01
2.073968999999999951e-01
2.123554599999999959e-01
1.950119399999999947e-01
1.074839999999999962e-01
-1.169701100000000021e-01
-1.828394399999999920e-01
-1.884810100000000044e-01
-1.813528000000000084e-01
-1.803844800000000137e-01
-1.760073400000000121e-01
-1.673415099999999989e-01
-1.706186399999999881e-01
-1.585057800000000128e-01
-1.578898599999999930e-01
5.744867699999999661e-02
2.222189300000000090e-01
3.012173200000000106e-01
3.297381099999999732e-01
3.267253199999999858e-01
3.203365799999999819e-01
3.053126400000000240e-01
2.748678199999999849e-01
2.611763200000000174e-01
2.474299399999999871e-01
2.349784699999999948e-01
2.205864499999999895e-01
2.218421399999999932e-01
2.191140199999999927e-01
1.939867100000000066e-01
1.400622699999999887e-01
-7.400683199999999462e-02
-1.676989799999999975e-01
-1.783619999999999928e-01
-1.775524699999999900e-01
-1.719685200000000136e-01
-1.561414799999999992e-01
-1.524434500000000081e-01
-1.446449999999999958e-01
-1.464091299999999984e-01
-1.412580800000000081e-01
-2.238056399999999863e-02
2.017817199999999977e-01
2.994420799999999994e-01
3.352613300000000240e-01
3.352499099999999843e-01
3.166918300000000075e-01
2.973430899999999766e-01
2.758208500000000063e-01
2.548154899999999778e-01
2.337636800000000015e-01
2.180643800000000021e-01
2.062142100000000089e-01
1.957774399999999970e-01
1.942789799999999900e-01
2.075612599999999974e-01
1.868475699999999906e-01
1.099621399999999999e-01
-1.076013200000000003e-01
-1.842468100000000109e-01
-1.791591200000000050e-01
-1.715047199999999994e-01
-1.478682199999999947e-01
-1.424073999999999895e-01
-1.429855100000000101e-01
-1.359507000000000077e-01
-1.281435300000000055e-01
-1.269146800000000019e-01
7.939788500000000138e-02
2.595051400000000230e-01
3.278241199999999966e-01
3.484478400000000087e-01
3.369380000000000153e-01
3.312100499999999781e-01
3.029280500000000043e-01
2.684277899999999994e-01
2.558227900000000221e-01
2.437965699999999902e-01
2.254007899999999898e-01
2.055218500000000059e-01
2.019235400000000125e-01
1.982359900000000008e-01
1.780273699999999903e-01
1.259562999999999933e-01
-1.021010100000000059e-01
-1.885073899999999969e-01
-1.961433300000000046e-01
-1.937176100000000123e-01
-1.847747799999999996e-01
-1.909237500000000032e-01
-1.704300499999999996e-01
-1.693729900000000010e-01
-1.612414899999999873e-01
-1.480272499999999991e-01
-1.314291099999999879e-01
1.124694799999999967e-01
2.397675499999999960e-01
2.926880399999999827e-01
2.998352599999999923e-01
2.871253200000000172e-01
2.663352199999999836e-01
2.425091699999999961e-01
2.140548800000000029e-01
1.956728299999999920e-01
1.920887199999999906e-01
1.935977899999999918e-01
1.810620300000000127e-01
1.758466499999999932e-01
1.778706899999999980e-01
1.510459500000000121e-01
4.062052099999999971e-02
-1.672403299999999926e-01
-2.144826099999999902e-01
-2.264162000000000119e-01
-2.167171499999999973e-01
-2.098212999999999884e-01
-1.942103599999999985e-01
-1.918243299999999874e-01
-1.878953899999999955e-01
-1.858742200000000067e-01
-1.803003800000000101e-01
-1.163953100000000018e-01
1.137675499999999951e-01
2.140653999999999890e-01
2.570016800000000101e-01
2.666806999999999928e-01
2.662913700000000272e-01
2.491901900000000059e-01
2.312434100000000103e-01
2.128733399999999942e-01
1.958182300000000098e-01
1.911692100000000061e-01
1.724357599999999935e-01
1.609591499999999953e-01
1.728093199999999885e-01
1.735746300000000075e-01
1.468476900000000029e-01
-6.085561999999999916e-02
-2.037245299999999870e-01
-2.391981699999999877e-01
-2.281743499999999980e-01
-2.345727900000000032e-01
-2.428965200000000046e-01
-2.378334099999999951e-01
-2.346783000000000063e-01
-2.226261499999999949e-01
-2.254766699999999902e-01
-2.030367100000000091e-01
4.598685799999999851e-02
2.248038800000000115e-01
3.185302799999999990e-01
3.563493600000000039e-01
3.472718100000000141e-01
3.310239999999999849e-01
3.126158199999999887e-01
2.797262400000000149e-01
2.515904800000000052e-01
2.321815299999999971e-01
2.159465999999999886e-01
1.997749199999999947e-01
2.028395000000000059e-01
1.929523900000000014e-01
1.589393400000000123e-01
3.193894199999999794e-02
-1.924618899999999966e-01
-2.374822900000000125e-01
-2.431556099999999943e-01
-2.465872500000000078e-01
-2.351307400000000047e-01
-2.274427199999999871e-01
-2.152544700000000033e-01
-2.153948099999999921e-01
-2.094662499999999927e-01
-2.073943500000000051e-01
-2.484388400000000011e-02
1.665017500000000039e-01
2.466173600000000077e-01
2.738116299999999725e-01
2.668610000000000149e-01
2.501826999999999801e-01
2.176846600000000020e-01
2.052336200000000055e-01
1.944634799999999941e-01
1.737461100000000092e-01
1.659682600000000063e-01
1.333865700000000099e-01
1.021022500000000055e-01
1.010126600000000041e-01
8.700360000000000038e-02
-6.385388499999999825e-04
-2.183188199999999968e-01
-2.631214599999999737e-01
-2.690865800000000196e-01
-2.492140499999999925e-01
-2.385463899999999970e-01
-2.262648100000000106e-01
-2.297831100000000126e-01
-2.277702799999999916e-01
-2.246732899999999977e-01
-1.387654399999999934e-02
1.907857799999999882e-01
2.600914999999999755e-01
2.967219899999999910e-01
2.899714500000000195e-01
2.619557299999999977e-01
2.222970599999999908e-01
2.019249599999999867e-01
1.929016799999999920e-01
1.787459899999999935e-01
1.729127599999999987e-01
1.807051399999999863e-01
1.845420200000000011e-01
1.973870400000000136e-01
1.754244000000000081e-01
1.222409799999999991e-01
-1.055766399999999994e-01
-2.156131699999999929e-01
-2.333140999999999965e-01
-2.181335100000000027e-01
-2.235147200000000001e-01
-2.083078800000000008e-01
-2.028693400000000091e-01
-2.020539000000000085e-01
-1.960839000000000054e-01
-1.838702500000000128e-01
3.707624799999999915e-02
2.036161400000000010e-01
2.785573800000000211e-01
3.071328199999999731e-01
2.904693899999999940e-01
2.767878300000000125e-01
2.667402300000000226e-01
2.355171699999999979e-01
2.086482500000000073e-01
2.011503099999999988e-01
1.939149900000000093e-01
1.844708499999999918e-01
1.760494400000000015e-01
1.724820499999999979e-01
1.601238700000000015e-01
7.746619200000000316e-02
-1.484446500000000113e-01
-2.324346300000000032e-01
-2.307919099999999890e-01
-2.212823499999999888e-01
-2.138951500000000061e-01
-2.102369299999999885e-01
-2.024641899999999883e-01
-2.000491000000000075e-01
-1.916202599999999867e-01
-1.865843399999999874e-01
-1.221843600000000057e-01
1.297243399999999935e-01
2.415161000000000113e-01
3.002737100000000270e-01
3.054852900000000204e-01
2.850088100000000013e-01
2.682806500000000094e-01
2.420998000000000039e-01
2.055255199999999893e-01
1.901327499999999893e-01
1.769166299999999914e-01
1.667128099999999891e-01
1.561840999999999924e-01
1.479981800000000070e-01
1.466317599999999999e-01
1.311275399999999869e-01
4.761769099999999671e-02
-1.574888200000000016e-01
-2.131890499999999911e-01
-2.206257899999999883e-01
-2.229715600000000131e-01
-2.105704999999999938e-01
-1.978050100000000033e-01
-1.866151799999999916e-01
-1.822385800000000111e-01
-1.702942600000000029e-01
-1.687919400000000014e-01
-8.246525300000000225e-02
1.555094700000000107e-01
2.705189800000000200e-01
3.147912299999999775e-01
3.237086100000000077e-01
3.244223299999999810e-01
3.043695699999999782e-01
2.850205100000000047e-01
2.683717899999999990e-01
2.507141900000000034e-01
2.380419900000000089e-01
2.345923000000000036e-01
2.138631000000000004e-01
2.204047899999999893e-01
2.146889600000000120e-01
1.840588900000000028e-01
3.748412200000000166e-02
-1.664596000000000131e-01
-2.054669199999999973e-01
-2.011631700000000023e-01
-1.953002100000000019e-01
-1.870184699999999922e-01
-1.778813099999999869e-01
-1.715337200000000006e-01
-1.621134100000000133e-01
-1.660753899999999894e-01
-1.081919699999999984e-01
1.449711800000000050e-01
2.658495399999999953e-01
3.189450200000000235e-01
3.158908300000000113e-01
2.863614899999999963e-01
2.809112899999999802e-01
2.675104099999999763e-01
2.534962800000000183e-01
2.352712799999999993e-01
2.215087000000000028e-01
2.203508899999999937e-01
2.188869099999999901e-01
2.083789400000000125e-01
1.612156299999999987e-01
7.957783499999999954e-02
-1.698923699999999870e-01
-2.421532600000000091e-01
-2.413467499999999988e-01
-2.422225000000000072e-01
-2.264402899999999885e-01
-2.212089899999999942e-01
-2.123201500000000130e-01
-2.105040800000000101e-01
-2.129265800000000042e-01
-2.092715099999999939e-01
-1.298691999999999902e-01
1.226953699999999980e-01
2.123481100000000066e-01
2.400346600000000108e-01
2.516255700000000206e-01
2.435536100000000037e-01
2.175860199999999911e-01
2.086187200000000075e-01
2.014577300000000015e-01
1.787810999999999984e-01
1.616943700000000039e-01
1.623947900000000111e-01
1.603592799999999929e-01
1.560764699999999949e-01
1.608971899999999955e-01
1.428686799999999979e-01
5.062127000000000293e-02
-1.756468900000000000e-01
-2.444306599999999940e-01
-2.564173699999999778e-01
-2.458495599999999948e-01
-2.386950999999999934e-01
-2.319388900000000087e-01
-2.375804300000000091e-01
-2.353297099999999975e-01
-2.287456900000000015e-01
-1.558487400000000134e-01
1.032499600000000017e-01
2.157411300000000032e-01
2.688445500000000155e-01
2.744204100000000035e-01
2.512725199999999992e-01
2.326187299999999958e-01
2.231477900000000125e-01
1.989018700000000084e-01
1.813503300000000040e-01
1.699857499999999910e-01
1.641622299999999923e-01
1.682249500000000120e-01
1.688826099999999886e-01
1.630584700000000109e-01
1.323113399999999995e-01
-6.430801499999999615e-02
-1.983505499999999866e-01
-2.075356700000000054e-01
-1.991374300000000042e-01
-1.860627099999999923e-01
-1.820629800000000131e-01
-1.660772299999999924e-01
-1.588741100000000128e-01
-1.557840400000000125e-01
-1.461495299999999997e-01
-3.175625399999999765e-02
2.020060599999999873e-01
3.020652200000000231e-01
3.573751299999999853e-01
3.658818999999999821e-01
3.530459599999999920e-01
3.306120100000000117e-01
3.048484000000000194e-01
2.796305499999999777e-01
2.602142299999999908e-01
2.474526999999999977e-01
2.385592400000000057e-01
2.320765499999999926e-01
2.301049699999999920e-01
2.230150599999999872e-01
1.956524299999999883e-01
5.124557999999999891e-02
-1.273063000000000111e-01
-1.520069400000000071e-01
-1.556082900000000102e-01
-1.503545199999999915e-01
-1.406537900000000008e-01
-1.259966600000000103e-01
-1.172455899999999968e-01
-1.088786600000000021e-01
-1.132224299999999989e-01
-9.586485399999999935e-02
1.487220599999999893e-01
2.802617800000000159e-01
3.286674099999999932e-01
3.385931799999999936e-01
3.351228800000000119e-01
3.087099200000000265e-01
2.806678200000000123e-01
2.555670800000000020e-01
2.294685599999999881e-01
2.194935399999999870e-01
2.136648899999999962e-01
2.123564300000000127e-01
2.116369999999999918e-01
2.006725000000000037e-01
1.764146400000000114e-01
1.028775200000000001e-01
-1.140979399999999949e-01
-1.775647999999999949e-01
-1.866809100000000055e-01
-1.712605899999999903e-01
-1.668546800000000052e-01
-1.483534499999999978e-01
-1.372889800000000049e-01
-1.345026300000000119e-01
-1.457479200000000030e-01
-1.481873099999999888e-01
-1.070405600000000068e-01
1.256197300000000128e-01
2.365333000000000019e-01
2.839811899999999945e-01
2.938128899999999932e-01
2.715436199999999856e-01
2.641473100000000240e-01
2.435391299999999926e-01
2.212786300000000039e-01
2.057553299999999863e-01
1.878712800000000016e-01
1.766373499999999985e-01
1.775002599999999930e-01
1.708061800000000019e-01
1.656176199999999932e-01
1.258547100000000085e-01
-5.898824500000000165e-02
-1.982966600000000135e-01
-2.189272999999999914e-01
-2.210284499999999874e-01
-2.183081799999999906e-01
-2.059034899999999946e-01
-2.068214600000000125e-01
-1.953450999999999937e-01
-1.884148400000000001e-01
-1.843139699999999936e-01
-1.098626999999999937e-01
1.187945400000000040e-01
2.132714800000000133e-01
2.402924800000000027e-01
2.569019300000000006e-01
2.535526200000000063e-01
2.321633700000000078e-01
2.041549099999999950e-01
1.933360399999999868e-01
1.749817599999999862e-01
1.655471400000000093e-01
1.497491499999999975e-01
1.510391799999999951e-01
1.447960500000000095e-01
1.445123000000000102e-01
1.329424899999999965e-01
6.312064000000000563e-02
-1.515073399999999904e-01
-2.331951700000000072e-01
-2.439057400000000098e-01
-2.337603799999999898e-01
-2.229837500000000083e-01
-2.188620300000000130e-01
-2.035466300000000062e-01
-2.022854799999999897e-01
-1.929119300000000092e-01
-1.928120399999999901e-01
-1.330066400000000093e-01
9.747626900000000427e-02
2.255223799999999945e-01
2.856479000000000101e-01
2.904988499999999751e-01
2.818995599999999935e-01
2.496610099999999888e-01
2.252514999999999934e-01
2.035093000000000041e-01
1.993757300000000010e-01
1.802406500000000023e-01
1.726868599999999976e-01
1.667046600000000045e-01
1.653380700000000036e-01
1.561301800000000073e-01
1.147344799999999998e-01
-9.876245599999999847e-02
-2.023601899999999953e-01
-2.172943400000000025e-01
-2.153913100000000025e-01
-2.072071199999999946e-01
-2.063887399999999872e-01
-1.987057000000000129e-01
-1.969666599999999879e-01
-1.892526099999999878e-01
-1.884088399999999941e-01
-1.325623800000000074e-01
1.022881600000000030e-01
2.042858800000000030e-01
2.621689500000000117e-01
2.668902000000000219e-01
2.438262200000000102e-01
2.230470200000000125e-01
2.019365399999999977e-01
1.829744399999999882e-01
1.723480799999999868e-01
1.687629700000000121e-01
1.620886800000000127e-01
1.560300199999999915e-01
1.646479100000000084e-01
1.566866299999999934e-01
1.216088200000000064e-01
-4.345717200000000224e-02
-1.933597200000000127e-01
-2.268352800000000002e-01
-2.230600100000000030e-01
-2.055833200000000138e-01
-2.093360200000000115e-01
-1.980091700000000121e-01
-1.926460500000000131e-01
-1.863564000000000054e-01
-1.790314500000000086e-01
-1.766100300000000012e-01
-1.134611999999999982e-01
1.101843899999999932e-01
2.181742399999999915e-01
2.616917000000000271e-01
2.810594299999999990e-01
2.648627399999999854e-01
2.438673199999999985e-01
2.150678299999999876e-01
1.837596599999999913e-01
1.646246199999999993e-01
1.614428099999999922e-01
1.604294400000000065e-01
1.463775700000000124e-01
1.397111400000000114e-01
1.404958500000000055e-01
1.300833600000000090e-01
-3.495927199999999957e-02
-1.954272599999999915e-01
-2.126409400000000005e-01
-2.095016700000000009e-01
-1.996082399999999923e-01
-1.845231300000000074e-01
-1.791908600000000074e-01
-1.695805900000000033e-01
-1.619275599999999982e-01
-1.586007899999999915e-01
-1.166457699999999958e-01
1.163363800000000031e-01
2.525819000000000258e-01
3.169617399999999918e-01
3.250930599999999893e-01
3.042514299999999894e-01
2.668188699999999858e-01
2.326827099999999870e-01
2.047320599999999935e-01
1.823201600000000089e-01
1.700746999999999953e-01
1.560193900000000078e-01
1.363976299999999919e-01
1.335884699999999869e-01
1.366825700000000032e-01
1.200665399999999994e-01
5.574864899999999734e-02
-1.638522799999999890e-01
-2.389300000000000035e-01
-2.367898300000000067e-01
-2.305938600000000116e-01
-2.243110100000000051e-01
-2.159625400000000084e-01
-2.097204799999999869e-01
-2.028932200000000130e-01
-2.065937399999999979e-01
-2.044601600000000019e-01
4.474989500000000134e-03
1.652064299999999875e-01
2.312454200000000071e-01
2.599297700000000044e-01
2.392148500000000066e-01
2.135355399999999959e-01
1.966006499999999879e-01
1.759566100000000133e-01
1.498101400000000083e-01
1.451947100000000046e-01
1.414312199999999964e-01
1.258105800000000052e-01
1.286295699999999986e-01
1.239353700000000030e-01
1.214843300000000015e-01
9.899667099999999442e-02
-5.745135800000000098e-02
-2.131939399999999984e-01
-2.430538899999999947e-01
-2.386828900000000087e-01
-2.246323899999999874e-01
-2.130833400000000100e-01
-2.099250300000000125e-01
-2.016969799999999979e-01
-1.948027599999999915e-01
-1.962984700000000027e-01
-1.551723700000000039e-01
8.597744999999999693e-02
2.108475099999999880e-01
2.725203700000000118e-01
2.873687799999999903e-01
2.675104400000000160e-01
2.365100699999999889e-01
2.200535399999999919e-01
2.043501299999999909e-01
1.745689800000000125e-01
1.476210799999999879e-01
1.476215399999999955e-01
1.316481599999999863e-01
1.301153999999999922e-01
1.360738400000000015e-01
1.142906999999999951e-01
-5.811425099999999871e-02
-1.996265399999999912e-01
-2.195297400000000010e-01
-2.170093899999999965e-01
-2.037584299999999904e-01
-1.921837399999999918e-01
-1.806855099999999936e-01
-1.727377499999999955e-01
-1.611406599999999911e-01
-1.588349500000000025e-01
-9.947338599999999698e-02
1.244917900000000049e-01
2.512096999999999802e-01
3.012635599999999858e-01
2.776187600000000200e-01
2.351309600000000000e-01
2.081530500000000061e-01
2.065833699999999884e-01
2.092481999999999953e-01
2.120176799999999862e-01
2.120452300000000012e-01
1.984242999999999979e-01
2.038918700000000028e-01
1.925963400000000048e-01
1.519672099999999915e-01
2.131338799999999908e-02
-1.854605699999999913e-01
-2.331483199999999922e-01
-2.423126700000000078e-01
-2.400627999999999929e-01
-2.333218800000000093e-01
-2.165935900000000025e-01
-2.118468199999999912e-01
-2.082500700000000093e-01
-2.079566800000000049e-01
-1.108120799999999934e-01
1.382660199999999895e-01
2.437764299999999884e-01
2.711715499999999834e-01
2.769614699999999874e-01
2.574662300000000181e-01
2.361690300000000020e-01
2.163012800000000124e-01
1.898883899999999902e-01
1.698115000000000041e-01
1.582053099999999879e-01
1.613660500000000109e-01
1.593369400000000102e-01
1.647841600000000128e-01
1.576835900000000124e-01
1.214214400000000055e-01
2.273073100000000055e-02
-1.991221499999999978e-01
-2.622148899999999783e-01
-2.597078199999999781e-01
-2.422856399999999966e-01
-2.324228899999999931e-01
-2.269504599999999928e-01
-2.208319199999999871e-01
-2.195367799999999869e-01
-2.133738500000000038e-01
-1.983023299999999989e-01
4.380989999999999884e-02
1.911595899999999904e-01
2.701791800000000188e-01
2.933258100000000201e-01
2.893342999999999887e-01
2.604190399999999905e-01
2.226689900000000111e-01
2.118288500000000130e-01
2.090687400000000029e-01
2.027981100000000036e-01
1.964034699999999967e-01
1.881950900000000093e-01
1.735875000000000057e-01
1.552945500000000034e-01
1.169790200000000030e-01
-5.883460599999999763e-02
-2.104225600000000085e-01
-2.353351700000000102e-01
-2.233265500000000126e-01
-2.096516200000000107e-01
-2.027322500000000027e-01
-1.964378300000000077e-01
-1.876079200000000113e-01
-1.726449399999999967e-01
-1.765324199999999955e-01
1.542210999999999929e-02
1.899427800000000055e-01
2.691503399999999879e-01
2.954263500000000042e-01
2.948507100000000158e-01
2.743162299999999942e-01
2.512839399999999834e-01
2.173751899999999959e-01
1.946804299999999877e-01
2.017526900000000123e-01
1.914121599999999979e-01
1.759533400000000136e-01
1.659046299999999974e-01
1.608665999999999985e-01
1.687638999999999945e-01
1.374362799999999940e-01
5.088300500000000198e-02
-1.404535899999999893e-01
-1.988614499999999952e-01
-2.028469699999999876e-01
-2.101666199999999984e-01
-2.002246299999999868e-01
-1.907320399999999916e-01
-1.726045800000000074e-01
-1.737598599999999882e-01
-1.650884900000000044e-01
-1.247267799999999954e-01
1.180674800000000024e-01
2.424015499999999934e-01
2.930835700000000155e-01
2.949649799999999877e-01
2.964639800000000158e-01
2.837433300000000158e-01
2.542902899999999744e-01
2.160167600000000021e-01
1.961309199999999864e-01
1.758432600000000012e-01
1.730185700000000104e-01
1.828292199999999867e-01
1.867320299999999933e-01
1.849324199999999863e-01
1.614938399999999996e-01
-4.175324700000000028e-02
-1.652308399999999899e-01
-1.841267900000000124e-01
-1.858818499999999874e-01
-1.653971300000000033e-01
-1.575494799999999918e-01
-1.580841900000000133e-01
-1.606319700000000128e-01
-1.481117700000000037e-01
-1.540746199999999955e-01
-1.441052600000000128e-01
-3.831333399999999750e-02
1.920343800000000045e-01
2.865152000000000254e-01
3.197743699999999745e-01
3.074836599999999920e-01
2.852530300000000185e-01
2.629749200000000009e-01
2.349305399999999933e-01
2.278909199999999968e-01
2.132467100000000060e-01
1.915351399999999926e-01
1.966003900000000137e-01
1.954635100000000070e-01
2.018867599999999984e-01
2.012635399999999908e-01
1.417310699999999868e-01
-8.148610700000000207e-02
-1.791489300000000118e-01
-1.827361500000000138e-01
-1.685378200000000048e-01
-1.585919899999999882e-01
-1.622994299999999945e-01
-1.551796900000000090e-01
-1.575481699999999874e-01
-1.552208599999999883e-01
-1.589007799999999915e-01
-1.044882399999999961e-01
1.228941999999999951e-01
2.297837699999999983e-01
2.677008799999999744e-01
2.789704100000000020e-01
2.649796799999999952e-01
2.394126099999999979e-01
2.247590499999999880e-01
2.192775999999999892e-01
1.949009300000000000e-01
1.856167400000000023e-01
1.854154699999999989e-01
1.849591999999999903e-01
1.839280600000000043e-01
1.692891800000000113e-01
1.337134899999999904e-01
-5.304901900000000281e-02
-1.861708400000000041e-01
-2.206482399999999955e-01
-2.212162500000000032e-01
-2.041962099999999891e-01
-1.920097900000000135e-01
-1.921570099999999892e-01
-1.835441899999999960e-01
-1.795826299999999931e-01
-1.867703199999999897e-01
-1.865246399999999916e-01
-4.813093200000000127e-02
1.567291899999999905e-01
2.400584199999999946e-01
2.807798200000000133e-01
2.879422200000000265e-01
2.557977799999999746e-01
2.151858000000000104e-01
1.975209900000000074e-01
1.969500399999999929e-01
1.805396400000000012e-01
1.568017899999999964e-01
1.609906399999999904e-01
1.663740400000000008e-01
1.712931699999999946e-01
1.247969099999999970e-01
7.311821599999999803e-03
-2.259929099999999913e-01
-2.643887600000000004e-01
-2.430754199999999865e-01
-2.202275200000000099e-01
-1.983755899999999905e-01
-1.964912000000000047e-01
-1.874987899999999985e-01
-1.762291199999999891e-01
-1.727396800000000066e-01
-1.644692899999999902e-01
1.008609700000000046e-02
2.149093699999999885e-01
2.917383900000000141e-01
3.325756699999999899e-01
3.299173300000000086e-01
3.041425099999999770e-01
2.981709599999999849e-01
2.897972200000000220e-01
2.705244600000000221e-01
2.576305500000000137e-01
2.459916400000000114e-01
2.380812200000000101e-01
2.329687900000000089e-01
2.249224700000000132e-01
1.856208599999999986e-01
4.665313199999999993e-02
-1.675458900000000029e-01
-2.124391599999999880e-01
-2.197664500000000021e-01
-2.128622500000000028e-01
-2.065487099999999965e-01
-2.010938800000000026e-01
-1.955769800000000114e-01
-1.864427399999999957e-01
-1.752825600000000039e-01
-1.730659999999999976e-01
-7.026968100000000050e-02
1.712901400000000074e-01
2.643618999999999830e-01
2.986504500000000117e-01
2.940254299999999765e-01
2.772617399999999788e-01
2.459018199999999932e-01
2.299492700000000112e-01
2.136958899999999995e-01
1.961069099999999954e-01
1.697754499999999944e-01
1.523005900000000135e-01
1.435472600000000098e-01
1.506728200000000129e-01
1.453731400000000118e-01
1.227541500000000063e-01
3.564099500000000170e-02
-1.762933600000000101e-01
-2.354676400000000058e-01
-2.435092199999999985e-01
-2.265241799999999917e-01
-2.149212100000000014e-01
-2.114533799999999963e-01
-2.101785499999999918e-01
-2.144726899999999936e-01
-2.113239799999999946e-01
-1.464939399999999892e-01
8.184152199999999988e-02
1.924447900000000045e-01
2.244527400000000117e-01
2.408014400000000055e-01
2.273551099999999991e-01
2.130598400000000003e-01
1.844506999999999952e-01
1.723299100000000028e-01
1.556664799999999960e-01
1.390497699999999892e-01
1.386536999999999908e-01
1.202720800000000034e-01
1.142784099999999969e-01
1.229813800000000013e-01
1.089490699999999951e-01
3.419552800000000281e-02
-1.741034399999999982e-01
-2.359691800000000006e-01
-2.351494699999999993e-01
-2.246158000000000043e-01
-2.144802600000000059e-01
-2.103683600000000042e-01
-2.076852200000000037e-01
-1.992744999999999933e-01
-1.929772800000000010e-01
-1.892107700000000003e-01
-6.959907399999999689e-02
1.623817300000000019e-01
2.496906999999999877e-01
2.850391700000000084e-01
2.682664599999999844e-01
2.356603100000000117e-01
1.996301600000000009e-01
1.828583599999999976e-01
1.633149700000000037e-01
1.529608000000000079e-01
1.490884199999999993e-01
1.396509499999999959e-01
1.391986000000000057e-01
1.401708600000000082e-01
1.190246999999999972e-01
7.527247700000000430e-02
-1.303191999999999962e-01
-2.338131400000000026e-01
-2.511946299999999743e-01
-2.412410700000000019e-01
-2.260252299999999936e-01
-2.140056899999999984e-01
-2.012003699999999895e-01
-1.930145900000000136e-01
-1.987095600000000073e-01
-1.924171199999999970e-01
-1.117288599999999993e-01
1.247625299999999965e-01
2.394461800000000085e-01
2.762680399999999925e-01
2.721420099999999898e-01
2.569058900000000256e-01
2.398139699999999874e-01
2.028804700000000072e-01
1.662098499999999923e-01
1.445373000000000074e-01
1.299230000000000107e-01
1.205034200000000000e-01
1.229747499999999938e-01
1.301179899999999889e-01
1.295311600000000063e-01
1.009903000000000051e-01
-2.747595400000000035e-02
-2.091800400000000115e-01
-2.430901799999999890e-01
-2.403411799999999876e-01
-2.264276699999999976e-01
-2.111240299999999903e-01
-2.005734499999999865e-01
-1.877682499999999977e-01
-1.755722799999999972e-01
-1.708555599999999897e-01
-1.673561899999999880e-01
3.482853400000000127e-02
1.977205999999999964e-01
2.602679099999999912e-01
2.915779499999999747e-01
2.913012600000000063e-01
2.659693399999999985e-01
2.332336499999999868e-01
2.127657699999999930e-01
1.909060300000000043e-01
1.829196200000000050e-01
1.845857700000000101e-01
1.764333299999999993e-01
1.762635300000000016e-01
1.770759500000000097e-01
1.662055199999999955e-01
1.236504199999999970e-01
-1.946192700000000039e-02
-1.785821400000000003e-01
-2.058773899999999935e-01
-1.992941000000000018e-01
-1.740609200000000079e-01
-1.696140200000000042e-01
-1.476931499999999953e-01
-1.451733000000000051e-01
-1.473697200000000096e-01
-1.516230199999999972e-01
-1.336235400000000129e-01
1.095355999999999969e-01
2.511435000000000195e-01
3.119989100000000182e-01
3.313885899999999829e-01
3.274220199999999803e-01
3.057108299999999890e-01
2.798964500000000188e-01
2.566519999999999913e-01
2.388721600000000000e-01
2.159745100000000084e-01
1.973610399999999876e-01
1.984565600000000041e-01
1.945747399999999960e-01
1.968821500000000058e-01
1.964056200000000030e-01
1.556665000000000132e-01
-4.770978700000000176e-03
-1.451383800000000113e-01
-1.668535899999999961e-01
-1.598245600000000044e-01
-1.531384399999999868e-01
-1.564593900000000037e-01
-1.537261600000000006e-01
-1.527425299999999875e-01
-1.572179700000000124e-01
-1.451299899999999865e-01
-5.375238100000000185e-02
1.709848599999999885e-01
2.692082199999999981e-01
3.078230000000000133e-01
2.868380500000000111e-01
2.598700299999999741e-01
2.353379999999999916e-01
2.244368700000000105e-01
1.967422199999999954e-01
1.781558799999999887e-01
1.678140499999999924e-01
1.699072000000000082e-01
1.696781300000000103e-01
1.655763100000000043e-01
1.715906100000000045e-01
1.558611500000000039e-01
7.220628399999999558e-02
-1.224249399999999960e-01
-1.808439799999999875e-01
-1.805480100000000088e-01
-1.754460300000000028e-01
-1.669065600000000094e-01
-1.546304300000000131e-01
-1.433078000000000130e-01
-1.413177700000000092e-01
-1.452766100000000005e-01
-1.440467900000000079e-01
-1.758562400000000109e-02
1.797926199999999863e-01
2.642448199999999914e-01
2.961997199999999997e-01
2.912822500000000203e-01
2.810245699999999736e-01
2.576032999999999795e-01
2.405434999999999934e-01
2.279260899999999979e-01
2.117228200000000060e-01
1.927616000000000052e-01
1.831195499999999921e-01
1.682838500000000126e-01
1.729456000000000049e-01
1.765292800000000106e-01
1.403384599999999982e-01
-8.513404099999999364e-02
-1.951483099999999915e-01
-1.973021600000000042e-01
-1.745538100000000037e-01
-1.504504799999999975e-01
-1.447952399999999917e-01
-1.326156000000000001e-01
-1.246612799999999993e-01
-1.095811099999999955e-01
-1.052175899999999997e-01
-7.726594300000000359e-03
2.302724899999999963e-01
3.291580800000000195e-01
3.702865399999999974e-01
3.524537200000000259e-01
3.214784800000000109e-01
2.940900300000000023e-01
2.634506099999999740e-01
2.399094599999999911e-01
2.166101699999999908e-01
2.056939899999999932e-01
1.990969200000000106e-01
1.907364800000000138e-01
1.829400800000000049e-01
1.813015299999999885e-01
1.440736900000000043e-01
3.854679500000000175e-02
-1.568495799999999885e-01
-1.952378300000000011e-01
-1.937416999999999889e-01
-1.779708500000000138e-01
-1.651088699999999909e-01
-1.631297800000000020e-01
-1.595570600000000006e-01
-1.496484100000000095e-01
-1.338328199999999912e-01
-1.223771200000000059e-01
-7.452642800000000567e-02
1.644385299999999994e-01
2.692699900000000146e-01
3.035127699999999873e-01
3.141603000000000034e-01
3.085760699999999801e-01
2.870728399999999958e-01
2.503143800000000030e-01
2.357587899999999959e-01
2.131373500000000032e-01
2.071773899999999891e-01
1.982486499999999985e-01
1.890737700000000021e-01
1.796005499999999977e-01
1.600566499999999948e-01
5.891343899999999800e-02
-1.929418400000000033e-01
-2.572182900000000161e-01
-2.472328199999999920e-01
-2.232544499999999932e-01
-2.013933300000000093e-01
-1.912121099999999907e-01
-1.926239100000000093e-01
-1.939046500000000117e-01
-1.983139399999999941e-01
-1.945675199999999938e-01
-1.020689199999999935e-01
1.600281500000000079e-01
2.649564899999999890e-01
3.093744600000000178e-01
3.316234299999999968e-01
3.300524200000000130e-01
3.189939900000000050e-01
3.053346599999999800e-01
2.851828800000000275e-01
2.684241099999999935e-01
2.593370500000000134e-01
2.375624600000000031e-01
2.280545900000000015e-01
2.343893499999999963e-01
2.208759399999999928e-01
1.591518399999999889e-01
-8.767499400000000609e-02
-1.921171799999999985e-01
-2.086158300000000021e-01
-2.018139499999999920e-01
-1.897626500000000049e-01
-1.764541699999999935e-01
-1.748753299999999955e-01
-1.828626299999999982e-01
-1.817446299999999904e-01
-1.833388200000000134e-01
-6.448308599999999502e-02
1.741038599999999992e-01
2.714075799999999816e-01
2.977207599999999732e-01
3.056557899999999828e-01
2.930741499999999777e-01
2.713749799999999879e-01
2.470862799999999915e-01
2.358694199999999963e-01
2.107824299999999929e-01
2.108420799999999873e-01
2.081732000000000027e-01
2.139169800000000066e-01
2.184956399999999910e-01
1.960185200000000016e-01
1.421456000000000108e-01
-8.662718299999999649e-02
-1.874441699999999933e-01
-1.994989799999999924e-01
-1.994964899999999985e-01
-1.877299099999999998e-01
-1.790069900000000047e-01
-1.694065600000000116e-01
-1.548895899999999937e-01
-1.510377099999999917e-01
-1.408544399999999974e-01
-5.525604199999999827e-02
1.779221900000000078e-01
2.787049400000000121e-01
3.104772399999999877e-01
3.263402799999999826e-01
3.267874299999999899e-01
2.948644100000000212e-01
2.712710600000000083e-01
2.540908599999999740e-01
2.288552600000000048e-01
2.310862700000000103e-01
2.162887099999999951e-01
2.039708100000000024e-01
1.905711099999999880e-01
1.913691899999999946e-01
1.786117500000000136e-01
1.033874399999999971e-01
-1.120750100000000027e-01
-1.827175600000000011e-01
-1.857751599999999947e-01
-1.791902200000000112e-01
-1.737115999999999938e-01
-1.583590699999999907e-01
-1.512997000000000092e-01
-1.380815800000000093e-01
-1.295194500000000082e-01
-1.325752400000000109e-01
3.329280800000000012e-02
2.179337699999999989e-01
2.862081699999999840e-01
3.112727800000000267e-01
2.989235900000000168e-01
2.758020099999999863e-01
2.463375299999999990e-01
2.387858099999999872e-01
2.115943600000000091e-01
1.990282800000000019e-01
1.768182299999999929e-01
1.688667399999999874e-01
1.621959199999999934e-01
1.570209700000000097e-01
1.474171099999999901e-01
8.942334999999999867e-02
-1.255721800000000055e-01
-2.004112700000000025e-01
-2.191024500000000041e-01
-2.056120399999999959e-01
-1.855026499999999912e-01
-1.819065400000000055e-01
-1.682363699999999962e-01
-1.643610699999999980e-01
-1.689258100000000096e-01
-1.568791300000000055e-01
-9.138269699999999884e-02
1.503402600000000033e-01
2.569506400000000079e-01
2.962809100000000084e-01
3.176408900000000091e-01
3.039686200000000227e-01
2.399762099999999954e-01
2.098175899999999983e-01
1.844032899999999975e-01
1.929615299999999922e-01
2.013917899999999872e-01
2.223089099999999985e-01
2.323930999999999913e-01
2.340469900000000103e-01
2.060633099999999995e-01
5.143730500000000261e-02
-1.512441700000000111e-01
-1.869421800000000133e-01
-1.792114499999999944e-01
-1.647717200000000104e-01
-1.659099699999999900e-01
-1.527624900000000008e-01
-1.518223599999999895e-01
-1.537149999999999905e-01
-1.564120699999999864e-01
-1.474139200000000038e-01
1.173771400000000048e-01
2.670035399999999837e-01
3.199783800000000067e-01
3.301657900000000145e-01
2.998167400000000260e-01
2.789706000000000130e-01
2.524704199999999732e-01
2.545437500000000131e-01
2.333004999999999940e-01
2.132244799999999940e-01
1.991153499999999965e-01
1.869412099999999965e-01
1.937274999999999969e-01
1.908765699999999954e-01
1.551996300000000051e-01
-1.921895399999999990e-03
-1.798210199999999981e-01
-2.073940200000000122e-01
-2.027707099999999929e-01
-2.003707600000000089e-01
-1.831893800000000128e-01
-1.812434500000000004e-01
-1.694201200000000074e-01
-1.627893099999999926e-01
-1.634684399999999926e-01
-9.177458500000000574e-02
1.474212599999999984e-01
2.543517699999999770e-01
3.158141600000000104e-01
3.120910100000000020e-01
2.857995500000000133e-01
2.577562700000000095e-01
2.314199899999999921e-01
2.143970000000000042e-01
2.061694799999999883e-01
2.043774399999999936e-01
1.923872299999999924e-01
1.799881299999999962e-01
1.839295999999999986e-01
1.819268800000000130e-01
1.609818199999999977e-01
8.086081000000000518e-02
-1.490067999999999948e-01
-2.262058100000000072e-01
-2.320736200000000082e-01
-2.188758500000000107e-01
-2.170155900000000082e-01
-2.155147900000000116e-01
-2.129309199999999958e-01
-1.960417600000000093e-01
-1.797686199999999901e-01
-1.081211100000000064e-01
1.331724099999999911e-01
2.506773899999999999e-01
3.042478100000000074e-01
3.088769900000000179e-01
2.833868600000000182e-01
2.590418500000000179e-01
2.235043100000000116e-01
2.078540399999999899e-01
2.167882299999999984e-01
2.018434799999999918e-01
1.838252200000000114e-01
1.805719299999999916e-01
1.837760300000000069e-01
1.850581599999999993e-01
1.655661800000000072e-01
5.810294600000000254e-02
-1.547127399999999875e-01
-2.206660400000000077e-01
-2.325720199999999904e-01
-2.310435700000000037e-01
-2.194018600000000041e-01
-2.208255799999999935e-01
-2.123306699999999991e-01
-2.100971699999999998e-01
-2.113799500000000109e-01
-2.011505899999999902e-01
-5.360815499999999761e-02
1.543213300000000066e-01
2.552108799999999733e-01
2.854693300000000211e-01
2.877187299999999781e-01
2.721982000000000013e-01
2.413144200000000017e-01
2.174700300000000086e-01
1.972998099999999921e-01
1.901029700000000100e-01
1.876663199999999976e-01
1.731566200000000111e-01
1.754950600000000083e-01
1.743269100000000016e-01
1.518534699999999904e-01
6.276850900000000011e-02
-1.519496399999999969e-01
-2.130884000000000111e-01
-2.234441799999999922e-01
-2.221531999999999951e-01
-2.160110600000000047e-01
-2.101852200000000059e-01
-2.091186800000000012e-01
-2.240126500000000076e-01
-2.235762199999999922e-01
-2.229086299999999965e-01
-1.835722399999999976e-01
7.866366199999999531e-02
2.180712200000000101e-01
2.859361300000000106e-01
3.201166100000000236e-01
3.257242599999999877e-01
3.114983100000000005e-01
2.915868300000000191e-01
2.687015400000000165e-01
2.454291000000000111e-01
2.465155300000000105e-01
2.408409599999999928e-01
2.275138700000000069e-01
2.240234200000000009e-01
2.165628599999999959e-01
1.893080600000000002e-01
1.029299199999999942e-01
-1.194867099999999960e-01
-1.910836900000000005e-01
-2.074011500000000063e-01
-1.957193399999999917e-01
-1.831636000000000097e-01
-1.738527099999999936e-01
-1.607528000000000012e-01
-1.640554200000000074e-01
-1.614638999999999935e-01
6.825768399999999902e-02
2.342585399999999873e-01
3.083353099999999736e-01
3.319237700000000069e-01
3.382283500000000109e-01
3.360231200000000085e-01
3.050104900000000230e-01
2.817882500000000179e-01
2.691372000000000209e-01
2.456306299999999887e-01
2.371034099999999867e-01
2.236792300000000067e-01
2.164776399999999990e-01
2.174486599999999881e-01
1.968942599999999876e-01
3.962275999999999992e-02
-1.482418100000000016e-01
-1.715398999999999952e-01
-1.659091000000000038e-01
-1.568386200000000119e-01
-1.408357899999999885e-01
-1.362894099999999997e-01
-1.352155399999999952e-01
-1.260833600000000054e-01
-1.197932899999999967e-01
-9.371068200000000348e-02
1.446175600000000061e-01
2.924423600000000123e-01
3.542176300000000055e-01
3.623711700000000202e-01
3.647578499999999946e-01
3.336831399999999892e-01
3.122013100000000096e-01
2.864061199999999863e-01
2.710666400000000253e-01
2.641445399999999832e-01
2.680810900000000219e-01
2.695766399999999785e-01
2.629216600000000015e-01
2.544650600000000207e-01
1.994414399999999976e-01
-3.254843400000000109e-02
-1.182175300000000012e-01
-1.201730099999999968e-01
-1.111975800000000042e-01
-9.269859299999999580e-02
-8.372823199999999966e-02
-7.504239399999999838e-02
-7.195770999999999418e-02
-6.612718900000000288e-02
-6.079477199999999693e-02
-6.538681500000000091e-02
3.703242600000000023e-02
2.642165399999999997e-01
3.670864099999999741e-01
3.771427900000000055e-01
3.436343299999999878e-01
3.185144500000000045e-01
3.197475000000000178e-01
3.350529099999999816e-01
3.514888899999999983e-01
3.539455400000000029e-01
3.458217800000000230e-01
3.454506700000000152e-01
3.440247599999999850e-01
3.049103100000000177e-01
1.613991700000000085e-01
-6.637663900000000117e-02
-1.201406299999999983e-01
-1.255151499999999920e-01
-1.192247500000000043e-01
-1.129967600000000016e-01
-1.067359300000000066e-01
-1.010177099999999967e-01
-1.010247400000000018e-01
-9.143079799999999369e-02
-2.741059300000000046e-02
2.227609799999999973e-01
3.246753900000000082e-01
3.816203499999999971e-01
3.956616800000000156e-01
3.755548799999999798e-01
3.633705500000000144e-01
3.568496600000000130e-01
3.237764699999999829e-01
3.021475699999999764e-01
2.885278299999999851e-01
2.754469700000000132e-01
2.641097800000000162e-01
2.614947499999999980e-01
2.625226500000000240e-01
2.506155199999999805e-01
1.591004699999999938e-01
-7.122615699999999828e-02
-1.401628099999999988e-01
-1.529084800000000133e-01
-1.522627799999999865e-01
-1.470953299999999964e-01
-1.411744699999999964e-01
-1.408517200000000136e-01
-1.362492100000000095e-01
-1.375708599999999893e-01
-2.670436600000000021e-02
2.111241899999999894e-01
3.037632499999999847e-01
3.484226400000000057e-01
3.412053199999999786e-01
3.383349600000000179e-01
3.150968900000000184e-01
2.917489300000000174e-01
2.709891200000000278e-01
2.568700700000000059e-01
2.307229600000000047e-01
2.230268900000000054e-01
2.159987100000000104e-01
2.225018900000000077e-01
2.092281199999999897e-01
1.141017799999999999e-01
-1.123537200000000041e-01
-1.659021300000000088e-01
-1.672343799999999880e-01
-1.655120999999999953e-01
-1.551399800000000107e-01
-1.492905300000000046e-01
-1.431139399999999950e-01
-1.380011999999999905e-01
-1.364069099999999923e-01
-1.419534899999999877e-01
-1.571967000000000156e-02
2.009451100000000101e-01
2.900310799999999967e-01
3.303999400000000031e-01
3.337072700000000003e-01
3.219065999999999872e-01
2.980962500000000071e-01
2.826262199999999836e-01
2.419377400000000122e-01
2.170922799999999986e-01
2.080207900000000110e-01
1.982194399999999967e-01
1.951887499999999942e-01
1.967055400000000120e-01
1.982096899999999939e-01
1.727191499999999880e-01
4.626579799999999687e-02
-1.508952400000000138e-01
-1.888329099999999927e-01
-1.852902800000000016e-01
-1.785623400000000138e-01
-1.685168200000000116e-01
-1.648711599999999888e-01
-1.542542100000000027e-01
-1.490003500000000036e-01
-1.534950200000000098e-01
-1.442099799999999876e-01
8.347012400000000665e-02
2.284243599999999930e-01
2.993508699999999911e-01
3.107826899999999726e-01
3.042302199999999957e-01
2.844664700000000268e-01
2.531078099999999886e-01
2.330812700000000071e-01
2.281304600000000071e-01
2.204408200000000095e-01
2.066548300000000116e-01
1.884491799999999939e-01
1.910714099999999971e-01
1.883582199999999929e-01
1.718466399999999950e-01
9.294351600000000380e-02
-1.076094999999999968e-01
-1.724663100000000115e-01
-1.819038199999999939e-01
-1.790582300000000127e-01
-1.676545299999999961e-01
-1.641535399999999867e-01
-1.638477299999999970e-01
-1.526348700000000058e-01
-1.455498600000000031e-01
-1.502548999999999968e-01
-1.365769300000000026e-02
1.983606199999999875e-01
2.861930300000000149e-01
3.068075800000000242e-01
2.983218799999999837e-01
2.839271500000000170e-01
2.607374599999999765e-01
2.322857999999999867e-01
2.113602699999999890e-01
1.912480199999999908e-01
1.914009000000000127e-01
1.770741700000000030e-01
1.749922499999999881e-01
1.886189199999999955e-01
1.949845699999999959e-01
1.723590799999999978e-01
3.706247599999999698e-02
-1.382574199999999920e-01
-1.715493899999999960e-01
-1.710504399999999980e-01
-1.632391699999999890e-01
-1.518427499999999986e-01
-1.519236999999999949e-01
-1.359285899999999880e-01
-1.290232500000000060e-01
-1.233308899999999986e-01
-1.039568300000000001e-01
1.239481699999999964e-01
2.591033200000000258e-01
3.193853300000000228e-01
3.280907599999999813e-01
3.149898799999999999e-01
2.986835500000000199e-01
2.712966199999999883e-01
2.479472400000000132e-01
2.231389900000000093e-01
1.949215400000000042e-01
1.816158900000000020e-01
1.806203999999999865e-01
1.770808000000000104e-01
1.697270499999999904e-01
1.573460999999999887e-01
1.224057600000000023e-01
-8.166501499999999358e-02
-1.751366099999999981e-01
-1.884269600000000044e-01
-1.820945599999999887e-01
-1.773675799999999969e-01
-1.659148300000000131e-01
-1.570628900000000105e-01
-1.469479900000000006e-01
-1.487551099999999960e-01
-1.539096399999999865e-01
-3.140841500000000203e-02
1.909018399999999893e-01
2.910462100000000274e-01
3.198363699999999810e-01
3.326280799999999926e-01
3.209071299999999849e-01
2.882197100000000178e-01
2.572784399999999971e-01
2.385628099999999863e-01
2.195830800000000138e-01
2.055941199999999913e-01
1.975576300000000118e-01
1.850083800000000001e-01
1.783577899999999883e-01
1.585999899999999962e-01
9.613802500000000195e-02
-1.108513599999999960e-01
-2.016830500000000026e-01
-2.139166200000000018e-01
-2.118540200000000040e-01
-1.940351399999999948e-01
-1.950914499999999996e-01
-1.952502000000000126e-01
-1.973397600000000029e-01
-1.989641699999999958e-01
-2.001205199999999962e-01
-8.840398900000000226e-02
1.564461799999999903e-01
2.662496699999999938e-01
3.117868699999999937e-01
3.274108800000000152e-01
3.307877399999999968e-01
3.087957000000000063e-01
2.942714799999999742e-01
2.940792199999999745e-01
2.622942100000000276e-01
2.427662700000000062e-01
2.123344100000000012e-01
2.180846300000000015e-01
2.193663100000000088e-01
2.020600600000000135e-01
1.318150299999999997e-01
-1.180926900000000002e-01
-2.053141599999999956e-01
-2.015229500000000062e-01
-1.919922300000000137e-01
-1.951045399999999930e-01
-1.882880100000000057e-01
-1.874807699999999910e-01
-1.796856199999999903e-01
-1.740636399999999917e-01
-1.787088199999999905e-01
-2.602232200000000051e-02
1.838894699999999993e-01
2.601335699999999806e-01
2.796902199999999894e-01
2.850728599999999835e-01
2.677587599999999846e-01
2.482868500000000034e-01
2.286135800000000107e-01
2.154987100000000100e-01
2.017848100000000089e-01
1.939268100000000050e-01
1.908507100000000067e-01
1.785025899999999888e-01
1.747606800000000016e-01
1.662783999999999929e-01
1.132997899999999974e-01
-1.103690100000000035e-01
-2.076636799999999894e-01
-2.142226100000000077e-01
-2.159725799999999973e-01
-2.010370099999999882e-01
-1.902514399999999939e-01
-1.876472399999999929e-01
-1.786212199999999972e-01
-1.755654299999999945e-01
-1.720714899999999936e-01
-1.797796100000000064e-01
-1.004214100000000026e-01
1.400622300000000098e-01
2.362408500000000022e-01
2.740153599999999856e-01
2.818796700000000266e-01
2.617566199999999954e-01
2.306075999999999959e-01
2.258233500000000060e-01
1.939171199999999984e-01
1.709311299999999867e-01
1.527610399999999868e-01
1.504263000000000128e-01
1.571032800000000118e-01
1.497088599999999992e-01
1.525220100000000134e-01
1.198695800000000034e-01
-4.213930500000000190e-02
-2.013205700000000042e-01
-2.204706899999999969e-01
-2.236014600000000019e-01
-2.227841600000000088e-01
-2.104877800000000132e-01
-1.994851199999999880e-01
-1.930305599999999899e-01
-1.882232500000000086e-01
-1.878049599999999930e-01
-1.068797600000000042e-01
1.212461799999999951e-01
2.069430700000000067e-01
2.497531699999999966e-01
2.492897900000000111e-01
2.541072099999999723e-01
2.231399500000000036e-01
1.935937299999999917e-01
1.628138399999999875e-01
1.555535799999999969e-01
1.626040099999999933e-01
1.656323899999999905e-01
1.626759700000000031e-01
1.591801499999999925e-01
1.588003199999999948e-01
1.331935900000000006e-01
5.900954399999999711e-02
-1.492763699999999916e-01
-2.154725600000000074e-01
-2.156317799999999951e-01
-2.020139200000000135e-01
-1.984328800000000059e-01
-1.919180900000000134e-01
-1.904955200000000015e-01
-1.820879099999999917e-01
-1.826033099999999909e-01
-1.441482299999999883e-01
9.416883700000000523e-02
2.111548099999999983e-01
2.593072399999999944e-01
2.578423100000000190e-01
2.591215099999999993e-01
2.496821700000000088e-01
2.242824099999999876e-01
2.016055300000000050e-01
1.785212800000000044e-01
1.736247900000000011e-01
1.597562399999999938e-01
1.559815800000000086e-01
1.507377699999999932e-01
1.461042600000000136e-01
1.191334700000000052e-01
-1.152646000000000052e-02
-1.707725300000000057e-01
-1.910173599999999972e-01
-1.742674700000000076e-01
-1.618981200000000065e-01
-1.435959400000000052e-01
-1.293169000000000124e-01
-1.210157600000000000e-01
-1.157020200000000026e-01
-1.125090499999999993e-01
-2.099630200000000141e-02
2.144340600000000097e-01
3.070982400000000223e-01
3.440976900000000116e-01
3.426463100000000095e-01
3.305035599999999740e-01
3.016693799999999870e-01
2.738060999999999967e-01
2.499640999999999946e-01
2.486474300000000026e-01
2.333992300000000131e-01
2.161067999999999878e-01
2.051401499999999933e-01
2.034635300000000036e-01
2.132185100000000000e-01
1.913612000000000091e-01
1.008962699999999962e-01
-1.044199100000000047e-01
-1.515024299999999935e-01
-1.508875299999999919e-01
-1.392808700000000011e-01
-1.264463999999999866e-01
-1.170970199999999961e-01
-1.143293400000000015e-01
-1.022268900000000008e-01
-9.699969499999999689e-02
-4.139468400000000103e-02
1.966449600000000075e-01
3.071392299999999853e-01
3.453317499999999929e-01
3.587502000000000191e-01
3.289214799999999883e-01
2.948414300000000154e-01
2.751946699999999746e-01
2.554659000000000235e-01
2.321069900000000130e-01
2.260209800000000102e-01
2.060105399999999920e-01
2.054767399999999911e-01
1.999957199999999879e-01
1.890585200000000077e-01
1.455221800000000010e-01
1.752581299999999903e-03
-1.596614100000000036e-01
-1.793422600000000033e-01
-1.746379799999999982e-01
-1.720387200000000061e-01
-1.627727999999999953e-01
-1.445997400000000044e-01
-1.377301599999999904e-01
-1.404129899999999875e-01
-1.391719399999999940e-01
1.098264699999999990e-02
2.033719800000000077e-01
2.819048200000000004e-01
2.945743100000000059e-01
2.929697700000000182e-01
2.722539299999999773e-01
2.555385900000000099e-01
2.263051899999999894e-01
1.968590299999999904e-01
1.816753200000000013e-01
1.733967700000000056e-01
1.641185300000000125e-01
1.615893999999999942e-01
1.594347700000000034e-01
1.627640999999999949e-01
1.486351800000000056e-01
9.030070299999999606e-02
-1.342816699999999919e-01
-2.182290299999999905e-01
-2.267015000000000002e-01
-2.097343700000000033e-01
-1.977042300000000086e-01
-1.833186900000000064e-01
-1.795343899999999882e-01
-1.753085100000000007e-01
-1.744925599999999910e-01
-7.878962500000000202e-02
1.482777600000000084e-01
2.486506699999999903e-01
2.830015300000000011e-01
2.859340000000000215e-01
2.647410199999999936e-01
2.431392699999999907e-01
2.319845399999999891e-01
2.114232900000000137e-01
1.947672599999999976e-01
1.806593599999999911e-01
1.679783800000000105e-01
1.617367899999999914e-01
1.501556500000000016e-01
1.209253299999999975e-01
-8.556625299999999490e-02
-2.233334600000000114e-01
-2.467736899999999900e-01
-2.417515600000000042e-01
-2.304628800000000088e-01
-2.231856700000000027e-01
-2.155516899999999902e-01
-2.107087599999999949e-01
-2.015727400000000002e-01
-1.990599399999999908e-01
-1.836520799999999953e-01
-1.641388499999999959e-02
1.781588799999999917e-01
2.603987400000000174e-01
2.780463200000000135e-01
2.660562200000000099e-01
2.442164400000000068e-01
2.286996099999999976e-01
2.058571600000000112e-01
1.742733800000000055e-01
1.492811800000000133e-01
1.363262699999999994e-01
1.338499400000000006e-01
1.360625599999999991e-01
1.359031900000000070e-01
1.261177199999999887e-01
3.627408700000000347e-02
-1.619601999999999986e-01
-2.066846699999999870e-01
-2.076772400000000129e-01
-2.006482400000000055e-01
-1.860656300000000096e-01
-1.688169499999999934e-01
-1.617544099999999874e-01
-1.461981699999999884e-01
-1.404974700000000132e-01
-1.317519600000000013e-01
3.740793399999999685e-02
2.108623799999999882e-01
2.815612399999999904e-01
3.211785200000000229e-01
3.208783299999999894e-01
2.903816799999999754e-01
2.618772500000000059e-01
2.398438599999999921e-01
2.221579099999999862e-01
2.246027399999999952e-01
2.159060399999999935e-01
2.169218099999999927e-01
2.183452800000000027e-01
2.122922700000000051e-01
2.010459599999999958e-01
1.341627800000000093e-01
-8.485407999999999840e-02
-1.588135900000000045e-01
-1.560422099999999868e-01
-1.476652599999999926e-01
-1.365837199999999918e-01
-1.325027900000000092e-01
-1.241979500000000014e-01
-1.242628800000000061e-01
-1.230348500000000012e-01
-1.277768400000000026e-01
5.783488600000000462e-04
2.169944799999999896e-01
2.980400899999999798e-01
3.274411400000000194e-01
3.157638300000000231e-01
2.990206599999999937e-01
2.750048099999999884e-01
2.442755500000000080e-01
2.018517499999999965e-01
2.015914400000000106e-01
1.964225300000000118e-01
1.923973400000000000e-01
2.022358300000000053e-01
2.072841900000000070e-01
2.014613199999999993e-01
1.675955100000000031e-01
-1.959715600000000099e-02
-1.450435499999999933e-01
-1.668430700000000100e-01
-1.637062999999999990e-01
-1.584353199999999906e-01
-1.446862299999999990e-01
-1.391491800000000112e-01
-1.315593800000000035e-01
-1.247404599999999975e-01
-1.185331699999999933e-01
-1.127484299999999967e-01
5.850998400000000099e-02
2.354110500000000106e-01
2.982165500000000247e-01
3.199468799999999891e-01
3.208334999999999937e-01
2.952789699999999740e-01
2.745625300000000268e-01
2.466571700000000089e-01
2.337855500000000086e-01
2.064922100000000094e-01
1.931338900000000025e-01
1.912406899999999910e-01
1.800222200000000106e-01
1.794385000000000008e-01
1.719799700000000098e-01
1.110137499999999944e-01
-1.143148999999999971e-01
-1.832990100000000122e-01
-1.929411699999999952e-01
-1.776187800000000039e-01
-1.635326599999999964e-01
-1.492530099999999915e-01
-1.682990900000000123e-01
-1.805182600000000137e-01
-1.861627999999999894e-01
-1.923036300000000032e-01
-1.024100800000000006e-01
1.508692100000000036e-01
2.596470699999999798e-01
3.125555999999999890e-01
3.359987799999999969e-01
3.350943000000000116e-01
3.171182000000000167e-01
2.964457699999999973e-01
2.692832700000000190e-01
2.510039499999999757e-01
2.362134800000000034e-01
2.252862599999999882e-01
2.139637000000000067e-01
1.940799800000000130e-01
1.802065200000000089e-01
1.090604399999999946e-01
-1.335119700000000076e-01
-2.224943000000000060e-01
-2.320526199999999872e-01
-2.264850999999999948e-01
-2.247443899999999883e-01
-2.109795700000000052e-01
-2.124402599999999919e-01
-2.119876699999999892e-01
-2.050653000000000059e-01
-1.735263099999999892e-01
6.177828800000000065e-02
2.082739299999999960e-01
2.660446899999999726e-01
2.817638800000000221e-01
2.778596199999999738e-01
2.577410800000000113e-01
2.467320199999999963e-01
2.016810400000000059e-01
1.424849900000000058e-01
1.282241600000000037e-01
1.397772800000000037e-01
1.759258800000000067e-01
2.044738799999999967e-01
2.108618600000000121e-01
1.773693000000000075e-01
2.130168999999999899e-03
-1.801485300000000012e-01
-2.171146899999999991e-01
-2.225725400000000131e-01
-2.134076299999999871e-01
-2.082357599999999920e-01
-2.054387099999999966e-01
-1.943836499999999912e-01
-1.868214900000000067e-01
-1.820316200000000051e-01
-1.235889700000000063e-01
1.426808800000000099e-01
2.780035799999999724e-01
3.320092900000000125e-01
3.345715899999999743e-01
3.049912799999999757e-01
2.811264099999999932e-01
2.556063000000000085e-01
2.346980499999999914e-01
2.305457700000000110e-01
2.274872799999999862e-01
2.122241099999999936e-01
2.082503900000000074e-01
2.126647100000000068e-01
2.153269600000000117e-01
2.087803199999999915e-01
1.660042999999999935e-01
-4.313591499999999690e-02
-1.688825800000000044e-01
-1.806212700000000004e-01
-1.775242800000000065e-01
-1.766680200000000089e-01
-1.616666800000000070e-01
-1.619588799999999995e-01
-1.571855500000000072e-01
-1.537704199999999910e-01
-1.327801399999999910e-01
9.438507599999999831e-02
2.329474199999999884e-01
2.926139999999999852e-01
3.206350900000000115e-01
3.085689400000000138e-01
2.984692600000000140e-01
2.635499199999999931e-01
2.338914500000000007e-01
2.205721800000000066e-01
2.019294899999999893e-01
1.938193599999999961e-01
1.889879999999999893e-01
1.991567200000000093e-01
1.940168200000000065e-01
1.542198399999999969e-01
-4.269136400000000248e-02
-1.891166099999999906e-01
-2.030385799999999963e-01
-2.086214299999999966e-01
-1.934282700000000133e-01
-1.770107300000000050e-01
-1.803086899999999937e-01
-1.731360899999999925e-01
-1.745060700000000131e-01
-1.725993399999999900e-01
-1.362311300000000058e-01
9.154895799999999972e-02
2.126573200000000108e-01
2.527110200000000084e-01
2.703073799999999860e-01
2.707403999999999922e-01
2.532857600000000264e-01
2.307235900000000062e-01
2.094882200000000028e-01
1.895315800000000050e-01
1.824180499999999983e-01
1.716869599999999996e-01
1.677863800000000127e-01
1.658304399999999956e-01
1.607226800000000067e-01
1.536937600000000126e-01
1.096336599999999939e-01
-2.188957399999999845e-02
-2.042438799999999888e-01
-2.427682700000000082e-01
-2.349544500000000091e-01
-2.351125900000000102e-01
-2.197895300000000107e-01
-2.163479500000000111e-01
-2.107063000000000130e-01
-2.060139699999999907e-01
-2.016601500000000102e-01
-1.084507400000000038e-01
1.166472000000000064e-01
2.201348599999999878e-01
2.678905599999999998e-01
2.635918899999999954e-01
2.452171900000000015e-01
2.299251900000000015e-01
2.172687399999999880e-01
2.041125299999999865e-01
1.975412599999999963e-01
1.983019900000000113e-01
1.834292899999999948e-01
1.753337299999999932e-01
1.654615999999999865e-01
1.631348900000000046e-01
1.425104700000000002e-01
1.242624500000000069e-03
-1.774263699999999999e-01
-2.187098100000000045e-01
-2.201228399999999863e-01
-2.103580399999999961e-01
-2.064215000000000078e-01
-1.958085300000000084e-01
-1.931756900000000110e-01
-1.842084499999999958e-01
-1.710967700000000091e-01
-1.686613600000000102e-01
2.068845299999999901e-02
1.958489999999999953e-01
2.540693399999999769e-01
2.763150600000000012e-01
2.750967000000000273e-01
2.553492900000000065e-01
2.227225499999999914e-01
1.842185399999999862e-01
1.660934400000000088e-01
1.418145899999999904e-01
1.365591899999999970e-01
1.392686399999999991e-01
1.278102299999999969e-01
1.376348099999999963e-01
1.285169399999999962e-01
8.975601900000000632e-02
-1.183664700000000014e-01
-2.128483800000000037e-01
-2.178889900000000046e-01
-2.092842699999999945e-01
-1.974617200000000072e-01
-1.875272000000000050e-01
-1.735346000000000111e-01
-1.634578600000000104e-01
-1.691218499999999902e-01
-1.628628900000000101e-01
-1.555393399999999982e-01
6.017871100000000278e-02
2.231819700000000073e-01
2.867219200000000190e-01
2.944659099999999974e-01
2.713043900000000064e-01
2.501529299999999956e-01
2.334228600000000098e-01
1.890343499999999899e-01
1.700611999999999957e-01
1.751023200000000057e-01
1.703235200000000060e-01
1.372221299999999977e-01
1.130898800000000037e-01
1.119795400000000024e-01
1.045199099999999937e-01
5.757086200000000042e-02
-1.678869799999999912e-01
-2.258737500000000120e-01
-2.236835000000000073e-01
-2.105571099999999918e-01
-1.872485299999999964e-01
-1.863103600000000082e-01
-1.856960199999999894e-01
-1.842947000000000057e-01
-1.849100300000000030e-01
-1.329284599999999983e-01
1.402530399999999955e-01
2.654378900000000097e-01
3.315146800000000060e-01
3.683453400000000211e-01
3.554877200000000070e-01
3.390180600000000100e-01
2.951705700000000210e-01
2.785343299999999966e-01
2.460446599999999984e-01
2.252795300000000056e-01
2.356893999999999934e-01
2.257702000000000042e-01
2.376955000000000040e-01
2.334686599999999945e-01
2.157129499999999866e-01
8.903595400000000049e-02
-1.268963700000000083e-01
-1.841751500000000097e-01
-1.768599700000000052e-01
-1.781763399999999886e-01
-1.789293100000000081e-01
-1.707161000000000095e-01
-1.627720800000000134e-01
-1.604107399999999961e-01
-1.558376700000000115e-01
-9.980125400000000591e-02
1.337549100000000046e-01
2.511885200000000262e-01
3.145921700000000043e-01
3.168150499999999870e-01
3.144121699999999908e-01
2.991005899999999995e-01
2.775621999999999812e-01
2.540771199999999896e-01
2.294423600000000119e-01
2.221243800000000101e-01
1.995298799999999928e-01
1.971064700000000058e-01
2.010283900000000012e-01
2.010525499999999965e-01
1.766799699999999917e-01
3.471406400000000042e-04
-1.786410099999999890e-01
-2.044961799999999996e-01
-1.985446200000000050e-01
-1.886902799999999880e-01
-1.770867399999999925e-01
-1.688035699999999861e-01
-1.607654000000000027e-01
-1.520335700000000068e-01
-1.494579900000000128e-01
-1.503642500000000048e-01
8.427067300000000427e-03
2.124074099999999909e-01
2.808383199999999746e-01
3.125507399999999936e-01
2.970869500000000163e-01
2.818930199999999942e-01
2.556220200000000053e-01
2.398814900000000028e-01
2.301342799999999966e-01
2.127370100000000042e-01
1.961812800000000134e-01
1.943389100000000036e-01
1.927626000000000062e-01
1.801949599999999874e-01
1.561466800000000099e-01
8.222204700000000643e-02
-1.270195899999999878e-01
-2.009477500000000083e-01
-2.015869999999999884e-01
-1.843419199999999925e-01
-1.813749799999999912e-01
-1.800025700000000006e-01
-1.709556499999999868e-01
-1.553246899999999875e-01
-1.479727200000000020e-01
-1.412083500000000102e-01
6.078550099999999873e-02
2.259772499999999906e-01
2.966465600000000036e-01
3.030655899999999958e-01
2.873513500000000054e-01
2.577909999999999924e-01
2.425739699999999999e-01
2.393168900000000043e-01
2.150967099999999965e-01
1.910181400000000029e-01
1.795910500000000021e-01
1.653844800000000004e-01
1.619805199999999890e-01
1.561087600000000131e-01
1.479985500000000065e-01
1.111856900000000037e-01
-9.431900299999999848e-02
-2.058112099999999944e-01
-2.318718100000000115e-01
-2.230419899999999955e-01
-2.228830900000000059e-01
-2.068132699999999935e-01
-1.984435499999999963e-01
-1.959782899999999994e-01
-1.862321299999999957e-01
-1.955452000000000023e-01
-1.744507799999999997e-01
6.875616700000000692e-02
2.012534699999999899e-01
2.667628300000000063e-01
2.644951799999999964e-01
2.470343299999999964e-01
2.254133000000000109e-01
2.054346599999999912e-01
1.690138800000000052e-01
1.488844300000000120e-01
1.452895800000000015e-01
1.317974600000000052e-01
1.211716500000000057e-01
1.144600800000000057e-01
1.113358599999999948e-01
9.630872399999999833e-02
3.954339099999999718e-02
-1.810708400000000107e-01
-2.569779200000000263e-01
-2.683509600000000273e-01
-2.499359100000000111e-01
-2.339088900000000082e-01
-2.360699699999999901e-01
-2.346554399999999929e-01
-2.300775800000000038e-01
-2.180492199999999881e-01
-1.987253099999999884e-01
3.072142900000000149e-02
1.734085700000000119e-01
2.440640199999999926e-01
2.688963600000000009e-01
2.567205399999999971e-01
2.210113999999999967e-01
2.035790799999999956e-01
1.819620000000000126e-01
1.383894300000000077e-01
1.067201400000000050e-01
1.005529899999999949e-01
9.782584599999999408e-02
1.070662700000000050e-01
1.047441800000000062e-01
9.476159100000000612e-02
-8.938156799999999458e-03
-2.187392800000000082e-01
-2.648706000000000116e-01
-2.584359199999999857e-01
-2.552699999999999969e-01
-2.394822199999999957e-01
-2.219007699999999972e-01
-2.214270799999999983e-01
-2.090842300000000098e-01
-2.079035300000000031e-01
-2.090898700000000110e-01
-1.144352500000000022e-01
1.107693800000000006e-01
1.951242599999999938e-01
2.349484599999999979e-01
2.354808100000000126e-01
2.202056300000000133e-01
2.082086700000000123e-01
1.870136599999999982e-01
1.660063800000000089e-01
1.608577999999999952e-01
1.381021600000000016e-01
1.269898399999999927e-01
1.292652099999999915e-01
1.336062000000000083e-01
1.299507400000000090e-01
9.735583999999999905e-02
-1.947599399999999994e-02
-1.862394599999999956e-01
-2.201736900000000052e-01
-2.200084200000000101e-01
-2.061741900000000072e-01
-1.940390600000000132e-01
-1.751008000000000009e-01
-1.681652800000000003e-01
-1.720613400000000071e-01
-1.772775500000000060e-01
-1.191663099999999975e-01
1.089374099999999984e-01
2.155112299999999981e-01
2.671272599999999775e-01
2.833042599999999744e-01
2.727250199999999847e-01
2.374213099999999965e-01
2.118373799999999918e-01
2.013539299999999865e-01
1.820242900000000053e-01
1.702549399999999935e-01
1.515894100000000078e-01
1.449001500000000053e-01
1.446641300000000019e-01
1.521180400000000099e-01
1.491715299999999966e-01
8.019065599999999905e-02
-1.326129500000000072e-01
-2.003992400000000063e-01
-2.098219400000000123e-01
-2.036867199999999878e-01
-1.869434100000000043e-01
-1.771542399999999906e-01
-1.684379099999999962e-01
-1.624739799999999901e-01
-1.524770199999999909e-01
-1.406584700000000077e-01
-5.906949899999999753e-02
1.578413700000000086e-01
2.662185499999999982e-01
3.170056900000000066e-01
3.226946900000000062e-01
2.914684000000000164e-01
2.649162299999999748e-01
2.356968200000000013e-01
2.141350999999999949e-01
1.990839100000000028e-01
1.835960100000000039e-01
1.752210899999999960e-01
1.646917599999999926e-01
1.648587999999999998e-01
1.615902399999999961e-01
1.313076900000000047e-01
2.042051899999999896e-03
-1.777007700000000079e-01
-2.154599199999999992e-01
-2.071943400000000046e-01
-2.044007700000000094e-01
-1.989762999999999948e-01
-1.921767400000000126e-01
-1.848214199999999863e-01
-1.753356399999999871e-01
-1.736367299999999891e-01
-1.332851499999999911e-01
1.002583799999999942e-01
2.267885199999999934e-01
2.816216899999999801e-01
3.032713799999999793e-01
3.049255399999999949e-01
2.729614499999999944e-01
2.216090199999999899e-01
2.000102699999999900e-01
1.989158099999999985e-01
1.893487100000000034e-01
2.112314700000000045e-01
2.375303300000000117e-01
2.422598900000000055e-01
2.246154800000000062e-01
1.120217599999999980e-01
-1.292672900000000069e-01
-1.858073000000000086e-01
-1.954436499999999965e-01
-1.920188700000000082e-01
-1.812494199999999944e-01
-1.756310299999999935e-01
-1.685288500000000078e-01
-1.728431599999999957e-01
-1.628079299999999896e-01
-1.084728900000000024e-01
1.498958400000000024e-01
2.807657499999999806e-01
3.406310300000000013e-01
3.316772499999999790e-01
3.051329899999999928e-01
2.805126499999999745e-01
2.649581799999999876e-01
2.431901300000000044e-01
2.131208199999999886e-01
1.894631800000000088e-01
1.939246699999999934e-01
1.906884600000000041e-01
1.852351100000000084e-01
1.983914499999999970e-01
1.923854999999999871e-01
1.279492600000000091e-01
-1.107484700000000016e-01
-2.078175999999999912e-01
-2.160876800000000042e-01
-2.132728100000000071e-01
-1.977624500000000063e-01
-1.933028199999999863e-01
-1.803600900000000007e-01
-1.810365700000000078e-01
-1.782618800000000114e-01
-1.767939099999999986e-01
-4.009783200000000339e-03
1.863190899999999928e-01
2.637607799999999725e-01
2.889519500000000130e-01
2.745682700000000032e-01
2.531798499999999841e-01
2.319366599999999889e-01
1.976651700000000011e-01
1.740377399999999963e-01
1.659033299999999878e-01
1.670053200000000126e-01
1.614299100000000098e-01
1.557361100000000109e-01
1.434024600000000094e-01
1.205524500000000054e-01
1.712160700000000049e-02
-1.932400999999999980e-01
-2.449603800000000053e-01
-2.420542499999999986e-01
-2.354340299999999886e-01
-2.282824099999999912e-01
-2.167015700000000100e-01
-2.065863000000000005e-01
-2.094620500000000107e-01
-2.199598500000000123e-01
-2.112483699999999909e-01
-1.067234400000000027e-01
1.235561099999999968e-01
2.106323700000000132e-01
2.371129899999999957e-01
2.515255699999999761e-01
2.432810800000000107e-01
2.114568699999999912e-01
1.899868999999999863e-01
1.823652600000000013e-01
1.572034300000000051e-01
1.487845200000000034e-01
1.436013200000000045e-01
1.407449299999999903e-01
1.395247599999999977e-01
1.373123300000000102e-01
9.280272300000000363e-02
-1.222249599999999936e-01
-2.265294700000000105e-01
-2.328802700000000003e-01
-2.254217799999999883e-01
-2.081437999999999899e-01
-2.005619999999999903e-01
-1.935047300000000137e-01
-1.936918199999999868e-01
-1.994239600000000112e-01
-1.907572399999999946e-01
-2.778910500000000144e-02
1.518794900000000059e-01
2.098214200000000085e-01
2.527893399999999735e-01
2.563373999999999930e-01
2.307331200000000138e-01
2.110546000000000089e-01
1.964055600000000068e-01
1.755717599999999934e-01
1.644241600000000136e-01
1.606399299999999863e-01
1.450735599999999903e-01
1.288539200000000107e-01
1.177783599999999986e-01
1.036015700000000039e-01
-1.227807700000000009e-02
-2.164531500000000108e-01
-2.536981300000000217e-01
-2.429679999999999895e-01
-2.306865800000000022e-01
-2.217656000000000072e-01
-2.205160200000000070e-01
-2.147166600000000036e-01
-2.085162200000000021e-01
-2.022870300000000066e-01
-1.938814399999999882e-01
2.653000800000000076e-02
2.223452999999999957e-01
3.022706700000000191e-01
3.317767999999999828e-01
3.303570699999999749e-01
3.089074700000000173e-01
2.699729200000000051e-01
2.191511200000000048e-01
2.016316999999999970e-01
1.856461000000000083e-01
1.784765299999999943e-01
1.771156100000000067e-01
1.814231199999999933e-01
1.891634000000000093e-01
1.880902899999999933e-01
1.499025099999999888e-01
-2.880282400000000118e-02
-1.800956099999999893e-01
-2.044195400000000107e-01
-2.022486799999999862e-01
-2.032848899999999959e-01
-1.948269800000000107e-01
-1.870217600000000091e-01
-1.775336200000000031e-01
-1.625045400000000029e-01
-1.525226399999999871e-01
3.945654099999999775e-02
2.195004899999999926e-01
3.049885600000000196e-01
3.256740599999999874e-01
3.090955000000000230e-01
2.789984699999999984e-01
2.630465000000000164e-01
2.555546899999999733e-01
2.335117899999999969e-01
2.208416900000000072e-01
2.074519400000000013e-01
2.007407400000000008e-01
1.998941999999999941e-01
1.986862799999999929e-01
1.828093100000000026e-01
1.462198700000000018e-01
-8.351031800000000005e-02
-1.983626500000000015e-01
-2.183244500000000032e-01
-2.144352099999999872e-01
-2.010124399999999867e-01
-1.939804599999999934e-01
-1.780576799999999960e-01
-1.636199899999999929e-01
-1.706628199999999929e-01
-1.586976999999999971e-01
-8.354782800000000453e-02
1.400711199999999934e-01
2.480481400000000003e-01
2.846021300000000087e-01
3.054219699999999871e-01
2.954597600000000157e-01
2.827427699999999766e-01
2.551557600000000092e-01
2.374433499999999975e-01
2.224960099999999941e-01
2.141035500000000036e-01
1.883993300000000037e-01
1.789487300000000003e-01
1.667071999999999998e-01
1.687500500000000125e-01
1.421888400000000108e-01
5.732996900000000146e-02
-1.861807000000000045e-01
-2.450721999999999900e-01
-2.301002299999999889e-01
-2.104274800000000001e-01
-1.970880999999999883e-01
-1.833387200000000106e-01
-1.903399699999999972e-01
-1.926165900000000042e-01
-1.842853399999999919e-01
-1.106314999999999937e-01
1.463990400000000081e-01
2.444168100000000121e-01
2.900636200000000220e-01
3.146428700000000189e-01
3.257295099999999999e-01
3.228021300000000204e-01
3.027302499999999785e-01
2.882034500000000277e-01
2.777503800000000189e-01
2.637726000000000237e-01
2.365157400000000021e-01
2.294791200000000087e-01
2.276479999999999893e-01
2.127660500000000121e-01
1.744787899999999947e-01
-3.361459700000000300e-02
-1.834705600000000048e-01
-2.002052599999999960e-01
-1.955994600000000028e-01
-1.818286500000000083e-01
-1.700165800000000005e-01
-1.677617000000000136e-01
-1.631259899999999985e-01
-1.756356900000000110e-01
-1.722468299999999897e-01
-1.030681900000000040e-01
1.537566900000000014e-01
2.497743600000000008e-01
2.711756100000000114e-01
2.882773100000000088e-01
2.837012700000000054e-01
2.775803299999999862e-01
2.476630200000000115e-01
2.290778900000000062e-01
2.162601799999999963e-01
2.113609300000000024e-01
1.999291599999999947e-01
1.868846299999999960e-01
1.792759499999999895e-01
1.539743699999999993e-01
1.082380399999999937e-01
-9.577575700000000303e-02
-2.271092399999999900e-01
-2.365089599999999903e-01
-2.299541599999999908e-01
-2.214559399999999900e-01
-2.150999299999999947e-01
-1.981993300000000069e-01
-1.812041699999999977e-01
-1.724887200000000120e-01
-1.708588400000000118e-01
-6.801509999999999501e-02
1.848989299999999891e-01
2.783341100000000234e-01
2.925725000000000131e-01
3.150246400000000224e-01
3.099529799999999891e-01
2.889057600000000114e-01
2.636628999999999778e-01
2.395176800000000106e-01
2.150986799999999866e-01
2.030339999999999923e-01
1.926123499999999877e-01
1.877713799999999877e-01
1.993206800000000001e-01
1.949050900000000031e-01
1.713383400000000056e-01
1.954541500000000001e-02
-1.736504799999999960e-01
-2.104964800000000136e-01
-2.004536299999999938e-01
-2.011914300000000044e-01
-1.905727600000000077e-01
-1.786236999999999964e-01
-1.595024700000000073e-01
-1.538453399999999971e-01
-1.558056999999999914e-01
-6.282594499999999416e-02
1.946795600000000015e-01
3.062133899999999742e-01
3.638886299999999907e-01
3.560148499999999938e-01
3.358710500000000043e-01
3.138411300000000237e-01
2.990584299999999862e-01
2.822076299999999871e-01
2.716588099999999728e-01
2.538279800000000086e-01
2.369742400000000027e-01
2.364681200000000039e-01
2.278780499999999987e-01
2.039306499999999911e-01
7.368460999999999761e-02
-1.141219900000000065e-01
-1.552095699999999912e-01
-1.584029999999999883e-01
-1.636340599999999978e-01
-1.556837199999999977e-01
-1.532200300000000071e-01
-1.576546899999999862e-01
-1.660691900000000054e-01
-1.692854199999999920e-01
-1.400315900000000113e-01
8.698454999999999382e-02
2.201114000000000126e-01
2.738028399999999918e-01
2.874051899999999771e-01
2.740745700000000173e-01
2.539748399999999795e-01
2.248906300000000080e-01
1.915054700000000110e-01
1.669585700000000006e-01
1.441104199999999891e-01
1.427651899999999863e-01
1.394083899999999931e-01
1.396904099999999871e-01
1.456978899999999966e-01
1.408964600000000011e-01
8.351256099999999905e-02
-1.359662199999999987e-01
-2.204200299999999890e-01
-2.403423799999999944e-01
-2.304567399999999933e-01
-2.200951100000000105e-01
-2.179240600000000028e-01
-2.204544300000000068e-01
-2.189617600000000053e-01
-2.170214400000000099e-01
-2.149081700000000095e-01
-3.763612700000000186e-03
1.498145700000000080e-01
2.003700399999999993e-01
2.163116200000000100e-01
2.000098600000000115e-01
1.862464400000000131e-01
1.505366300000000046e-01
1.102653900000000048e-01
9.533716899999999939e-02
8.218311600000000050e-02
7.544439499999999743e-02
6.304908800000000313e-02
6.587721100000000496e-02
7.377325099999999802e-02
6.562077700000000513e-02
1.942544900000000088e-02
-9.062531299999999901e-02
-2.657417200000000146e-01
-2.875990700000000122e-01
-2.848187400000000147e-01
-2.723914399999999847e-01
-2.574202999999999908e-01
-2.455067900000000025e-01
-2.356522000000000061e-01
-2.307070900000000035e-01
-2.176127800000000057e-01
-1.175014300000000039e-01
1.163815799999999984e-01
1.999334399999999901e-01
2.416360399999999964e-01
2.395106100000000127e-01
2.272602900000000037e-01
1.991043999999999869e-01
1.758369599999999866e-01
1.714215299999999886e-01
1.586562499999999987e-01
1.561773700000000098e-01
1.399583199999999972e-01
1.351716099999999976e-01
1.277928399999999909e-01
1.189403200000000022e-01
8.319477699999999754e-02
-7.649450000000000693e-02
-2.251801700000000128e-01
-2.495519599999999893e-01
-2.444719800000000054e-01
-2.212436200000000019e-01
-2.058194999999999886e-01
-2.059368400000000099e-01
-2.023443099999999994e-01
-1.868715999999999988e-01
-1.759575499999999904e-01
-1.165095800000000015e-01
1.158160000000000023e-01
2.160427900000000123e-01
2.582263499999999934e-01
2.571762599999999899e-01
2.516481700000000044e-01
2.246478699999999995e-01
2.022646800000000022e-01
1.945014800000000044e-01
1.759679600000000066e-01
1.528277600000000069e-01
1.395383500000000054e-01
