-4.212763700000000426e+03
-3.438287299999999959e+03
-4.704542800000000170e+03
-6.975821700000000419e+03
-6.304130199999999604e+03
-4.551729400000000169e+03
-6.483672899999999572e+03
-5.434699800000000323e+03
-5.894264900000000125e+03
-7.271259399999999914e+03
-7.760587400000000343e+03
-5.763292599999999766e+03
-6.855533699999999953e+03
-7.814948199999999815e+03
-6.930468899999999849e+03
-7.709057700000000295e+03
-9.074952400000000125e+03
-7.681426800000000185e+03
-5.768829200000000128e+03
-6.597767700000000332e+03
-7.013910600000000159e+03
-5.662444700000000012e+03
-7.220963600000000042e+03
-5.768181099999999788e+03
-6.706780700000000252e+03
-6.363876199999999699e+03
-8.573270099999999729e+03
-7.383241299999999683e+03
-8.792843300000000454e+03
-6.506673499999999876e+03
-6.421989599999999882e+03
-4.931695899999999710e+03
-3.420891200000000026e+03
-1.737136899999999969e+03
1.132648400000000038e+03
4.541828900000000431e+03
9.635424300000000585e+03
1.058975400000000081e+04
1.228284799999999996e+04
1.474806300000000010e+04
1.652942299999999886e+04
1.753688699999999881e+04
1.775748700000000099e+04
1.875627500000000146e+04
1.897550899999999820e+04
2.082081200000000172e+04
1.885385399999999936e+04
2.086309000000000015e+04
1.980543200000000070e+04
1.977939800000000105e+04
2.091260399999999936e+04
1.839210099999999875e+04
1.617933400000000074e+04
1.670691999999999825e+04
1.624127599999999984e+04
1.363478100000000086e+04
1.328368699999999990e+04
9.872179799999999886e+03
6.301823999999999614e+03
6.002728100000000268e+03
5.645755299999999806e+03
4.717843100000000049e+03
4.778231600000000071e+03
4.827590299999999843e+03
5.702033199999999852e+03
5.640886800000000221e+03
3.417212799999999788e+03
4.650323699999999917e+03
4.329505299999999806e+03
3.557131300000000010e+03
4.797076200000000426e+03
4.998762399999999616e+03
2.819078399999999874e+03
5.696090000000000373e+02
1.340894399999999905e+03
5.773171599999999444e+02
1.203013299999999930e+02
7.583683800000000019e+02
-1.812751099999999951e+03
-3.303202800000000252e+02
-1.958225100000000111e+03
-4.721673300000000381e+03
-3.434719999999999800e+03
-2.878540800000000218e+03
-4.634136800000000221e+03
-4.827421400000000176e+03
-5.527965199999999641e+03
-5.240502199999999903e+03
-7.368078700000000026e+03
-8.035977399999999761e+03
-6.191451299999999719e+03
-5.377895300000000134e+03
-5.351432999999999993e+03
-8.341039500000000771e+03
-6.349321799999999712e+03
-7.405648199999999633e+03
-4.914336699999999837e+03
-6.494743999999999687e+03
-6.373134299999999712e+03
-6.143804399999999987e+03
-6.770681599999999889e+03
-6.446078700000000026e+03
-6.511465900000000147e+03
-6.017627700000000004e+03
-5.504384399999999914e+03
-7.574175000000000182e+03
-6.662372900000000300e+03
-5.785350800000000163e+03
-7.160905499999999847e+03
-5.745574099999999817e+03
-5.353314099999999598e+03
-6.154055900000000292e+03
-5.453396999999999935e+03
-3.420367099999999937e+03
-1.886333499999999958e+03
1.793222499999999968e+02
3.261414600000000064e+03
5.168087099999999737e+03
9.528730100000000675e+03
1.181839700000000084e+04
1.365253299999999945e+04
1.618808599999999933e+04
1.673663499999999840e+04
1.624232899999999972e+04
1.809570400000000154e+04
1.837946199999999953e+04
1.754195599999999831e+04
1.919362800000000061e+04
1.805915599999999904e+04
1.824773400000000038e+04
1.729886300000000119e+04
1.622738400000000001e+04
1.381105199999999968e+04
1.245554099999999926e+04
1.242900200000000041e+04
1.094689999999999964e+04
8.153556999999999789e+03
8.317391400000000431e+03
5.052701799999999821e+03
6.919780800000000454e+03
5.346254899999999907e+03
2.367226000000000113e+03
7.709317200000000412e+02
1.182890499999999975e+03
1.341719599999999900e+03
1.741123000000000047e+03
1.517028600000000097e+03
4.821544000000000096e+02
-9.570695600000000240e+02
-2.006498700000000099e+03
4.820119000000000256e+02
-2.965785899999999856e+03
-9.372348700000000008e+02
-1.532326700000000073e+03
-2.862239999999999782e+03
-3.966466600000000199e+03
-5.144522299999999632e+03
-6.496340500000000247e+03
-6.380693400000000111e+03
-6.517756999999999607e+03
-6.534910899999999856e+03
-5.278256000000000313e+03
-6.165673300000000381e+03
-5.891939800000000105e+03
-6.913843200000000252e+03
-6.749029099999999744e+03
-6.618095199999999750e+03
-5.187988500000000386e+03
-5.587612000000000080e+03
-6.838837400000000343e+03
-6.093676499999999578e+03
-6.051952699999999822e+03
-6.571925500000000284e+03
-5.537287000000000262e+03
-5.712629299999999603e+03
-5.271647399999999834e+03
-6.083319800000000214e+03
-5.362202199999999721e+03
-7.185367599999999584e+03
-5.440381699999999910e+03
-5.655491899999999987e+03
-7.116606799999999566e+03
-5.516062200000000303e+03
-5.540181999999999789e+03
-4.488752900000000409e+03
-5.969036600000000362e+03
-6.612378600000000006e+03
-6.841441899999999805e+03
-6.249938699999999699e+03
-6.131578300000000127e+03
-5.675632899999999609e+03
-7.100190400000000409e+03
-5.084445899999999710e+03
-4.891597799999999552e+03
-2.071749699999999848e+03
9.558616700000000037e+02
-5.484757700000000114e+02
2.221502899999999954e+03
6.592928600000000188e+03
7.888848399999999856e+03
8.237140499999999520e+03
1.098321800000000076e+04
1.293995900000000074e+04
1.416011800000000039e+04
1.577995800000000054e+04
1.671064700000000084e+04
1.728033299999999872e+04
1.730487700000000041e+04
1.400480500000000029e+04
1.720662500000000000e+04
1.471381300000000010e+04
1.606714199999999983e+04
1.490153000000000065e+04
1.278252299999999923e+04
1.074215500000000065e+04
8.210807800000000498e+03
9.141217099999999846e+03
6.810540699999999561e+03
3.530016700000000128e+03
3.768168799999999919e+03
3.203600300000000061e+03
2.739998599999999897e+03
2.426728700000000117e+03
1.734221500000000106e+03
-1.760786600000000135e+02
-1.080953600000000051e+03
-5.526878699999999753e+02
-3.863759499999999889e+02
-1.832286200000000008e+03
-1.822399699999999939e+03
-1.583843900000000076e+03
-2.817826300000000174e+03
-1.575300099999999929e+03
-4.928555800000000090e+03
-4.078895500000000084e+03
-5.126583599999999933e+03
-5.784854999999999563e+03
-4.897749600000000100e+03
-5.368495200000000295e+03
-6.857982100000000173e+03
-7.506370499999999993e+03
-8.438660200000000259e+03
-6.536160700000000361e+03
-7.524756900000000314e+03
-6.867888700000000426e+03
-7.111686599999999999e+03
-6.789874799999999595e+03
-5.937284999999999854e+03
-7.934384200000000419e+03
-6.969101399999999558e+03
-6.558283300000000054e+03
-9.071499400000000605e+03
-7.357159499999999753e+03
-7.375661199999999553e+03
-6.295070099999999911e+03
-6.204490999999999985e+03
-7.504130100000000311e+03
-8.496089700000000448e+03
-4.851005199999999604e+03
-4.605570800000000418e+03
-6.616798399999999674e+03
-6.052177599999999984e+03
-7.044763500000000022e+03
-6.564779199999999946e+03
-8.572569499999999607e+03
-7.711416199999999662e+03
-7.367145300000000134e+03
-8.248528299999999945e+03
-9.515992899999999281e+03
-7.158809900000000198e+03
-4.961824200000000019e+03
-4.792694800000000214e+03
-2.925347699999999804e+03
-3.101891000000000176e+01
1.064654600000000073e+03
5.154253600000000006e+03
7.925288300000000163e+03
9.752483200000000579e+03
1.261896199999999953e+04
1.349607999999999993e+04
1.746177300000000105e+04
1.710666999999999825e+04
1.974765599999999904e+04
2.023063999999999942e+04
2.049777699999999822e+04
2.097253299999999945e+04
2.171088499999999840e+04
2.110707099999999991e+04
2.026124100000000180e+04
1.931356499999999869e+04
2.025024000000000160e+04
1.736878800000000047e+04
1.814974000000000160e+04
1.770560800000000017e+04
1.456679800000000068e+04
1.360824899999999980e+04
1.186277000000000044e+04
1.136818200000000070e+04
9.289496900000000096e+03
8.853216099999999642e+03
8.195450199999999313e+03
5.462841500000000451e+03
6.282930000000000291e+03
4.576568900000000212e+03
5.032885800000000017e+03
5.450796900000000278e+03
3.587739399999999932e+03
3.824770199999999932e+03
4.493695300000000316e+03
3.560558100000000195e+03
1.673834700000000112e+03
3.223270599999999831e+03
-4.303068099999999845e+02
4.950298399999999788e+02
-1.013403699999999930e+02
1.796541500000000042e+03
-5.884513399999999592e+02
-9.648006400000000440e+02
6.431825499999999920e+02
-1.242764599999999973e+03
-2.173326700000000073e+03
-2.163075899999999820e+03
-3.453456900000000132e+03
-2.282246200000000044e+03
-5.793306099999999788e+03
-5.471862500000000182e+03
-6.033892600000000130e+03
-6.258913099999999758e+03
-6.537535200000000259e+03
-6.691865600000000086e+03
-6.088933399999999892e+03
-4.992862399999999980e+03
-6.817521300000000338e+03
-7.377839500000000044e+03
-6.651455899999999929e+03
-7.292067200000000412e+03
-4.811012300000000323e+03
-8.181044200000000274e+03
-6.956965100000000348e+03
-7.638630799999999908e+03
-7.474091099999999642e+03
-6.613792800000000170e+03
-8.978073300000000017e+03
-7.002470000000000255e+03
-7.058856099999999969e+03
-6.977601899999999659e+03
-7.178879600000000210e+03
-7.260760599999999613e+03
-8.648682800000000498e+03
-5.602015000000000327e+03
-7.418434199999999691e+03
-6.296390699999999924e+03
-2.530120300000000043e+03
-3.871409599999999955e+03
-1.484707699999999932e+03
2.870874200000000201e+03
5.882343100000000049e+03
8.353275600000000850e+03
9.683019899999999325e+03
1.276667200000000048e+04
1.402065999999999985e+04
1.701010499999999956e+04
1.727684899999999834e+04
1.934124399999999878e+04
1.726340299999999843e+04
1.945352600000000166e+04
1.893339700000000084e+04
1.897206699999999910e+04
1.856363899999999921e+04
1.661617199999999866e+04
1.754162700000000041e+04
1.625544000000000051e+04
1.633951699999999983e+04
1.563190400000000045e+04
1.403701900000000023e+04
1.182402100000000064e+04
9.488373199999999997e+03
7.494477799999999661e+03
6.983148500000000240e+03
3.716320099999999911e+03
2.741897100000000137e+03
3.211969900000000052e+03
1.891755400000000009e+03
-1.323447799999999930e+01
6.486117699999999786e+02
9.273841700000000401e+02
-8.726072999999999524e+01
1.339531799999999976e+03
-1.182988600000000048e+02
4.472801600000000235e+02
7.826376299999999446e+02
-8.944165299999999661e+02
6.171371299999999565e+02
-7.676207799999999679e+02
-7.301140699999999697e+02
-3.422421699999999873e+03
-2.997701599999999871e+03
-5.189226800000000367e+03
-4.737340400000000045e+03
-4.400025999999999840e+03
-5.229984900000000380e+03
-4.517547199999999975e+03
-7.335293099999999868e+03
-6.300037299999999959e+03
-6.192081199999999626e+03
-5.545618999999999687e+03
-7.888034700000000157e+03
-6.590892799999999625e+03
-7.803906500000000051e+03
-8.931394599999999627e+03
-7.731801599999999780e+03
-8.540716099999999642e+03
-8.259152000000000044e+03
-7.179713899999999740e+03
-8.423550800000000891e+03
-8.681806300000000192e+03
-8.912690099999999802e+03
-9.347122499999999491e+03
-9.934055599999999686e+03
-9.731478399999999965e+03
-7.677099400000000060e+03
-9.434866500000000087e+03
-8.608656899999999951e+03
-1.102073799999999937e+04
-8.536771300000000338e+03
-8.192238999999999578e+03
-1.202929099999999926e+04
-1.351327700000000004e+04
-1.237518900000000031e+04
-1.241578600000000006e+04
-1.142823899999999958e+04
-1.106875699999999961e+04
-9.467610699999999269e+03
-7.262189999999999600e+03
-5.002513700000000426e+03
-3.716076900000000023e+03
-2.313285100000000057e+03
-8.265823899999999469e+01
1.778283100000000104e+03
5.439195999999999913e+03
8.320845999999999549e+03
8.258778899999999339e+03
1.214188500000000022e+04
1.295099400000000060e+04
1.367800499999999920e+04
1.465426000000000022e+04
1.449165300000000025e+04
1.822168500000000131e+04
1.529295399999999972e+04
1.631365200000000004e+04
1.611259599999999955e+04
1.615933899999999994e+04
1.626645499999999993e+04
1.290309399999999914e+04
1.099801300000000083e+04
1.089021199999999953e+04
9.379663099999999758e+03
8.599580599999999322e+03
4.396701799999999821e+03
4.908071399999999812e+03
2.876013800000000174e+03
4.084960700000000088e+03
3.414666400000000067e+03
2.101351299999999810e+03
5.220501400000000558e+02
1.798990800000000036e+03
2.028617500000000064e+03
-4.774544800000000322e+01
1.316800299999999879e+02
-8.251475500000000238e+02
-1.843662899999999922e+02
9.789068199999999820e+01
-1.698686799999999948e+03
5.226739800000000002e+01
2.801800400000000195e+02
-1.374763699999999972e+03
-1.753212800000000016e+03
-2.832304700000000139e+03
-3.659313799999999901e+03
-2.895664000000000215e+03
-4.226958400000000438e+03
-5.946870299999999588e+03
-5.188603699999999662e+03
-6.167256300000000010e+03
-6.550888500000000022e+03
-6.908327500000000327e+03
-7.388783099999999649e+03
-6.847117500000000291e+03
-7.251184699999999793e+03
-7.347409800000000359e+03
-7.749664799999999559e+03
-8.453320400000000518e+03
-7.884783699999999953e+03
-8.923206799999999930e+03
-9.333343100000000049e+03
-9.079586499999999432e+03
-8.500256499999999505e+03
-8.143939400000000205e+03
-8.511325300000000425e+03
-7.608802700000000186e+03
-9.122318699999999808e+03
-8.196545299999999770e+03
-9.045505800000000818e+03
-9.443379300000000512e+03
-1.061373300000000017e+04
-1.000497899999999936e+04
-9.635124100000000908e+03
-1.310099400000000060e+04
-1.229897899999999936e+04
-9.557285900000000765e+03
-1.061121999999999935e+04
-1.040396700000000055e+04
-9.276103499999999258e+03
-7.608519500000000335e+03
-6.667508399999999710e+03
-4.293630799999999908e+03
-1.093677300000000059e+03
2.186927999999999884e+03
5.640629100000000108e+03
7.479835699999999633e+03
9.467382600000000821e+03
1.172520299999999952e+04
1.064692499999999927e+04
1.331444599999999991e+04
1.469176200000000063e+04
1.560767400000000089e+04
1.554932200000000012e+04
1.597361199999999917e+04
1.569717200000000048e+04
1.392737500000000000e+04
1.380564400000000023e+04
1.527858899999999994e+04
1.560323199999999997e+04
1.176045700000000033e+04
1.074694100000000071e+04
9.904576199999999517e+03
8.743360899999999674e+03
6.864962400000000343e+03
6.152063799999999901e+03
5.323214600000000246e+03
2.838826100000000224e+03
3.747563200000000052e+03
3.843880900000000111e+03
1.527637099999999919e+03
2.313233999999999924e+03
3.027256600000000162e+03
2.663619499999999789e+03
1.800584700000000112e+03
2.276483299999999872e+03
8.293259699999999839e+02
-1.556937599999999975e+03
6.787936500000000706e+01
6.579189000000000078e+02
-3.146204200000000242e+02
-3.406757500000000164e+03
-2.601049100000000180e+03
-1.157709700000000112e+03
-3.212710399999999936e+03
-3.245783399999999801e+03
-3.539321300000000065e+03
-5.713337199999999939e+03
-4.618721300000000156e+03
-5.990092899999999645e+03
-7.347992199999999684e+03
-5.191449800000000323e+03
-7.114172700000000077e+03
-7.418971400000000358e+03
-6.076910299999999552e+03
-7.344855099999999766e+03
-6.333779999999999745e+03
-5.921204099999999926e+03
-6.010699599999999919e+03
-7.878494999999999891e+03
-7.288463499999999840e+03
-7.168950899999999820e+03
-6.286660600000000159e+03
-6.827826100000000224e+03
-8.826395200000000841e+03
-6.798085900000000038e+03
-5.779416299999999865e+03
-8.715223299999999654e+03
-5.715119599999999991e+03
-6.248197400000000016e+03
-6.245249499999999898e+03
-5.300305000000000291e+03
-5.336656100000000151e+03
-7.072823000000000320e+03
-5.358211699999999837e+03
-4.087785400000000209e+03
-3.669931099999999788e+03
-6.417653400000000147e+03
-3.937137000000000171e+03
-1.699916099999999915e+03
-1.304334800000000087e+03
3.097874199999999973e+02
4.267862500000000182e+03
8.433104999999999563e+03
9.210623999999999796e+03
1.387477900000000045e+04
1.518486800000000039e+04
1.643638000000000102e+04
1.907996299999999974e+04
1.852916999999999825e+04
1.913308399999999892e+04
2.061339199999999983e+04
2.145471500000000015e+04
2.241927899999999863e+04
2.357898500000000058e+04
2.260981100000000151e+04
2.218056699999999910e+04
2.119850800000000163e+04
2.340791100000000006e+04
2.002825500000000102e+04
1.958166200000000026e+04
1.734286400000000140e+04
1.578036599999999999e+04
1.664405099999999948e+04
1.257136800000000039e+04
1.029725100000000020e+04
9.974255800000000818e+03
8.155260599999999613e+03
6.506556300000000192e+03
7.557379100000000108e+03
5.270914999999999964e+03
3.487385699999999815e+03
4.622907799999999952e+03
5.708755500000000211e+03
3.372098399999999856e+03
4.865184500000000298e+03
3.721440099999999802e+03
4.894543800000000374e+03
3.199444700000000012e+03
6.858872400000000198e+02
1.838153499999999894e+03
1.903005699999999933e+03
1.262844100000000026e+03
7.907671599999999899e+02
-1.852412399999999934e+03
1.041634999999999991e+03
-3.265585199999999986e+03
-2.135396600000000035e+03
-2.268162499999999909e+03
-3.485999200000000201e+03
-2.216989000000000033e+03
-3.104626499999999851e+03
-4.738824700000000121e+03
-5.440169499999999971e+03
-4.798315099999999802e+03
-7.404547099999999773e+03
-6.770066600000000108e+03
-4.197201000000000022e+03
-5.387932600000000093e+03
-8.767200600000000122e+03
-6.814088899999999740e+03
-6.212208599999999933e+03
-8.996826600000000326e+03
-7.781898199999999633e+03
-6.756244300000000294e+03
-6.672425400000000081e+03
-5.528901499999999942e+03
-5.559597099999999955e+03
-6.797013399999999820e+03
-6.164226499999999760e+03
-4.306774999999999636e+03
-6.707558500000000095e+03
-6.986517100000000028e+03
-5.626025899999999638e+03
-5.638118599999999788e+03
-7.385710200000000441e+03
-7.340011900000000423e+03
-4.950837800000000243e+03
-5.679159800000000359e+03
-5.564742599999999584e+03
-2.624539699999999812e+03
-4.454673799999999574e+03
-9.454909199999999601e+02
3.496173999999999751e+02
3.344053100000000086e+03
8.756378000000000611e+03
9.131911099999999351e+03
1.141939899999999943e+04
1.307248899999999958e+04
1.545764099999999962e+04
1.568151200000000063e+04
1.736772399999999834e+04
1.847399499999999898e+04
1.941422999999999956e+04
1.952839700000000084e+04
1.788903900000000067e+04
1.910588999999999942e+04
1.772636899999999878e+04
1.742031299999999828e+04
1.726853299999999945e+04
1.453934799999999996e+04
1.444163099999999940e+04
1.313538400000000001e+04
1.057519499999999971e+04
7.868025400000000445e+03
6.178910600000000159e+03
7.224322699999999713e+03
7.719128899999999703e+03
3.362622199999999793e+03
5.092624899999999798e+03
4.900976899999999659e+03
2.775363699999999881e+03
2.692776499999999942e+03
2.236340499999999793e+03
1.594908200000000079e+03
-7.281333499999999503e+01
6.675369899999999461e+02
2.770369900000000030e+02
-2.231552299999999832e+03
-4.595944899999999933e+01
-6.779063599999999497e+02
-2.882303800000000138e+03
-2.600817599999999857e+03
-1.291107799999999997e+03
-3.667761100000000170e+03
-3.523429200000000037e+03
-5.050528299999999945e+03
-4.848332000000000335e+03
-5.197103500000000167e+03
-5.653276600000000144e+03
-6.781546099999999569e+03
-4.502626500000000306e+03
-5.431662500000000364e+03
-6.225105599999999868e+03
-7.862304100000000290e+03
-6.716266400000000431e+03
-7.770132999999999811e+03
-6.564060199999999895e+03
-7.470089200000000346e+03
-6.519972300000000359e+03
-5.135724400000000060e+03
-5.799202299999999923e+03
-6.017575700000000325e+03
-3.037118300000000090e+03
-5.424311899999999696e+03
-5.086545000000000073e+03
-6.251794799999999668e+03
-6.958979999999999563e+03
-4.495627099999999700e+03
-6.453319999999999709e+03
-5.760187200000000303e+03
-4.663768500000000131e+03
-6.354920299999999770e+03
-6.817275999999999840e+03
-7.625937700000000405e+03
-6.625537699999999859e+03
-5.687444000000000415e+03
-7.116946899999999914e+03
-6.542242199999999684e+03
-5.121146999999999935e+03
-3.194167899999999918e+03
-2.917493399999999838e+03
-1.991217399999999998e+03
5.001218000000000075e+02
3.062342200000000048e+03
7.189908800000000156e+03
8.676526900000000751e+03
7.124783800000000156e+03
1.103048500000000058e+04
1.157146500000000015e+04
1.312546399999999994e+04
1.503753900000000067e+04
1.717320899999999892e+04
1.472488800000000083e+04
1.665690499999999884e+04
1.569559799999999996e+04
1.707847999999999956e+04
1.730917299999999886e+04
1.512454099999999926e+04
1.424294599999999991e+04
1.158220999999999913e+04
1.093455800000000090e+04
1.059742499999999927e+04
8.547944999999999709e+03
7.986876599999999598e+03
5.564552599999999984e+03
3.810787299999999959e+03
4.480729099999999562e+03
1.577213899999999967e+03
2.440452000000000226e+03
1.542762999999999920e+03
2.983917199999999866e+03
1.107092200000000048e+03
8.928506599999999480e+02
-1.850427999999999997e+02
5.280706099999999878e+02
-2.323747199999999964e+02
-1.026018300000000067e+02
-1.544348400000000083e+03
-3.717202900000000227e+03
-2.322848399999999856e+03
-4.621095199999999750e+03
-4.032156700000000001e+03
-5.523490099999999984e+03
-5.104659399999999550e+03
-5.377551800000000185e+03
-7.752283400000000256e+03
-5.675315099999999802e+03
-4.937329600000000028e+03
-6.338484499999999571e+03
-6.864659499999999753e+03
-6.453082999999999629e+03
-7.327233400000000074e+03
-5.087275400000000445e+03
-6.664391499999999724e+03
-6.669690700000000106e+03
-6.873332000000000335e+03
-6.169855199999999968e+03
-6.395618099999999686e+03
-6.371390199999999822e+03
-4.577449700000000121e+03
-5.501226800000000367e+03
-4.937467200000000048e+03
-4.743732299999999668e+03
-4.056853500000000167e+03
-4.614270499999999629e+03
-5.627244899999999689e+03
-4.982464299999999639e+03
-6.709995399999999790e+03
-4.227824700000000121e+03
-5.315321200000000317e+03
-5.877655999999999949e+03
-5.875401700000000346e+03
-7.146701299999999719e+03
-5.854050799999999981e+03
-5.796871500000000196e+03
-4.623176900000000387e+03
-2.969349900000000162e+03
-2.258844099999999798e+03
-1.031200399999999945e+03
3.487158399999999801e+03
4.672261999999999716e+03
8.419252200000000812e+03
1.040526699999999983e+04
1.325007099999999991e+04
1.496069299999999930e+04
1.590631999999999971e+04
1.875692699999999968e+04
1.850532700000000114e+04
2.008084899999999834e+04
2.164748900000000140e+04
1.996436100000000079e+04
1.955448500000000058e+04
1.994550500000000102e+04
2.027726199999999881e+04
1.994425899999999820e+04
1.934321600000000035e+04
2.050290499999999884e+04
1.886880600000000049e+04
1.764718700000000172e+04
1.690792900000000009e+04
1.548260599999999977e+04
1.240907899999999972e+04
1.120250699999999961e+04
1.022466100000000006e+04
8.084257700000000114e+03
7.403130100000000311e+03
5.312182499999999891e+03
3.640763300000000072e+03
5.229724199999999655e+03
3.527692399999999907e+03
3.674106600000000071e+03
1.722468800000000101e+03
1.536268100000000004e+03
1.144953099999999949e+03
-4.879279499999999814e+01
1.063646500000000060e+03
-3.867614100000000121e+02
-9.054489300000000185e+01
9.481583100000000286e+02
-1.180364000000000033e+03
-1.665030999999999949e+03
-8.649012000000000171e+02
-6.388039999999999736e+02
-1.117212299999999914e+03
-3.780204900000000180e+03
-4.328826600000000326e+03
-4.211302700000000186e+03
-3.832354499999999916e+03
-5.927734800000000178e+03
-6.557831799999999930e+03
-5.865063500000000204e+03
-6.171956299999999828e+03
-8.595458399999999529e+03
-5.803705899999999929e+03
-8.187333999999999833e+03
-8.768296899999999368e+03
-7.041728299999999763e+03
-9.248606400000000576e+03
-6.990458999999999833e+03
-8.239937700000000405e+03
-8.745694499999999607e+03
-7.554174299999999675e+03
-7.092251500000000306e+03
-6.127359699999999975e+03
-6.295077699999999822e+03
-6.990661000000000058e+03
-7.548491699999999582e+03
-8.258130900000000111e+03
-7.327647200000000339e+03
-7.326847899999999754e+03
-8.140200899999999820e+03
-8.847033100000000559e+03
-8.261097499999999854e+03
-9.217394299999999930e+03
-6.844256699999999910e+03
-6.055278500000000349e+03
-6.259232100000000173e+03
-3.762890100000000075e+03
-2.994709600000000137e+03
5.979015799999999672e+02
4.046328599999999824e+03
4.567728000000000065e+03
8.656125200000000405e+03
1.211092000000000007e+04
1.268285699999999997e+04
1.234445099999999911e+04
1.550614500000000044e+04
1.813287299999999959e+04
1.618018599999999969e+04
1.734404000000000087e+04
1.683488799999999901e+04
1.585322199999999975e+04
1.576268699999999990e+04
1.736335800000000017e+04
1.855474499999999898e+04
1.620002399999999943e+04
1.410701499999999942e+04
1.406596999999999935e+04
1.464722700000000077e+04
1.300679500000000007e+04
1.035290099999999984e+04
6.800876800000000003e+03
5.729046599999999671e+03
4.584829200000000128e+03
2.796410800000000108e+03
2.116295799999999872e+03
-2.570079000000000136e+01
1.079084399999999960e+03
-8.197066899999999805e+02
-1.647259499999999889e+03
9.237845900000000654e+01
-1.861268199999999979e+03
-1.319096900000000005e+03
-2.279182600000000093e+03
-1.571411299999999983e+03
-2.309298099999999977e+03
-3.549557699999999841e+03
-3.458339699999999993e+03
-3.523680199999999786e+03
-5.856982899999999972e+03
-5.829439900000000307e+03
-5.130852100000000064e+03
-4.962640300000000025e+03
-6.409306800000000294e+03
-6.748827000000000226e+03
-6.340074400000000423e+03
-7.134047099999999773e+03
-7.593867799999999988e+03
-6.666324599999999919e+03
-8.079096800000000258e+03
-8.204397300000000541e+03
-7.509529599999999846e+03
-9.725792999999999665e+03
-9.619902500000000146e+03
-8.572184600000000501e+03
-1.054429399999999987e+04
-9.917666600000000471e+03
-9.413864199999999983e+03
-1.005584300000000076e+04
-8.709798500000000786e+03
-9.548416999999999462e+03
-9.525915800000000672e+03
-8.991194600000000719e+03
-1.034056899999999951e+04
-1.033600599999999940e+04
-9.219088900000000649e+03
-1.071051000000000022e+04
-1.178879399999999987e+04
-1.010994000000000051e+04
-1.061067900000000009e+04
-1.127964799999999923e+04
-1.092544299999999930e+04
-1.170688999999999942e+04
-1.136194700000000012e+04
-1.049388099999999940e+04
-1.187338800000000083e+04
-1.037205299999999988e+04
-8.155832500000000437e+03
-6.530035399999999754e+03
-4.793503399999999601e+03
-2.353122100000000046e+03
2.210001800000000003e+03
4.962270300000000134e+03
7.381694900000000416e+03
7.370399500000000444e+03
9.575744899999999689e+03
1.113058799999999974e+04
1.271944299999999930e+04
1.379527399999999943e+04
1.359951300000000083e+04
1.647061400000000140e+04
1.512200499999999920e+04
1.710503199999999924e+04
1.258787299999999959e+04
1.392348600000000079e+04
1.391891500000000087e+04
1.495529399999999987e+04
1.139525699999999961e+04
1.229508400000000074e+04
9.768484500000000480e+03
8.509319299999999203e+03
6.091670500000000175e+03
4.886765099999999620e+03
4.194341599999999744e+03
3.872848899999999958e+03
1.018047800000000052e+03
4.514660400000000209e+02
3.509659800000000018e+02
-1.040491500000000087e+03
-2.948084799999999746e+02
-5.445747999999999678e+01
-5.639328400000000130e+01
-1.914685999999999922e+03
-4.760710900000000265e+02
-2.402333600000000047e+02
-5.193133199999999761e+02
-1.978483199999999897e+03
-1.308416300000000092e+03
-2.212493100000000140e+03
-4.273498599999999897e+03
-4.195246500000000196e+03
-4.764282000000000153e+03
-5.569328499999999622e+03
-5.120327900000000227e+03
-7.342380600000000413e+03
-5.996270199999999932e+03
-6.363334300000000439e+03
-5.610137200000000121e+03
-6.866777600000000348e+03
-8.217384500000000116e+03
-6.827489499999999680e+03
-7.287532799999999952e+03
-7.368756699999999910e+03
-7.660058100000000195e+03
-6.207981499999999869e+03
-6.682074999999999818e+03
-7.995793300000000272e+03
-7.707265300000000025e+03
-7.939349199999999655e+03
-9.384072200000000521e+03
-7.525970400000000154e+03
-7.370173099999999977e+03
-8.538837100000000646e+03
-7.558046900000000278e+03
-8.631841599999999744e+03
-8.709509799999999814e+03
-8.264700500000000829e+03
-9.607628699999999299e+03
-1.124684699999999975e+04
-9.511413899999999558e+03
-9.960115299999999479e+03
-1.062779900000000089e+04
-1.095736599999999999e+04
-1.121818599999999969e+04
-9.302093699999999444e+03
-8.216520599999999831e+03
-8.723288800000000265e+03
-7.894681400000000394e+03
-4.835165899999999965e+03
-1.854378999999999905e+03
-1.292213400000000092e+03
2.963289299999999912e+03
3.717689300000000003e+03
6.243142600000000130e+03
9.829505999999999403e+03
1.203166100000000006e+04
1.036787999999999920e+04
1.452567599999999948e+04
1.496602700000000004e+04
1.408919499999999971e+04
1.532847700000000077e+04
1.521764799999999923e+04
1.463063099999999940e+04
1.309561599999999999e+04
1.167795999999999913e+04
1.061494000000000051e+04
9.470766499999999724e+03
1.046147799999999916e+04
6.474291599999999562e+03
5.196485999999999876e+03
4.156628999999999905e+03
2.892968499999999949e+03
2.913224999999999909e+03
2.042337800000000016e+03
2.328414000000000215e+03
9.003123699999999872e+02
2.138889299999999821e+03
1.122314100000000053e+03
7.311339500000000271e+02
-1.539907500000000027e+03
-6.778395900000000438e+02
-1.006263199999999983e+03
-1.808081500000000005e+03
-2.963985499999999774e+03
-2.733657200000000103e+03
-1.086703899999999976e+03
-3.374600800000000163e+03
-3.168021600000000035e+03
-2.748150599999999940e+03
-4.330929799999999886e+03
-2.783828300000000127e+03
-3.878209199999999782e+03
-4.489868199999999888e+03
-2.838333299999999781e+03
-4.941059299999999894e+03
-5.557033199999999852e+03
-5.440132400000000416e+03
-5.557182899999999790e+03
-5.126847200000000157e+03
-5.789580799999999726e+03
-5.794787999999999556e+03
-6.625038099999999758e+03
-6.640217200000000048e+03
-6.251871500000000196e+03
-7.818279000000000451e+03
-5.832663099999999758e+03
-6.252484199999999873e+03
-6.554586500000000342e+03
-6.628689099999999598e+03
-5.537515099999999620e+03
-5.831639699999999721e+03
-7.064989400000000387e+03
-5.833635299999999916e+03
-6.552634600000000319e+03
-6.306115700000000288e+03
-6.133498199999999997e+03
-5.422805099999999584e+03
-4.917280099999999948e+03
-4.942225000000000364e+03
-5.402360999999999876e+03
-5.849943400000000111e+03
-6.725454300000000330e+03
-5.349012300000000323e+03
-3.719222600000000057e+03
-4.831737000000000080e+03
-3.507234699999999975e+03
-2.033247699999999895e+03
4.800188800000000242e+02
3.960424500000000080e+03
4.850852899999999863e+03
8.600603499999999258e+03
1.186137399999999980e+04
1.445030299999999988e+04
1.716640799999999945e+04
1.831275100000000020e+04
1.763358399999999892e+04
2.077671700000000055e+04
1.885142599999999948e+04
1.934176499999999942e+04
1.924567799999999988e+04
2.015679400000000169e+04
2.092437900000000081e+04
1.899810199999999895e+04
1.915734899999999834e+04
1.805161000000000058e+04
1.711443000000000029e+04
1.518505999999999949e+04
1.565085399999999936e+04
1.383122799999999916e+04
1.394394199999999910e+04
1.233617900000000009e+04
1.053063099999999940e+04
9.515649799999999232e+03
1.048005199999999968e+04
7.026038999999999760e+03
4.678200499999999920e+03
5.146151700000000346e+03
4.212978699999999662e+03
4.831731700000000274e+03
3.932230300000000170e+03
2.719726500000000215e+03
3.641800699999999779e+03
1.770891499999999951e+03
2.359584800000000087e+03
1.554426400000000058e+03
1.189704899999999952e+03
1.505201600000000099e+03
-1.276632700000000114e+03
-1.238913600000000088e+03
-8.235851499999999987e+02
-2.583311700000000201e+03
-1.589287299999999959e+03
-2.573546400000000176e+03
-2.775842200000000048e+03
-4.492653099999999995e+02
-4.518243300000000090e+03
-4.134342300000000250e+03
-4.445515999999999622e+03
-6.180942200000000412e+03
-5.689125500000000102e+03
-6.954170100000000275e+03
-5.349598100000000159e+03
-8.845604799999999159e+03
-7.220949999999999818e+03
-5.247015099999999620e+03
-5.464759399999999914e+03
-5.788854999999999563e+03
-5.908177999999999884e+03
-6.618457199999999830e+03
-5.882786699999999655e+03
-6.005839600000000246e+03
-4.950141899999999623e+03
-5.668193900000000212e+03
-5.852404199999999946e+03
-7.348371100000000297e+03
-7.251153299999999945e+03
-5.277509299999999712e+03
-6.138779400000000351e+03
-7.105782299999999850e+03
-6.703289099999999962e+03
-6.346374300000000403e+03
-7.298256699999999910e+03
-7.712876500000000306e+03
-7.180859699999999975e+03
-4.212914600000000064e+03
-3.333632599999999911e+03
-2.217085199999999986e+03
4.871824300000000108e+02
2.557379300000000057e+03
5.258971300000000156e+03
6.223116500000000087e+03
8.188907599999999547e+03
9.729261399999999412e+03
1.286792400000000089e+04
1.451941200000000026e+04
1.422388299999999981e+04
1.508522400000000016e+04
1.504970099999999911e+04
1.728492499999999927e+04
1.610685200000000077e+04
1.559384200000000055e+04
1.732689600000000064e+04
1.588657400000000052e+04
1.551935399999999936e+04
1.537965799999999945e+04
1.341312000000000080e+04
1.437656600000000071e+04
1.346135299999999916e+04
1.162734799999999996e+04
9.489336100000000442e+03
8.271772699999999531e+03
5.268360499999999774e+03
4.938321500000000015e+03
3.922510699999999815e+03
3.844026699999999892e+03
3.511002599999999802e+03
4.570615099999999984e+03
6.909818900000000212e+02
5.524769099999999753e+02
1.165360200000000077e+03
1.103977799999999888e+03
1.065117199999999912e+03
-8.331764100000000326e+02
-2.062248999999999796e+03
-2.160074900000000071e+03
-2.906741599999999835e+03
-3.130190099999999802e+03
-3.467413100000000213e+03
-3.846911500000000160e+03
-5.805425199999999677e+03
-4.942767499999999927e+03
-5.662935099999999693e+03
-5.430278199999999742e+03
-5.149398400000000038e+03
-6.989460399999999936e+03
-5.754898600000000442e+03
-6.675928899999999885e+03
-6.087621299999999792e+03
-7.423545699999999670e+03
-9.189764300000000731e+03
-1.070665200000000004e+04
-8.737537800000000061e+03
-6.506681700000000092e+03
-8.412182800000000498e+03
-8.022266800000000330e+03
-7.128565599999999904e+03
-7.813055999999999585e+03
-9.303018899999999121e+03
-8.989792999999999665e+03
-8.236771300000000338e+03
-7.142918800000000374e+03
-8.682112300000000687e+03
-8.439943900000000212e+03
-8.099839200000000346e+03
-8.328396399999999630e+03
-9.369002000000000407e+03
-9.122868099999999686e+03
-1.029055999999999949e+04
-8.945599599999999555e+03
-9.000649299999999130e+03
-1.096486399999999958e+04
-1.005386000000000058e+04
-9.674161099999999351e+03
-7.028587700000000041e+03
-1.004588899999999921e+04
-7.890546400000000176e+03
-5.361944000000000415e+03
-3.063358600000000024e+03
-6.080147699999999986e+02
-1.677493799999999965e+03
2.067327400000000125e+03
6.668095900000000256e+03
8.158325600000000122e+03
8.357051499999999578e+03
1.233600300000000061e+04
1.295971099999999933e+04
1.613080299999999988e+04
1.636641699999999946e+04
1.466311499999999978e+04
1.572521800000000076e+04
1.668706100000000151e+04
1.449621500000000015e+04
1.485807200000000012e+04
1.428127399999999943e+04
1.349346199999999953e+04
1.209670700000000033e+04
1.238173500000000058e+04
9.219972599999999147e+03
6.871738299999999981e+03
5.855279599999999846e+03
5.617545900000000074e+03
5.136286600000000362e+03
4.060604699999999866e+03
4.710691700000000310e+03
1.017925200000000018e+03
2.144248500000000149e+03
1.176642900000000054e+03
1.921520199999999932e+03
1.048166499999999957e+01
6.305439000000000078e+02
1.759705600000000004e+03
9.152694400000000314e+02
-1.924514699999999948e+03
-2.488624699999999848e+03
-3.301996399999999880e+02
-2.862482199999999921e+03
-4.077134300000000167e+03
-2.430623099999999795e+03
-3.921829799999999977e+03
-5.293388500000000022e+03
-5.986782000000000153e+03
-4.501729199999999764e+03
-6.225758700000000317e+03
-5.610248300000000199e+03
-8.014461800000000039e+03
-8.102044899999999870e+03
-8.269258099999999104e+03
-8.142450600000000122e+03
-7.002695200000000114e+03
-7.986568199999999706e+03
-7.178489199999999983e+03
-8.209674199999999473e+03
-9.108420000000000073e+03
-8.995129100000000108e+03
-8.414680399999999281e+03
-9.919319499999999607e+03
-8.106793300000000272e+03
-8.724052100000000792e+03
-7.688707500000000437e+03
-8.235266299999999319e+03
-1.040068000000000029e+04
-7.930740200000000186e+03
-9.477547399999999470e+03
-8.910729900000000271e+03
-8.942412800000000061e+03
-1.043925799999999981e+04
-9.438686799999999494e+03
-8.311302999999999884e+03
-1.028424899999999980e+04
-9.002512199999999211e+03
-8.944004600000000210e+03
-7.255138899999999921e+03
-6.626171099999999569e+03
-7.624621699999999691e+03
-4.776192500000000109e+03
-4.723515599999999722e+03
-1.855628899999999931e+03
3.346544499999999971e+03
7.070013399999999820e+03
8.759775400000000445e+03
1.017620999999999913e+04
1.227559300000000076e+04
1.370246199999999953e+04
1.482774500000000080e+04
1.719960900000000038e+04
1.718494099999999889e+04
1.578333400000000074e+04
1.702502699999999822e+04
1.720770699999999852e+04
1.652445699999999852e+04
1.748503099999999904e+04
1.763963799999999901e+04
1.692327100000000064e+04
1.481538500000000022e+04
1.523629600000000028e+04
1.389622299999999996e+04
1.268570999999999913e+04
1.182771700000000055e+04
9.048238100000000486e+03
8.564278000000000247e+03
6.887023000000000138e+03
5.936079800000000432e+03
4.846180699999999888e+03
4.381383499999999913e+03
4.687786600000000362e+03
4.402593200000000252e+03
2.767824000000000069e+03
4.605936899999999696e+03
2.978891200000000026e+03
2.226024800000000141e+03
2.650930499999999938e+03
2.204788900000000012e+03
7.731163500000000113e+02
1.397486100000000079e+03
6.112713999999999714e+02
-9.661352900000000545e+02
1.235849000000000046e+02
-1.438993899999999940e+03
-1.333724999999999909e+03
-1.926532400000000052e+03
-3.813520899999999983e+03
-5.254578099999999722e+03
-4.648857899999999972e+03
-4.428333300000000236e+03
-4.015777399999999943e+03
-5.435052399999999579e+03
-5.076939000000000306e+03
-7.613259299999999712e+03
-5.145049699999999575e+03
-6.176670900000000074e+03
-6.944223899999999958e+03
-5.065350000000000364e+03
-3.654106400000000122e+03
-6.024248499999999694e+03
-5.278036600000000362e+03
-4.758380199999999604e+03
-6.560731399999999667e+03
-6.056582900000000336e+03
-7.162813299999999799e+03
-6.485332999999999629e+03
-5.054440700000000106e+03
-6.873140300000000025e+03
-5.915675299999999879e+03
-6.178506500000000415e+03
-6.933445099999999911e+03
-6.478567399999999907e+03
-6.097603000000000065e+03
-6.896689999999999600e+03
-7.536152000000000044e+03
-6.414744200000000092e+03
-4.523112000000000080e+03
-4.863484099999999671e+03
-1.813760399999999890e+03
-1.472853800000000092e+03
-1.555510099999999966e+03
1.621399200000000064e+03
8.413375000000000000e+03
8.125203199999999924e+03
1.165252299999999923e+04
1.325597600000000057e+04
1.548506500000000051e+04
1.650221900000000096e+04
1.850586100000000079e+04
1.850329499999999825e+04
1.979791700000000128e+04
1.858469099999999889e+04
1.982656799999999930e+04
2.040303199999999924e+04
2.130228900000000067e+04
2.037982900000000154e+04
2.057065899999999965e+04
1.949681899999999951e+04
1.915836000000000058e+04
1.779164500000000044e+04
1.663341200000000026e+04
1.299948500000000058e+04
1.446524200000000019e+04
1.293453000000000065e+04
9.807326300000000629e+03
8.518317100000000210e+03
7.768107699999999568e+03
5.105730400000000373e+03
4.449889199999999619e+03
4.150396700000000237e+03
4.048485499999999774e+03
3.915362500000000182e+03
3.468220100000000002e+03
9.413516600000000381e+02
2.764463400000000092e+03
1.197137199999999893e+03
6.961569500000000232e+01
6.228277699999999868e+02
4.755354500000000257e+02
9.485173600000000533e+02
-1.627640000000000100e+03
1.809984700000000046e+01
-5.892441700000000537e+02
-1.288859500000000025e+03
-1.232543499999999995e+03
-1.485891399999999976e+03
-4.150876900000000205e+03
-2.071356099999999969e+03
-5.536670900000000074e+03
-4.259562500000000000e+03
-5.696991799999999785e+03
-5.122887200000000121e+03
-8.837881299999999101e+03
-6.273136199999999917e+03
-3.686318699999999808e+03
-4.132054299999999785e+03
-4.090059600000000046e+03
-5.860478900000000067e+03
-5.036067799999999806e+03
-5.398315800000000309e+03
-8.081069300000000112e+03
-6.256243599999999788e+03
-8.731570499999999811e+03
-6.645354800000000068e+03
-8.141005199999999604e+03
-7.396231099999999969e+03
-8.555038000000000466e+03
-9.301934699999999793e+03
-8.010194300000000112e+03
-7.504200200000000223e+03
-7.545526899999999841e+03
-9.144089599999999336e+03
-7.712377900000000409e+03
-6.708226899999999659e+03
-7.513632999999999811e+03
-7.903527000000000044e+03
-8.909808399999999892e+03
-5.169980099999999766e+03
-5.013700600000000122e+03
-3.610470400000000154e+03
-1.496991199999999935e+03
-4.140496600000000171e+02
2.693674700000000030e+03
5.966345999999999549e+03
8.164437200000000303e+03
1.142566899999999987e+04
1.301862000000000080e+04
1.405910100000000057e+04
1.626894900000000052e+04
1.647423700000000099e+04
1.564541699999999946e+04
1.470615999999999985e+04
1.815745599999999831e+04
1.607406799999999930e+04
1.460519199999999910e+04
1.581465500000000065e+04
1.609910399999999936e+04
1.554038800000000083e+04
1.429764300000000003e+04
1.171682300000000032e+04
1.190218599999999969e+04
9.746817100000000210e+03
7.331098600000000260e+03
6.539104500000000371e+03
6.092322600000000421e+03
2.928842900000000100e+03
1.296699299999999994e+03
1.865930000000000064e+03
1.433073000000000093e+03
8.799906099999999753e+01
-1.052501099999999951e+03
-6.828457399999999780e+02
-1.246276000000000067e+03
-1.008452999999999975e+03
9.919107400000000041e+01
-1.128603599999999915e+03
-8.209804599999999937e+02
-2.356617400000000089e+03
-4.152830200000000332e+03
-2.975610900000000129e+03
-4.764268799999999828e+03
-3.884337300000000141e+03
-4.715940400000000409e+03
-5.246242599999999584e+03
-5.616439199999999801e+03
-4.953319000000000415e+03
-4.868996299999999792e+03
-6.936553700000000390e+03
-6.853784200000000055e+03
-7.805677599999999984e+03
-7.168637200000000121e+03
-8.063307700000000295e+03
-8.708343399999999747e+03
-6.813846099999999751e+03
-9.182733899999999267e+03
-7.969033800000000156e+03
-8.533408199999999852e+03
-8.080499099999999999e+03
-8.030693800000000010e+03
-6.920627300000000105e+03
-7.896803799999999683e+03
-9.270487800000000789e+03
-7.319004500000000007e+03
-7.678828099999999722e+03
-7.633334300000000439e+03
-6.619708700000000135e+03
-8.135956100000000333e+03
-5.467139400000000023e+03
-7.918560400000000300e+03
-7.767760400000000118e+03
-8.816687500000000000e+03
-8.970019200000000637e+03
-9.003046399999999267e+03
-7.495959700000000339e+03
-7.650227799999999661e+03
-7.741817100000000210e+03
-8.485035900000000765e+03
-8.571249700000000303e+03
-5.015565800000000309e+03
-4.322630500000000211e+03
-3.314306199999999990e+03
-1.099169100000000071e+03
3.987809799999999996e+03
7.034720699999999852e+03
9.930406399999999849e+03
1.239644000000000051e+04
1.590581699999999910e+04
1.576637600000000020e+04
1.783105800000000090e+04
2.030390299999999843e+04
1.945872599999999875e+04
1.946341800000000148e+04
1.915508699999999953e+04
2.076783299999999872e+04
1.890893899999999849e+04
1.832399499999999898e+04
1.820992099999999846e+04
1.757433000000000175e+04
1.483499500000000080e+04
1.499709000000000015e+04
1.263720700000000033e+04
1.047646399999999994e+04
1.126359100000000035e+04
1.004082500000000073e+04
7.556468399999999747e+03
8.014350199999999859e+03
5.427681999999999789e+03
6.349171999999999571e+03
6.856048899999999776e+03
6.303336500000000342e+03
4.087045999999999822e+03
5.567126199999999699e+03
5.448996699999999691e+03
3.337713900000000194e+03
5.871966300000000047e+03
5.745368400000000292e+03
5.950467899999999645e+03
5.387748300000000199e+03
3.802370399999999790e+03
5.961109099999999671e+03
6.239199300000000221e+03
4.577905499999999847e+03
5.281401899999999841e+03
4.754470400000000154e+03
5.395987000000000080e+03
4.615989400000000387e+03
3.375926300000000083e+03
4.626604099999999562e+03
4.015665100000000166e+03
2.331644299999999930e+03
8.321086999999999989e+02
2.805069899999999961e+03
9.044608699999999999e+02
2.050412699999999859e+03
8.386992099999999937e+02
-1.976060500000000047e+03
-5.956550799999999981e+02
1.405230200000000025e+02
3.735539899999999989e+02
6.034038900000000467e+02
-2.091891500000000178e+03
-1.973726499999999987e+03
-1.784553200000000061e+03
-2.832987099999999828e+03
-4.427746199999999590e+03
-4.846069199999999910e+03
-5.037381099999999606e+03
-4.116452299999999923e+03
-4.772521300000000338e+03
-7.506821200000000317e+03
-6.171857299999999668e+03
-7.039701399999999921e+03
-6.997400899999999638e+03
-6.601600199999999859e+03
-7.964562700000000405e+03
-8.466126800000000003e+03
-6.098039399999999659e+03
-6.508465799999999945e+03
-5.588395099999999729e+03
-5.220686700000000201e+03
-1.950539099999999962e+03
1.036191699999999969e+02
2.661058199999999943e+03
5.465690999999999804e+03
4.869584399999999732e+03
7.498001900000000205e+03
9.567087600000000748e+03
1.067230800000000090e+04
1.199220600000000013e+04
1.078928199999999924e+04
1.257558599999999933e+04
1.272915600000000086e+04
1.306985000000000036e+04
1.254347400000000016e+04
1.163206400000000031e+04
1.256149500000000080e+04
9.404597200000000157e+03
7.397617900000000191e+03
6.223628200000000106e+03
4.445371000000000095e+03
3.388697999999999865e+03
9.296215499999999565e+02
-3.818804200000000151e+02
-1.807251299999999901e+03
-3.547210500000000138e+03
-4.800511800000000221e+03
-4.346456400000000031e+03
-3.871659900000000107e+03
-7.823173200000000179e+03
-7.015979900000000271e+03
-5.562636499999999614e+03
-6.138594699999999648e+03
-7.786849000000000160e+03
-7.832216599999999744e+03
-6.827720400000000154e+03
-7.256545399999999972e+03
-6.415234300000000076e+03
-6.887190499999999702e+03
-7.234062200000000303e+03
-7.790436800000000403e+03
-9.184734200000000783e+03
-8.345369099999999889e+03
-8.443464099999999235e+03
-5.694523699999999735e+03
-9.799248999999999796e+03
-9.734269700000000739e+03
-1.037746999999999935e+04
-1.077701599999999962e+04
-9.924370699999999488e+03
-1.041261100000000079e+04
-1.116739899999999943e+04
-1.019074300000000039e+04
-1.087128000000000065e+04
-1.131627900000000045e+04
-1.023557999999999993e+04
-1.026762900000000081e+04
-1.119000000000000000e+04
-1.036323199999999997e+04
-1.052806300000000010e+04
-1.008161599999999999e+04
-1.064465200000000004e+04
-1.126841500000000087e+04
-9.831948300000000017e+03
-1.093060599999999977e+04
-8.991635700000000725e+03
-9.813659900000000562e+03
-9.892567999999999302e+03
-8.451555099999999584e+03
-1.045696899999999914e+04
-1.082457799999999952e+04
-1.096749699999999939e+04
-1.072056699999999910e+04
-1.018914300000000003e+04
-9.977752000000000407e+03
-1.050884900000000016e+04
-8.218979999999999563e+03
-8.027451799999999821e+03
-4.399197600000000421e+03
-2.601980500000000120e+03
1.944202099999999973e+03
3.780188000000000102e+03
5.104751800000000003e+03
1.033146899999999914e+04
1.478949799999999959e+04
1.539331500000000051e+04
1.631493499999999949e+04
1.837573500000000058e+04
1.876988300000000163e+04
1.957219099999999889e+04
1.970574100000000180e+04
1.977017599999999948e+04
1.991281799999999930e+04
2.023254599999999846e+04
2.002058699999999953e+04
1.998244700000000012e+04
1.832329699999999866e+04
1.867894499999999971e+04
1.844837800000000061e+04
1.677772699999999895e+04
1.567351200000000063e+04
1.469641300000000047e+04
1.224481699999999910e+04
1.259049599999999919e+04
1.033692499999999927e+04
7.122021800000000439e+03
5.380424799999999777e+03
3.545485000000000127e+03
4.247155300000000352e+03
3.431384300000000167e+03
2.717033800000000156e+03
2.433368199999999888e+03
2.936628400000000056e+03
2.561753900000000158e+03
1.177098899999999958e+03
6.994453099999999495e+02
1.320001999999999953e+03
3.116678299999999808e+02
8.280518299999999954e+02
-2.086202900000000227e+03
1.000950600000000009e+03
-2.824756400000000212e+03
-3.738200800000000072e+03
-1.369564800000000105e+03
-2.958163300000000163e+03
-3.440689499999999953e+03
-3.955925000000000182e+03
-3.467764299999999821e+03
-5.320400999999999840e+03
-5.564549399999999878e+03
-7.230730199999999968e+03
-4.860623700000000099e+03
-5.684840400000000045e+03
-6.218943000000000211e+03
-5.674136999999999716e+03
-7.323988500000000386e+03
-5.707536199999999553e+03
-6.694141400000000431e+03
-5.634110200000000077e+03
-6.012792599999999766e+03
-6.499903100000000450e+03
-7.339898900000000140e+03
-4.699934400000000096e+03
-6.421578800000000228e+03
-6.101839700000000448e+03
-6.124247699999999895e+03
-6.104761800000000221e+03
-6.999364499999999680e+03
-8.027940999999999804e+03
-6.425838899999999740e+03
-6.917794799999999668e+03
-5.454313500000000204e+03
-8.128613800000000083e+03
-5.927226099999999860e+03
-7.784368699999999990e+03
-3.156027599999999893e+03
-6.612508499999999913e+03
-4.124379399999999805e+03
-1.859040099999999939e+03
1.106216599999999971e+03
3.881001800000000003e+03
7.794212499999999636e+03
1.044041200000000026e+04
1.077429399999999987e+04
1.295403399999999965e+04
1.592848300000000017e+04
1.562320000000000073e+04
1.810151299999999901e+04
1.809295400000000154e+04
1.819965499999999884e+04
2.013557600000000093e+04
2.071250400000000081e+04
1.872885099999999875e+04
2.130406100000000151e+04
2.078931899999999951e+04
1.961703399999999965e+04
1.955260900000000038e+04
1.781253700000000026e+04
1.842343600000000151e+04
1.646337900000000081e+04
1.480195999999999913e+04
1.469966300000000047e+04
1.371013999999999942e+04
1.265505800000000090e+04
8.729123600000000806e+03
7.859236499999999978e+03
6.615958200000000033e+03
7.083386700000000019e+03
6.154818699999999808e+03
6.664737600000000384e+03
5.084311399999999594e+03
6.461487900000000081e+03
6.958420199999999568e+03
4.849817100000000210e+03
3.980018700000000081e+03
3.946435599999999795e+03
2.748297099999999773e+03
2.158775200000000041e+03
1.621722600000000057e+03
9.272699699999999439e+02
8.109500900000000456e+02
-1.496061799999999948e+03
1.377614100000000008e+03
-1.668823399999999992e+03
-1.926825100000000020e+03
-1.212463999999999942e+03
-2.797448100000000068e+03
-1.179910300000000007e+03
-3.412075400000000172e+03
-3.974625000000000000e+03
-6.987908000000000357e+03
-4.868487299999999777e+03
-6.323755400000000009e+03
-6.053639799999999923e+03
-4.632948500000000422e+03
-5.038167800000000170e+03
-5.990954200000000128e+03
-4.122161699999999655e+03
-4.489286500000000160e+03
-4.660011400000000322e+03
-5.288491699999999582e+03
-5.910204700000000230e+03
-5.444853699999999662e+03
-6.112540200000000368e+03
-4.239196799999999712e+03
-5.062264699999999721e+03
-5.831235599999999977e+03
-4.271371799999999894e+03
-4.787803200000000288e+03
-5.577864599999999882e+03
-5.819834399999999732e+03
-4.891262899999999718e+03
-4.203350300000000061e+03
-4.276918700000000172e+03
-5.303518900000000031e+03
-6.162606200000000172e+03
-3.858056300000000192e+03
-4.919677700000000186e+03
-2.726124200000000201e+03
-1.003175200000000018e+03
1.668484999999999900e+03
3.853048899999999776e+03
7.780410899999999856e+03
9.695720400000000154e+03
1.217505199999999968e+04
1.386417400000000089e+04
1.588595399999999972e+04
1.729127600000000166e+04
1.778348500000000058e+04
1.781202100000000064e+04
1.927890899999999965e+04
1.693244700000000012e+04
1.843844099999999889e+04
1.901378600000000006e+04
1.849373400000000038e+04
1.736564199999999983e+04
1.637378000000000065e+04
1.692009999999999854e+04
1.584590600000000086e+04
1.199104199999999946e+04
1.154515699999999924e+04
1.138280400000000009e+04
1.056891899999999987e+04
8.563047000000000480e+03
6.567492400000000089e+03
4.361880500000000211e+03
4.530920600000000377e+03
4.810284899999999652e+03
1.946705200000000104e+03
1.836107400000000098e+03
-4.082919699999999921e+02
1.884979700000000093e+03
1.323106299999999919e+03
1.551825499999999920e+03
8.802704899999999952e+02
-4.581037699999999973e+02
6.399172300000000178e+02
-2.666507799999999861e+03
-1.797234899999999925e+03
-8.111910800000000563e+02
-2.083133600000000115e+03
-2.860900999999999840e+03
-4.296130000000000109e+03
-4.936776499999999942e+03
-4.115619099999999889e+03
-4.789856899999999769e+03
-5.511397399999999834e+03
-5.269789499999999862e+03
-5.946636700000000019e+03
-5.710402299999999741e+03
-5.068146099999999933e+03
-5.713519900000000234e+03
-6.170365899999999783e+03
-6.698369499999999789e+03
-6.692179900000000089e+03
-6.239670399999999972e+03
-6.344018399999999929e+03
-6.779562399999999798e+03
-5.897027900000000045e+03
-5.916548899999999776e+03
-6.096614700000000084e+03
-6.913918700000000172e+03
-5.698887099999999919e+03
-6.819703199999999924e+03
-6.891229800000000068e+03
-6.069294200000000274e+03
-7.354295500000000175e+03
-8.848693300000000818e+03
-8.022494700000000194e+03
-9.546318600000000515e+03
-9.124647499999999127e+03
-9.454170000000000073e+03
-1.101729500000000007e+04
-8.615103199999999561e+03
-9.578814200000000710e+03
-1.023782200000000012e+04
-9.712908100000000559e+03
-8.739810400000000300e+03
-8.480513300000000527e+03
-6.198153400000000147e+03
-3.565935899999999947e+03
-1.255457499999999982e+03
7.195435199999999440e+02
1.957939900000000080e+03
5.697213399999999638e+03
7.166115499999999884e+03
7.412280800000000454e+03
1.074613099999999940e+04
1.251505299999999988e+04
1.416340600000000086e+04
1.270219199999999910e+04
9.960958599999999933e+03
1.451887299999999959e+04
1.367243300000000090e+04
1.408187500000000000e+04
1.354849699999999939e+04
1.389258300000000054e+04
1.321213899999999921e+04
1.201471099999999933e+04
1.205051499999999942e+04
7.455802499999999782e+03
8.322302499999999782e+03
5.768780499999999847e+03
3.369642100000000028e+03
5.134817900000000463e+02
2.599886999999999944e+02
5.039679399999999987e+02
1.516913399999999911e+03
1.700985300000000052e+03
5.230087099999999509e+02
-5.794507099999999689e+00
2.384526500000000055e+02
-1.370510600000000068e+03
-1.699564699999999903e+03
-2.562222499999999741e+02
-2.611229200000000219e+03
-2.490314100000000053e+03
-3.099390300000000025e+03
-3.597307400000000143e+03
-6.858342599999999948e+03
-4.901445099999999911e+03
-5.133131999999999607e+03
-5.152891800000000330e+03
-6.374834300000000439e+03
-5.260228100000000268e+03
-7.440373400000000402e+03
-5.978937799999999697e+03
-7.745217700000000150e+03
-7.539370499999999993e+03
-7.916466999999999643e+03
-8.088007800000000316e+03
-7.225474599999999555e+03
-7.772779499999999643e+03
-8.583041300000000774e+03
-7.112239300000000185e+03
-7.896875399999999900e+03
-8.806588999999999942e+03
-8.731650299999999334e+03
-8.350760000000000218e+03
-1.062661499999999978e+04
-9.562725599999999758e+03
-9.848251000000000204e+03
-1.017970099999999911e+04
-9.114369599999999991e+03
-1.044427900000000045e+04
-1.141896199999999953e+04
-1.108473099999999977e+04
-1.065826499999999942e+04
-1.023028499999999985e+04
-1.027472099999999955e+04
-1.138285599999999977e+04
-1.328553700000000026e+04
-1.177358599999999933e+04
-1.213091300000000047e+04
-1.393543100000000049e+04
-1.254230999999999949e+04
-1.191666699999999946e+04
-1.076052100000000064e+04
-9.789595600000000559e+03
-8.138914499999999862e+03
-4.503614800000000287e+03
-3.249415199999999913e+03
-2.469759300000000167e+03
2.652142899999999827e+03
4.434306400000000394e+03
6.067765900000000329e+03
7.105530200000000150e+03
1.051162000000000080e+04
1.173535100000000057e+04
1.309049400000000060e+04
1.447162700000000041e+04
1.212308599999999933e+04
1.582022500000000036e+04
1.288541100000000006e+04
1.453025799999999981e+04
1.499105999999999949e+04
1.192825100000000020e+04
1.177043900000000031e+04
1.193538800000000083e+04
9.248428499999999985e+03
7.167227600000000166e+03
6.381389500000000226e+03
5.246068500000000313e+03
5.177194499999999607e+03
4.473764799999999923e+03
3.507295000000000073e+03
2.332056199999999990e+03
2.608115800000000036e+03
1.151799299999999903e+03
1.090264499999999998e+03
1.997297499999999900e+03
1.710722999999999956e+03
1.249673999999999978e+03
2.846959899999999834e+03
9.889323500000000422e+02
-3.732796399999999721e+02
-1.753716699999999946e+02
-2.737728799999999865e+03
-1.036461199999999963e+03
-6.827068799999999555e+02
-1.343398100000000113e+03
-1.564741600000000062e+03
-2.555901199999999790e+03
-1.071700100000000020e+03
-2.671138500000000022e+03
-2.241636500000000069e+03
-2.908621399999999994e+03
-2.166599700000000212e+03
-4.131877499999999600e+03
-2.173840999999999894e+03
-5.379525599999999940e+03
-5.496007300000000214e+03
-4.304446799999999712e+03
-4.708917199999999866e+03
-3.657679399999999987e+03
-4.617586299999999937e+03
-3.048219599999999900e+03
-4.525992699999999786e+03
-4.562525300000000243e+03
-3.861850800000000163e+03
-4.141868900000000394e+03
-5.551034800000000359e+03
-3.197549899999999980e+03
-3.678440000000000055e+03
-4.317854099999999562e+03
-5.879204499999999825e+03
-3.428465000000000146e+03
-5.425068299999999908e+03
-5.610636199999999917e+03
-3.282940500000000156e+03
-6.263668999999999869e+03
-7.154708700000000135e+03
-5.879418899999999667e+03
-4.433329499999999825e+03
-3.325569399999999860e+03
-3.895236199999999826e+03
-3.840251099999999951e+03
-1.387988800000000083e+03
-4.155681400000000281e+02
9.867695700000000443e+02
5.941362199999999575e+03
8.250862800000000789e+03
9.886137800000000425e+03
1.404084900000000016e+04
1.376151399999999921e+04
1.642620100000000093e+04
1.646091700000000128e+04
1.644345200000000114e+04
1.766902400000000125e+04
1.840860399999999936e+04
1.709140499999999884e+04
1.812126499999999942e+04
2.009627300000000105e+04
1.912129599999999846e+04
1.786270699999999852e+04
1.786199899999999980e+04
1.758838100000000122e+04
1.631036499999999978e+04
1.557831899999999951e+04
1.539738199999999961e+04
1.279927299999999923e+04
1.068042799999999988e+04
1.126134499999999935e+04
9.546658900000000358e+03
9.913430000000000291e+03
8.856329599999999118e+03
6.590966400000000249e+03
4.028080500000000029e+03
5.645422199999999975e+03
5.245393699999999626e+03
2.601413000000000011e+03
4.124472799999999552e+03
5.185140800000000127e+03
2.547975500000000011e+03
2.750463999999999942e+03
3.707204699999999775e+03
-5.819385200000000395e+02
5.494852099999999950e+01
2.043493899999999940e+03
-8.735647999999999911e+02
5.312610100000000557e+02
2.992945300000000088e+02
-1.980557800000000043e+03
-9.907576099999999997e+02
-8.993752299999999877e+02
-1.467734500000000025e+03
-2.620249299999999948e+03
-2.595260600000000068e+03
-3.026254800000000159e+03
-3.475844399999999951e+03
-3.614295399999999972e+03
-3.456880400000000009e+03
-4.383493499999999585e+03
-2.778486300000000028e+03
-3.731812199999999848e+03
-4.640329800000000432e+03
-4.591818599999999606e+03
-6.561397100000000137e+03
-4.752600800000000163e+03
-3.263793799999999919e+03
-4.190926900000000387e+03
-2.790565500000000156e+03
-4.182834200000000237e+03
-2.927885400000000118e+03
-4.005072400000000016e+03
-4.894159300000000258e+03
-5.035305800000000090e+03
-4.578794200000000274e+03
-5.776551900000000387e+03
-5.137628700000000208e+03
-4.842996699999999691e+03
-7.574816600000000108e+03
-6.798136999999999716e+03
-6.664308100000000195e+03
-7.016828499999999622e+03
-7.227207400000000234e+03
-7.005634799999999814e+03
-3.323027399999999943e+03
-4.795407599999999547e+03
-1.209488800000000083e+03
1.415917799999999943e+03
6.896004100000000108e+03
7.315340600000000450e+03
8.694074699999999211e+03
1.129518100000000049e+04
1.469996600000000035e+04
1.418592400000000089e+04
1.543842100000000028e+04
1.608088299999999981e+04
1.734605099999999948e+04
1.675218500000000131e+04
1.626918000000000029e+04
1.713346900000000096e+04
1.599258300000000054e+04
1.671840799999999945e+04
1.770944700000000012e+04
1.450035800000000017e+04
1.489060599999999977e+04
1.530195099999999911e+04
1.178501800000000003e+04
1.042764500000000044e+04
8.747635000000000218e+03
8.674645899999999529e+03
6.124450200000000223e+03
5.194493900000000394e+03
5.513792499999999563e+03
4.097173899999999776e+03
3.350965000000000146e+03
1.851784699999999930e+03
4.173882099999999809e+03
3.019839899999999943e+03
2.116215000000000146e+03
2.598613699999999881e+03
2.270391099999999824e+03
2.111374499999999898e+03
8.251218000000000075e+02
-7.618821100000000115e+02
-2.438118500000000040e+03
-2.494856900000000223e+03
-2.982417699999999968e+03
-1.760318700000000035e+03
-2.270897800000000188e+03
-1.815172900000000027e+03
-2.096837100000000191e+03
-2.697839899999999943e+03
-3.004832600000000184e+03
-3.845799700000000030e+03
-3.366530299999999897e+03
-5.142560400000000300e+03
-4.463239499999999680e+03
-5.098086699999999837e+03
-4.336129100000000108e+03
-4.923013899999999921e+03
-5.481386499999999614e+03
-6.950535399999999754e+03
-5.758524000000000342e+03
-6.419290899999999965e+03
-5.459660399999999754e+03
-6.302002900000000409e+03
-7.166713099999999940e+03
-6.523443299999999908e+03
-5.396518399999999929e+03
-5.829160200000000259e+03
-6.185792699999999968e+03
-6.790193100000000413e+03
-6.892399199999999837e+03
-6.643477799999999661e+03
-7.196103500000000167e+03
-7.355272500000000036e+03
-6.536165799999999763e+03
-7.101978699999999662e+03
-7.058748899999999594e+03
-7.401156399999999849e+03
-1.040455700000000070e+04
-6.526738099999999577e+03
-8.110960699999999633e+03
-7.512989599999999882e+03
-4.748601800000000367e+03
-4.193833499999999731e+03
-3.204149100000000089e+03
9.413155699999999797e+02
8.759202400000000353e+02
4.259898000000000138e+03
7.176389799999999923e+03
8.697841399999999339e+03
1.174204600000000028e+04
1.168744700000000012e+04
1.379519299999999930e+04
1.537179099999999926e+04
1.510401900000000023e+04
1.774036799999999857e+04
1.701501900000000023e+04
1.684075300000000061e+04
1.514452700000000004e+04
1.491491100000000006e+04
1.461978900000000067e+04
1.302710399999999936e+04
1.343623300000000017e+04
1.170433899999999994e+04
8.229083399999999529e+03
1.008655899999999929e+04
6.008294200000000274e+03
4.286307399999999689e+03
3.767657799999999952e+03
4.204078099999999722e+03
3.693257900000000063e+03
4.366794499999999744e+02
7.182177699999999732e+02
6.191312700000000291e+01
-5.633702799999999797e+02
-2.150137600000000020e+03
-2.862481800000000021e+03
-1.394203600000000051e+03
-1.396000199999999950e+03
-1.138824499999999944e+03
-3.608812699999999950e+03
-3.277715499999999793e+03
-4.387032199999999648e+03
-3.983282400000000052e+03
-5.346983599999999569e+03
-4.536042099999999664e+03
-4.787287199999999757e+03
-6.138362100000000282e+03
-6.046996900000000096e+03
-4.838621799999999894e+03
-7.107888399999999820e+03
-6.990282199999999648e+03
-8.730716800000000148e+03
-7.792672700000000077e+03
-7.823308699999999590e+03
-1.037695900000000074e+04
-8.265109700000000885e+03
-8.683640900000000329e+03
-9.292559400000000096e+03
-9.355851899999999659e+03
-1.226048899999999958e+04
-8.749686700000000201e+03
-1.040938700000000063e+04
-9.327090399999999136e+03
-1.050921500000000015e+04
-9.769818699999999808e+03
-1.042048699999999917e+04
-1.105973199999999997e+04
-1.117735599999999977e+04
-9.573150600000000850e+03
-1.058930199999999968e+04
-1.095738199999999961e+04
-9.848855400000000373e+03
-9.667081799999999930e+03
-9.950493899999999485e+03
-8.531444199999999910e+03
-9.805724399999999150e+03
-9.869332399999999325e+03
-9.901619699999999284e+03
-9.224552299999999377e+03
-6.462510400000000118e+03
-4.721496500000000196e+03
-1.873424899999999980e+03
1.799171299999999974e+03
5.202599799999999959e+03
7.897931700000000092e+03
1.230976599999999962e+04
1.686221800000000076e+04
1.621840099999999984e+04
1.914047200000000157e+04
2.224660699999999997e+04
2.022091999999999825e+04
2.134967599999999948e+04
2.060450600000000122e+04
2.116025800000000163e+04
2.193502400000000125e+04
2.090653600000000006e+04
2.110425000000000000e+04
2.003602600000000166e+04
2.022505400000000009e+04
1.774534600000000137e+04
1.703616300000000047e+04
1.662261799999999857e+04
1.599268900000000031e+04
1.336235800000000017e+04
1.082099200000000019e+04
1.171801900000000023e+04
8.515017900000000736e+03
6.846822600000000421e+03
4.986426400000000285e+03
4.942780800000000454e+03
5.545166199999999662e+03
4.616040899999999965e+03
5.029823099999999613e+03
2.834871000000000095e+03
2.019399699999999939e+03
3.153048899999999776e+03
2.161878499999999804e+03
7.604158200000000534e+02
2.811059799999999882e+02
1.585531500000000051e+03
1.342220800000000054e+03
1.415885700000000043e+03
-2.695663599999999860e+03
-1.630435799999999972e+03
-1.845306499999999915e+03
-1.898211800000000039e+03
-4.766133499999999913e+03
-3.740813200000000052e+03
-4.876101399999999558e+03
-5.156452900000000227e+03
-4.292155399999999645e+03
-6.860582000000000335e+03
-6.485163800000000265e+03
-6.062565400000000409e+03
-7.587953400000000329e+03
-5.605100499999999556e+03
-6.945645900000000438e+03
-7.372283999999999651e+03
-5.582068100000000413e+03
-6.328271700000000237e+03
-6.938559000000000196e+03
-6.968710000000000036e+03
-6.027227700000000368e+03
-8.678089700000000448e+03
-8.700489499999999680e+03
-6.830992299999999886e+03
-8.660437200000000303e+03
-6.985918599999999969e+03
-4.777588999999999942e+03
-7.691546000000000276e+03
-7.237070099999999911e+03
-7.504731200000000172e+03
-8.674858899999999267e+03
-8.144015999999999622e+03
-7.771737399999999980e+03
-8.494124100000000908e+03
-8.496615499999999884e+03
