6.325663699999999778e+01
6.377721600000000279e+01
6.399606399999999695e+01
6.572242400000000373e+01
6.457662799999999947e+01
6.109913900000000098e+01
6.261086499999999688e+01
6.091978900000000152e+01
6.143063899999999933e+01
6.192587000000000330e+01
6.204921000000000220e+01
6.219664900000000074e+01
6.149500299999999697e+01
6.285042200000000179e+01
5.876364000000000232e+01
6.150641699999999901e+01
5.930602900000000233e+01
5.954821799999999854e+01
5.947473099999999846e+01
6.106198599999999743e+01
5.827954400000000135e+01
6.076724300000000056e+01
5.715487300000000204e+01
5.855037300000000045e+01
6.232758100000000212e+01
6.131548599999999993e+01
5.892800799999999839e+01
5.827412600000000253e+01
5.782533399999999801e+01
5.987871299999999763e+01
6.026207000000000136e+01
5.802018000000000342e+01
5.980038400000000109e+01
5.926303300000000007e+01
5.771494500000000016e+01
5.930220299999999867e+01
5.855959500000000162e+01
5.977241500000000229e+01
5.919133099999999814e+01
5.957456499999999977e+01
5.956307799999999730e+01
5.917668700000000115e+01
5.944914700000000352e+01
5.821701999999999799e+01
5.892592100000000244e+01
5.946676500000000232e+01
5.983498500000000320e+01
5.942065800000000309e+01
5.823016599999999698e+01
5.854191099999999892e+01
5.829178499999999730e+01
5.918787100000000123e+01
5.668646799999999786e+01
5.821091100000000296e+01
5.970486799999999761e+01
5.870998199999999656e+01
5.786785100000000170e+01
5.985593099999999822e+01
5.890958599999999734e+01
5.935400599999999827e+01
5.923794399999999882e+01
5.929455000000000098e+01
5.768868499999999955e+01
5.884769399999999706e+01
5.616277699999999840e+01
5.743169699999999978e+01
5.894232399999999927e+01
5.784433599999999842e+01
5.833437399999999684e+01
5.813072400000000073e+01
5.811476600000000303e+01
5.785517999999999716e+01
6.073477100000000206e+01
5.693314800000000275e+01
5.613412199999999785e+01
5.625932300000000197e+01
5.477081600000000350e+01
5.610216199999999986e+01
5.706485700000000350e+01
5.709842499999999887e+01
5.433009799999999956e+01
5.540733000000000175e+01
5.679211999999999705e+01
5.954033900000000301e+01
5.545656300000000272e+01
5.494223600000000118e+01
5.505149500000000273e+01
5.654423899999999747e+01
5.335194099999999651e+01
5.692423300000000097e+01
5.807533999999999708e+01
5.887735299999999938e+01
6.084465600000000052e+01
5.917361999999999966e+01
6.282997100000000046e+01
6.420650799999999947e+01
6.499252099999999643e+01
6.634229200000000048e+01
6.775592799999999727e+01
7.176793100000000436e+01
7.274799000000000149e+01
7.253117299999999545e+01
7.216634799999999927e+01
7.552231500000000608e+01
7.653914899999999477e+01
7.699718000000000018e+01
7.867061599999999544e+01
7.982602699999999629e+01
7.942942999999999643e+01
8.083647200000000055e+01
8.236013900000000376e+01
8.071653999999999485e+01
8.345215299999999559e+01
8.357446299999999439e+01
8.357879499999999950e+01
8.263660799999999540e+01
8.562678099999999404e+01
8.641664299999999344e+01
8.625261399999999412e+01
8.494705399999999429e+01
8.620178400000000352e+01
8.584717399999999543e+01
8.808229799999999443e+01
8.769231800000000021e+01
8.857925699999999836e+01
8.903060000000000684e+01
9.114684900000000312e+01
8.976483299999999588e+01
9.090450400000000286e+01
9.173112100000000169e+01
9.022271200000000135e+01
9.229317199999999843e+01
9.244687600000000316e+01
9.351045700000000238e+01
9.208221500000000503e+01
9.160520699999999295e+01
9.215060800000000540e+01
9.230532499999999629e+01
9.321432599999999979e+01
9.125968000000000302e+01
8.964178699999999367e+01
8.697001799999999605e+01
9.176866599999999607e+01
8.873953799999999603e+01
8.804394000000000631e+01
8.692843000000000586e+01
8.475979399999999941e+01
8.291325000000000500e+01
8.317588700000000301e+01
8.211697700000000566e+01
8.039765300000000536e+01
7.950566200000000094e+01
7.881577500000000214e+01
7.733047600000000443e+01
7.685536700000000110e+01
7.682206100000000504e+01
7.459650299999999845e+01
7.554094200000000114e+01
7.484757799999999861e+01
7.407400400000000218e+01
7.563567100000000210e+01
7.260431800000000635e+01
7.028986100000000192e+01
7.235970199999999863e+01
6.950809099999999319e+01
7.149987400000000548e+01
6.889439000000000135e+01
6.905372099999999591e+01
6.701396800000000553e+01
7.051460400000000561e+01
6.921784800000000359e+01
6.736956800000000101e+01
6.608783900000000244e+01
6.649212900000000559e+01
6.536090500000000247e+01
6.791121400000000108e+01
6.552610699999999611e+01
6.474760899999999708e+01
6.664337299999999686e+01
6.522902600000000461e+01
6.590983500000000106e+01
6.535494300000000578e+01
6.403554599999999652e+01
6.706419900000000212e+01
6.620639699999999550e+01
6.374598100000000045e+01
6.284920000000000329e+01
6.060397999999999996e+01
6.456839800000000196e+01
6.310187499999999972e+01
6.399300600000000117e+01
6.411924199999999985e+01
5.994189500000000237e+01
6.274475100000000083e+01
6.131265899999999647e+01
6.373541000000000167e+01
6.300839299999999810e+01
6.382750000000000057e+01
6.274218400000000173e+01
6.212034599999999784e+01
6.081087200000000337e+01
6.261205900000000213e+01
6.139427299999999832e+01
6.108379699999999701e+01
6.175607399999999814e+01
5.824328299999999814e+01
5.797036200000000150e+01
6.157556600000000202e+01
5.911714200000000119e+01
5.968011299999999864e+01
5.964099399999999918e+01
6.015185900000000174e+01
6.111801200000000023e+01
5.975536100000000062e+01
5.876629100000000250e+01
5.901813700000000296e+01
5.869375399999999843e+01
5.808861199999999769e+01
6.153218999999999994e+01
5.982374000000000080e+01
6.080422899999999942e+01
6.136272900000000163e+01
6.087373300000000143e+01
6.427091599999999971e+01
6.139758700000000147e+01
6.125368199999999774e+01
6.137640999999999991e+01
5.988347900000000124e+01
5.876902100000000218e+01
6.168294300000000163e+01
5.890701599999999871e+01
5.880372799999999955e+01
6.065805600000000197e+01
6.183144999999999669e+01
5.977932700000000210e+01
5.850779200000000202e+01
5.987816200000000322e+01
5.665095000000000169e+01
5.928673799999999972e+01
5.788032199999999960e+01
5.815819799999999873e+01
5.726627400000000279e+01
5.890714599999999734e+01
5.916690100000000285e+01
5.911048300000000211e+01
5.868641999999999825e+01
5.688844699999999932e+01
5.777609999999999957e+01
5.685698000000000008e+01
5.644956400000000230e+01
5.853504499999999666e+01
5.896528599999999898e+01
5.722327400000000353e+01
5.841609400000000107e+01
5.556741800000000353e+01
5.814428800000000308e+01
5.914037499999999881e+01
5.741381100000000259e+01
5.554099300000000028e+01
5.707811199999999729e+01
5.741199600000000203e+01
5.891078000000000259e+01
5.468681600000000032e+01
5.694414400000000143e+01
5.745718699999999757e+01
5.384152499999999719e+01
5.864161599999999908e+01
5.822998299999999716e+01
5.666924600000000112e+01
5.728246599999999944e+01
5.927520700000000176e+01
5.841886300000000176e+01
6.042559299999999922e+01
6.108946300000000207e+01
6.339954699999999832e+01
6.816708800000000679e+01
6.835836899999999616e+01
6.678031799999999407e+01
6.812416000000000338e+01
6.852465399999999818e+01
7.081098900000000640e+01
7.393797299999999950e+01
7.478015399999999602e+01
7.341831999999999425e+01
7.790001900000000035e+01
7.626713700000000529e+01
7.704910300000000234e+01
7.977224400000000060e+01
8.007664499999999919e+01
8.317503399999999658e+01
8.187800199999999506e+01
8.207166200000000345e+01
8.511343899999999962e+01
8.396235500000000229e+01
8.674880400000000691e+01
8.717726299999999640e+01
8.625548600000000476e+01
8.719710499999999342e+01
8.944681400000000338e+01
8.729427099999999484e+01
9.071271099999999876e+01
9.002005099999999516e+01
9.171221300000000554e+01
9.166694599999999582e+01
9.250288199999999961e+01
9.241626200000000324e+01
9.193134700000000237e+01
9.470451099999999656e+01
9.351539999999999964e+01
9.506118800000000135e+01
9.607759299999999314e+01
9.396921600000000296e+01
9.690546700000000158e+01
9.377112999999999943e+01
9.576407399999999370e+01
9.802681800000000578e+01
9.605257400000000700e+01
9.286387100000000316e+01
9.525471699999999942e+01
9.749819899999999961e+01
9.609084199999999498e+01
9.625911800000000085e+01
9.230074999999999363e+01
9.553190700000000390e+01
9.272741399999999601e+01
9.259324300000000108e+01
8.928254300000000399e+01
8.686970900000000029e+01
8.784677200000000141e+01
8.591931700000000660e+01
8.255688399999999660e+01
8.594689499999999782e+01
8.250250900000000343e+01
8.263251499999999794e+01
7.922827399999999898e+01
7.749003500000000599e+01
7.560505899999999713e+01
7.927963699999999392e+01
7.607589000000000112e+01
7.654682999999999993e+01
7.527433299999999861e+01
7.454401500000000169e+01
7.462909299999999746e+01
7.319384599999999352e+01
7.176209699999999714e+01
6.985447100000000376e+01
7.022292199999999696e+01
7.072145799999999838e+01
6.960641800000000501e+01
6.967159700000000555e+01
6.803281599999999685e+01
7.150167199999999923e+01
6.860439399999999921e+01
6.594284600000000296e+01
6.644979700000000378e+01
6.988887900000000286e+01
6.669017300000000148e+01
6.726320099999999513e+01
6.756799599999999373e+01
6.775541499999999928e+01
6.794116699999999298e+01
6.778454600000000596e+01
6.812900799999999890e+01
6.563127500000000225e+01
6.641428200000000004e+01
6.516516599999999926e+01
6.306076900000000052e+01
6.462626500000000362e+01
6.491983899999999608e+01
6.310906299999999902e+01
6.582172699999999566e+01
6.454370500000000277e+01
6.283220000000000027e+01
6.588946599999999876e+01
6.233116600000000318e+01
6.557032700000000602e+01
6.397760799999999648e+01
6.212138800000000316e+01
6.036487600000000242e+01
6.356863100000000344e+01
6.036822399999999789e+01
6.376963599999999843e+01
6.330440200000000317e+01
6.420058600000000126e+01
6.167540900000000192e+01
6.220191200000000009e+01
6.351604300000000336e+01
6.397119800000000112e+01
6.044444800000000129e+01
6.137007100000000293e+01
6.341307100000000219e+01
6.377441600000000221e+01
6.284385100000000079e+01
6.142556799999999839e+01
6.183382000000000289e+01
6.559273000000000309e+01
6.030742899999999906e+01
6.226367299999999716e+01
6.293721000000000032e+01
6.391031499999999710e+01
6.291410799999999881e+01
6.306365900000000124e+01
6.283571899999999744e+01
6.418928599999999562e+01
6.031173100000000176e+01
6.220075800000000044e+01
6.267685000000000173e+01
6.021725800000000106e+01
6.132128900000000016e+01
6.331757600000000252e+01
6.001142399999999810e+01
6.211045299999999969e+01
6.242894600000000338e+01
5.966418500000000336e+01
5.951156499999999738e+01
6.187089199999999778e+01
6.188688100000000247e+01
5.711888100000000179e+01
6.128730000000000189e+01
5.766982900000000001e+01
5.973293300000000272e+01
6.204472200000000015e+01
5.943808700000000300e+01
5.990587899999999877e+01
5.701438399999999973e+01
5.873047400000000096e+01
5.985143099999999805e+01
6.123019500000000193e+01
5.739317199999999985e+01
5.767105399999999804e+01
6.062518599999999935e+01
5.732858199999999727e+01
5.911028600000000210e+01
5.884555399999999992e+01
6.048814000000000135e+01
5.772511099999999828e+01
5.758151000000000153e+01
5.894829800000000120e+01
5.845301899999999762e+01
5.712562799999999896e+01
5.845396999999999821e+01
5.608876800000000173e+01
5.735151700000000119e+01
5.702896799999999899e+01
5.722802200000000283e+01
5.770163999999999760e+01
5.964798300000000353e+01
5.577281899999999837e+01
5.878886099999999715e+01
5.589371500000000026e+01
5.860630599999999646e+01
5.978392900000000054e+01
5.996080099999999646e+01
6.103707599999999900e+01
6.085271099999999933e+01
6.237738399999999928e+01
6.280802700000000272e+01
6.466267999999999461e+01
6.811887000000000114e+01
7.197249700000000416e+01
7.155514499999999600e+01
7.278364600000000451e+01
7.492975900000000422e+01
7.374901599999999746e+01
7.669262700000000166e+01
7.591581999999999653e+01
7.906319200000000080e+01
8.008820500000000209e+01
8.066060199999999725e+01
8.119997399999999743e+01
8.275032400000000621e+01
8.294358599999999626e+01
8.445336399999999344e+01
8.397469999999999857e+01
8.727074500000000512e+01
8.944995600000000024e+01
8.671641800000000444e+01
8.783401000000000636e+01
8.938403200000000481e+01
8.868361799999999562e+01
8.833863700000000563e+01
8.899673799999999346e+01
8.957081300000000113e+01
9.463047799999999654e+01
9.316845600000000616e+01
9.518264800000000037e+01
9.504056599999999833e+01
9.581095600000000445e+01
9.637507600000000707e+01
9.661689900000000364e+01
9.794108400000000358e+01
9.854858199999999613e+01
9.818907799999999497e+01
9.848940199999999834e+01
9.978257499999999425e+01
9.889335699999999463e+01
9.841375299999999982e+01
1.012281399999999962e+02
9.927000499999999761e+01
9.857644500000000676e+01
9.991141600000000267e+01
1.010372500000000002e+02
9.812593400000000088e+01
9.872616200000000219e+01
9.464449799999999868e+01
9.421198699999999349e+01
9.439826100000000508e+01
9.304096099999999581e+01
9.374877800000000150e+01
9.132885100000000023e+01
8.914798100000000147e+01
8.754071399999999414e+01
8.629279200000000571e+01
8.558131199999999694e+01
8.437474500000000432e+01
8.430469999999999686e+01
8.134091899999999953e+01
8.304670500000000288e+01
7.929174899999999582e+01
7.866347600000000284e+01
7.837364800000000287e+01
7.563637799999999345e+01
7.718636300000000006e+01
7.551305499999999427e+01
7.852999900000000366e+01
7.265036200000000122e+01
7.525233900000000631e+01
7.551466100000000381e+01
7.112801299999999571e+01
7.147188900000000444e+01
7.243239800000000628e+01
7.150895599999999774e+01
7.318608000000000402e+01
6.941971200000000408e+01
7.083548399999999390e+01
6.920888399999999763e+01
7.096714400000000467e+01
6.908457699999999591e+01
6.974382500000000107e+01
6.824644299999999930e+01
6.745104899999999759e+01
7.004592700000000605e+01
6.718421700000000385e+01
6.631947200000000464e+01
6.793619200000000546e+01
6.846168400000000531e+01
6.470689699999999789e+01
6.750960299999999847e+01
6.411071099999999490e+01
6.584288300000000049e+01
6.546670399999999290e+01
6.444744900000000598e+01
6.559190800000000365e+01
6.663438800000000128e+01
6.184249299999999749e+01
6.673890500000000259e+01
6.626755199999999491e+01
6.336213899999999910e+01
6.520481900000000053e+01
6.472686000000000206e+01
6.484267300000000489e+01
6.371650000000000347e+01
6.436469300000000260e+01
6.358666800000000308e+01
6.658916000000000679e+01
6.532583800000000451e+01
6.328848700000000349e+01
6.434550199999999620e+01
6.257649399999999673e+01
6.321466199999999702e+01
6.528028999999999371e+01
6.430576899999999796e+01
6.360876999999999981e+01
6.381597099999999756e+01
6.354541199999999890e+01
6.253129299999999802e+01
6.519055099999999925e+01
6.402312399999999570e+01
6.097651199999999960e+01
6.244827699999999737e+01
6.140716199999999958e+01
6.066116900000000101e+01
6.263178099999999660e+01
6.175780999999999921e+01
6.336897499999999894e+01
6.249817500000000337e+01
6.319719299999999862e+01
6.561307200000000250e+01
6.470196599999999876e+01
6.416987299999999550e+01
6.347634899999999902e+01
6.365252499999999714e+01
6.637977999999999668e+01
6.339744799999999714e+01
6.143141599999999869e+01
6.237352700000000283e+01
6.087872899999999987e+01
6.303934699999999935e+01
6.194612300000000005e+01
6.026171099999999825e+01
6.448982999999999777e+01
6.101507200000000353e+01
6.140628000000000242e+01
6.209977800000000059e+01
6.010676600000000036e+01
6.079203199999999896e+01
6.146715700000000027e+01
6.134591300000000302e+01
6.165244100000000316e+01
6.107229199999999736e+01
5.894573700000000116e+01
5.980586199999999764e+01
6.192331699999999728e+01
6.147846100000000291e+01
5.974730699999999928e+01
5.820540499999999895e+01
5.905001500000000192e+01
5.838970299999999725e+01
6.042242499999999694e+01
5.926378400000000113e+01
5.744080300000000250e+01
5.917378200000000277e+01
5.808614800000000145e+01
5.889904200000000145e+01
6.062731500000000295e+01
5.834502100000000269e+01
5.772266400000000175e+01
5.765037000000000234e+01
5.647508599999999745e+01
6.035854199999999992e+01
5.702163199999999676e+01
5.849331999999999709e+01
5.913298799999999744e+01
5.912989799999999718e+01
5.953334699999999913e+01
6.285347900000000010e+01
6.005633100000000013e+01
6.455874400000000435e+01
6.226961500000000171e+01
6.641636200000000656e+01
6.639826999999999657e+01
7.155261099999999885e+01
7.179210199999999986e+01
7.332138999999999385e+01
7.332605499999999665e+01
7.556302399999999864e+01
7.819552400000000603e+01
7.743813699999999756e+01
7.839365499999999543e+01
8.216541499999999587e+01
8.190538499999999544e+01
8.230733600000000649e+01
8.568585199999999702e+01
8.683739400000000330e+01
8.566609099999999444e+01
8.891190500000000441e+01
8.680265300000000650e+01
8.828522300000000200e+01
8.949866000000000099e+01
8.982345100000000571e+01
8.975558399999999892e+01
9.051233499999999310e+01
9.215973599999999522e+01
9.371939500000000578e+01
9.392992800000000386e+01
9.565087499999999920e+01
9.671880799999999567e+01
9.778621499999999855e+01
9.838299800000000062e+01
9.698682900000000018e+01
1.005863099999999974e+02
1.002558199999999999e+02
1.011387000000000000e+02
1.012912699999999973e+02
1.020936700000000030e+02
1.023564400000000063e+02
1.025923499999999962e+02
1.045899200000000064e+02
1.022223199999999963e+02
1.043472000000000008e+02
1.039116800000000040e+02
1.033728299999999933e+02
1.047043599999999941e+02
1.056542599999999936e+02
1.015893599999999992e+02
1.036796599999999984e+02
1.035571199999999976e+02
1.007594899999999996e+02
9.887186400000000219e+01
9.965781900000000348e+01
9.652127199999999618e+01
9.562460900000000663e+01
9.446998000000000673e+01
9.170319800000000043e+01
9.037903099999999768e+01
9.207864100000000462e+01
9.250453600000000165e+01
8.562781999999999982e+01
8.613536600000000476e+01
8.698629599999999584e+01
8.383544500000000710e+01
8.242149299999999812e+01
8.210809999999999320e+01
8.167283799999999871e+01
7.932456700000000183e+01
7.772993599999999503e+01
7.834296799999999905e+01
7.835312899999999559e+01
7.649926899999999819e+01
7.649571299999999496e+01
7.308449699999999893e+01
7.532439700000000471e+01
7.279966600000000199e+01
7.433236899999999991e+01
6.999484999999999957e+01
7.494212500000000432e+01
7.299531899999999496e+01
7.394233699999999487e+01
7.383833900000000483e+01
7.239051000000000613e+01
7.323057599999999923e+01
7.238849000000000444e+01
7.015770399999999540e+01
6.843208199999999408e+01
7.071740900000000352e+01
7.063386599999999760e+01
7.168874200000000485e+01
6.766924400000000617e+01
7.097479199999999366e+01
7.108851699999999596e+01
7.030567399999999623e+01
7.021095499999999845e+01
6.930272600000000693e+01
6.815747299999999598e+01
6.899282100000000639e+01
6.777684100000000456e+01
6.797082000000000335e+01
6.855011500000000524e+01
6.972752699999999493e+01
6.744547000000000025e+01
6.755849800000000016e+01
6.721624599999999816e+01
6.790128400000000397e+01
6.907080700000000206e+01
6.690516200000000424e+01
6.661250599999999622e+01
6.613015799999999444e+01
6.694923900000000572e+01
6.399552099999999655e+01
6.491475900000000365e+01
6.763177799999999706e+01
6.556900400000000673e+01
6.679427200000000653e+01
6.452697200000000066e+01
6.664137100000000657e+01
6.494544299999999737e+01
6.620721600000000251e+01
6.753398099999999715e+01
6.478176899999999705e+01
6.618116999999999450e+01
6.351270099999999985e+01
6.428878699999999924e+01
6.508925999999999590e+01
6.476087499999999864e+01
6.512206799999999873e+01
6.551904799999999796e+01
6.336057300000000225e+01
6.471558400000000688e+01
6.311916999999999689e+01
6.507154599999999789e+01
6.450718500000000688e+01
6.477717400000000225e+01
6.447242400000000373e+01
6.220579500000000195e+01
6.459647400000000061e+01
6.455800100000000441e+01
6.536597700000000088e+01
6.409083800000000508e+01
6.390490100000000240e+01
6.461562499999999432e+01
6.419836200000000304e+01
6.483454700000000059e+01
6.083575799999999845e+01
6.164770099999999786e+01
6.304319499999999721e+01
6.265582599999999758e+01
6.068384199999999851e+01
6.339615100000000325e+01
6.269024799999999686e+01
6.324408499999999833e+01
6.330602999999999980e+01
6.183018500000000017e+01
6.352468300000000312e+01
6.024916300000000291e+01
5.989079699999999917e+01
6.013065600000000188e+01
6.196204099999999926e+01
6.154372500000000201e+01
5.987222500000000025e+01
6.107530899999999718e+01
5.977086400000000310e+01
6.032775099999999924e+01
5.910536499999999904e+01
5.933720300000000236e+01
6.087795400000000257e+01
5.960541800000000023e+01
6.121923600000000221e+01
6.081920699999999869e+01
5.728711500000000001e+01
5.777796899999999880e+01
5.770799600000000140e+01
6.025829000000000235e+01
6.209812900000000013e+01
5.909940699999999936e+01
5.923934299999999809e+01
5.730075800000000186e+01
5.950487499999999841e+01
5.827996300000000218e+01
5.777241200000000276e+01
5.960070199999999829e+01
5.975095699999999965e+01
5.933307400000000342e+01
6.119665799999999933e+01
6.463940800000000309e+01
6.455506900000000314e+01
6.596192200000000128e+01
6.636410800000000165e+01
6.889416400000000351e+01
6.908688999999999680e+01
7.194897699999999929e+01
7.160686400000000162e+01
7.565227400000000557e+01
7.356792699999999741e+01
7.758418799999999749e+01
7.650506500000000187e+01
7.952741399999999317e+01
8.047611799999999960e+01
8.437071400000000665e+01
8.464354899999999304e+01
8.288678500000000327e+01
8.524888699999999631e+01
8.716115899999999783e+01
8.751345299999999838e+01
8.880656700000000114e+01
8.951045799999999986e+01
9.155279400000000578e+01
8.866645300000000418e+01
9.069514300000000162e+01
9.154688199999999654e+01
9.308067699999999434e+01
9.317262999999999806e+01
9.332716200000000129e+01
9.379632800000000259e+01
9.651000600000000418e+01
9.675761900000000537e+01
9.476755699999999649e+01
9.851924699999999291e+01
1.004839300000000009e+02
9.688352600000000336e+01
9.926367799999999875e+01
1.005874400000000009e+02
1.036033800000000014e+02
1.013318799999999982e+02
1.023228699999999947e+02
1.037904400000000038e+02
1.023250699999999966e+02
1.032844099999999941e+02
1.029589399999999983e+02
1.035535799999999966e+02
9.924302699999999788e+01
1.022907600000000059e+02
1.000139199999999988e+02
1.033898999999999972e+02
1.005547200000000032e+02
9.893538999999999817e+01
9.847611799999999960e+01
9.740416999999999348e+01
9.630661499999999364e+01
9.313070799999999849e+01
9.330447800000000314e+01
8.953061399999999992e+01
8.945842600000000289e+01
8.712681399999999599e+01
8.695294400000000223e+01
8.483944300000000283e+01
8.137433599999999956e+01
8.144745799999999747e+01
8.114629399999999748e+01
7.991608899999999949e+01
7.906404299999999807e+01
7.664722500000000593e+01
7.651015300000000252e+01
7.414183099999999627e+01
7.686446599999999307e+01
7.766907999999999390e+01
7.569450799999999902e+01
7.405262500000000614e+01
7.383486899999999764e+01
7.146310900000000288e+01
7.324356199999999717e+01
7.171559100000000342e+01
7.203848299999999938e+01
7.023832799999999565e+01
7.018168500000000165e+01
7.117980300000000682e+01
6.942826499999999612e+01
6.858775400000000388e+01
7.047041099999999858e+01
6.778757000000000232e+01
7.005533300000000452e+01
6.978812700000000291e+01
6.662541299999999467e+01
6.796923599999999510e+01
6.783293600000000367e+01
7.003052300000000230e+01
6.731828500000000304e+01
6.778936600000000112e+01
6.587502499999999372e+01
6.614596799999999632e+01
6.582610499999999831e+01
6.601636100000000340e+01
6.488658100000000672e+01
6.859712899999999536e+01
6.559988500000000045e+01
6.489744299999999555e+01
6.535351799999999400e+01
6.280949799999999783e+01
6.313839899999999972e+01
6.669848000000000354e+01
6.483664100000000019e+01
6.557066399999999362e+01
6.686632600000000082e+01
6.456505599999999845e+01
6.413109900000000607e+01
6.622965600000000563e+01
6.363483300000000042e+01
6.374528999999999712e+01
6.459185600000000704e+01
6.484808200000000511e+01
6.437719099999999628e+01
6.273144099999999668e+01
6.302710299999999677e+01
6.260838600000000298e+01
6.575920200000000193e+01
6.150640800000000041e+01
6.130854300000000023e+01
6.315720499999999760e+01
6.362681299999999851e+01
6.440908799999999701e+01
6.328576799999999736e+01
6.227049900000000093e+01
6.381494699999999654e+01
6.262864400000000131e+01
6.499869499999999789e+01
6.220205299999999937e+01
6.218441299999999927e+01
6.443850600000000384e+01
6.427264800000000378e+01
6.463868100000000538e+01
6.168266500000000008e+01
6.358467499999999717e+01
6.177837399999999946e+01
6.239534499999999895e+01
6.153975100000000253e+01
5.992225200000000029e+01
6.001599399999999918e+01
6.335147500000000065e+01
6.178602899999999920e+01
6.154479599999999806e+01
5.903646299999999769e+01
6.080720900000000029e+01
6.120970700000000164e+01
6.199170600000000064e+01
6.052818899999999758e+01
6.049999499999999841e+01
6.188326200000000199e+01
6.215313799999999844e+01
6.079093300000000255e+01
6.041889100000000212e+01
5.985741099999999904e+01
6.283496499999999685e+01
5.977010800000000046e+01
6.125042499999999990e+01
6.012224899999999650e+01
5.910873899999999992e+01
5.973991000000000184e+01
5.977700800000000214e+01
6.024515600000000148e+01
5.843210499999999996e+01
6.166466599999999687e+01
5.847432799999999986e+01
5.994959800000000172e+01
5.665371799999999780e+01
5.704752200000000073e+01
5.626196399999999898e+01
5.822389499999999884e+01
5.533891200000000055e+01
5.545831100000000191e+01
5.739635499999999979e+01
5.807265499999999747e+01
5.725482900000000086e+01
5.690121400000000307e+01
5.995723999999999876e+01
5.687612599999999929e+01
5.838221099999999808e+01
5.935479800000000239e+01
5.902137599999999651e+01
6.197732500000000044e+01
6.148552500000000265e+01
6.046857700000000335e+01
6.256283599999999723e+01
6.522175000000000011e+01
6.854309499999999389e+01
6.976294199999999535e+01
6.802624199999999632e+01
7.024196499999999332e+01
7.409657099999999730e+01
7.141788200000000586e+01
7.221968499999999835e+01
7.406891899999999396e+01
7.547728700000000401e+01
7.680620700000000056e+01
7.306032399999999427e+01
7.898046399999999778e+01
7.864888500000000704e+01
8.030213200000000029e+01
8.240716299999999706e+01
8.273296200000000056e+01
8.030816099999999835e+01
8.450998900000000447e+01
8.507081200000000365e+01
8.322734599999999716e+01
8.450633700000000204e+01
8.416390599999999722e+01
8.522238600000000019e+01
8.664626199999999301e+01
8.758977600000000052e+01
8.642199300000000051e+01
8.938633500000000254e+01
8.995392099999999402e+01
8.769098300000000279e+01
8.907668099999999356e+01
8.914172700000000304e+01
8.768876199999999699e+01
9.006491599999999664e+01
9.224745799999999463e+01
9.013568600000000686e+01
9.043738100000000202e+01
9.127489699999999573e+01
9.210101899999999375e+01
9.180938999999999339e+01
8.977727899999999295e+01
9.092860199999999793e+01
9.049388999999999328e+01
9.028607499999999675e+01
9.161953699999999401e+01
8.920004699999999787e+01
8.716489699999999630e+01
8.883566600000000335e+01
8.590273799999999937e+01
8.446971299999999871e+01
8.352463799999999594e+01
8.612192299999999534e+01
8.289355500000000632e+01
7.970442699999999547e+01
7.896583499999999844e+01
7.932084899999999550e+01
7.978214699999999482e+01
7.829106500000000324e+01
7.791208199999999806e+01
7.819669299999999623e+01
7.508050900000000638e+01
7.475034300000000087e+01
7.509762800000000027e+01
7.297126299999999333e+01
7.425044300000000419e+01
7.109307699999999386e+01
7.012592600000000687e+01
7.056623399999999435e+01
7.162618200000000002e+01
7.131245900000000404e+01
7.197464499999999532e+01
6.766641300000000570e+01
6.815504599999999868e+01
6.925033700000000181e+01
7.106209699999999430e+01
6.707478999999999303e+01
6.559671199999999658e+01
6.910835299999999393e+01
6.580596799999999291e+01
6.680661399999999617e+01
6.717727299999999957e+01
6.636923799999999574e+01
6.370176500000000175e+01
6.625064100000000167e+01
6.409406300000000556e+01
6.328438200000000080e+01
6.387324799999999669e+01
6.407127900000000409e+01
6.357578900000000033e+01
6.084921400000000347e+01
6.274977499999999964e+01
6.229981099999999827e+01
6.392502499999999799e+01
6.204185300000000325e+01
5.989341799999999694e+01
6.178488600000000019e+01
6.178388600000000253e+01
6.095707500000000323e+01
5.945199399999999912e+01
6.053408900000000159e+01
6.003603999999999985e+01
6.100424000000000291e+01
6.141049799999999692e+01
6.182383000000000095e+01
5.999928100000000342e+01
6.365427400000000091e+01
6.066644200000000353e+01
6.051769800000000288e+01
6.002458200000000232e+01
6.134105600000000180e+01
6.141200299999999856e+01
6.081453400000000187e+01
6.064893800000000113e+01
6.008505499999999699e+01
5.743087400000000287e+01
6.396076399999999751e+01
5.760106600000000299e+01
6.220536799999999999e+01
5.914297499999999985e+01
6.061417500000000302e+01
6.167541400000000351e+01
6.055494199999999694e+01
5.925354800000000211e+01
5.871730399999999861e+01
6.025139999999999674e+01
6.043467299999999653e+01
6.037725700000000018e+01
5.710984400000000250e+01
5.892762799999999856e+01
5.867052300000000287e+01
6.013693899999999815e+01
6.000378899999999760e+01
5.837917600000000107e+01
5.957201799999999992e+01
6.046402700000000152e+01
5.967292799999999886e+01
6.351251299999999844e+01
6.061806700000000347e+01
5.803725899999999882e+01
5.743242699999999701e+01
5.771854900000000299e+01
5.832113900000000228e+01
6.015755300000000005e+01
5.746143299999999954e+01
5.937868000000000279e+01
5.776033699999999982e+01
5.910527199999999937e+01
5.586657199999999790e+01
5.942064599999999785e+01
5.718636899999999912e+01
5.791269499999999937e+01
5.876827899999999971e+01
5.615506599999999793e+01
5.835850599999999844e+01
5.999668299999999732e+01
5.807845999999999975e+01
5.846183500000000066e+01
5.614396099999999734e+01
5.760504900000000106e+01
5.683030600000000021e+01
5.697407900000000325e+01
5.667738599999999849e+01
5.653087500000000176e+01
5.625168899999999894e+01
5.650116299999999825e+01
5.732258600000000115e+01
5.626176600000000150e+01
5.320098300000000080e+01
5.556038099999999957e+01
5.659108299999999758e+01
5.523602900000000204e+01
5.664136799999999994e+01
5.535353800000000035e+01
5.423987499999999784e+01
5.487412199999999984e+01
5.841255699999999962e+01
5.793426600000000093e+01
5.733144399999999763e+01
6.028532799999999980e+01
6.068514299999999650e+01
6.041371699999999834e+01
6.264135399999999976e+01
6.570538600000000429e+01
6.764231200000000399e+01
6.482795099999999877e+01
6.905211500000000058e+01
6.770884999999999820e+01
6.847861799999999732e+01
7.410407499999999459e+01
