7.690277899999999534e+01
7.656319999999999482e+01
7.962267699999999593e+01
7.857002500000000111e+01
8.191202099999999575e+01
8.085141000000000133e+01
8.132273000000000707e+01
7.853193299999999510e+01
8.171428899999999373e+01
8.276635799999999676e+01
8.221982800000000680e+01
8.418444399999999916e+01
8.340499800000000619e+01
8.366849499999999296e+01
8.256589300000000264e+01
8.354207900000000109e+01
8.250350000000000250e+01
8.320620499999999709e+01
8.494704400000000533e+01
8.477164399999999489e+01
8.359604099999999960e+01
7.948679500000000075e+01
8.004156000000000404e+01
8.086756300000000408e+01
8.001011599999999646e+01
8.081761799999999596e+01
7.879263500000000420e+01
7.701556499999999517e+01
7.835463799999999424e+01
7.531174099999999783e+01
7.457368400000000008e+01
7.311314799999999536e+01
7.178769499999999937e+01
7.042344699999999591e+01
6.948021900000000528e+01
6.839126199999999756e+01
6.455662200000000439e+01
6.642624999999999602e+01
6.442376699999999801e+01
6.547004800000000557e+01
6.507596599999999398e+01
6.531458200000000147e+01
6.518464500000000328e+01
6.216770499999999799e+01
6.161393199999999837e+01
6.334017599999999959e+01
6.169829099999999755e+01
6.436248899999999651e+01
6.307780999999999949e+01
6.381786400000000015e+01
6.314866399999999658e+01
6.076299999999999812e+01
6.249844099999999969e+01
6.124473199999999906e+01
6.183547300000000035e+01
6.379035799999999767e+01
6.124401300000000248e+01
6.351961099999999760e+01
6.321658899999999903e+01
6.183486200000000110e+01
6.101931400000000139e+01
6.144089499999999759e+01
6.055791099999999716e+01
5.968602099999999666e+01
5.960639900000000324e+01
5.829205000000000325e+01
5.863362899999999911e+01
5.650155800000000283e+01
5.617778700000000214e+01
5.707946700000000106e+01
5.471019499999999880e+01
5.716008500000000225e+01
5.480952400000000324e+01
5.473262299999999669e+01
5.460019299999999731e+01
5.596191999999999922e+01
5.398287299999999789e+01
5.495057700000000267e+01
5.189405399999999702e+01
5.355457700000000187e+01
5.336601000000000283e+01
5.352611300000000227e+01
5.329062199999999905e+01
5.270034100000000166e+01
5.356587499999999835e+01
5.257804600000000050e+01
5.289031700000000313e+01
5.243741800000000097e+01
5.196323600000000198e+01
5.174495199999999784e+01
5.154837700000000211e+01
5.051694799999999930e+01
5.111435699999999827e+01
5.203061000000000291e+01
5.160466000000000264e+01
5.069336200000000048e+01
5.235077199999999920e+01
5.178767700000000218e+01
5.152123300000000228e+01
5.109507200000000182e+01
5.153690100000000029e+01
5.066940799999999712e+01
5.189762100000000089e+01
5.080044099999999929e+01
5.174586299999999994e+01
5.071324099999999646e+01
4.687008999999999759e+01
5.199322599999999994e+01
4.996526899999999927e+01
5.053339299999999668e+01
5.043794599999999662e+01
4.877638600000000224e+01
5.046491799999999728e+01
4.666014400000000251e+01
4.864502300000000190e+01
5.003369899999999859e+01
4.892353700000000316e+01
4.928763699999999659e+01
5.039291200000000259e+01
5.032165599999999728e+01
4.986021000000000214e+01
5.107360099999999647e+01
5.255662000000000234e+01
5.194269599999999798e+01
5.541049399999999991e+01
5.938582600000000156e+01
6.124110799999999699e+01
6.124058899999999994e+01
6.526853599999999744e+01
6.920053000000000054e+01
6.476710400000000334e+01
7.049050800000000550e+01
6.981576699999999391e+01
7.354524100000000431e+01
7.366771099999999706e+01
7.536280299999999954e+01
7.867751199999999301e+01
7.734102799999999434e+01
7.789138400000000217e+01
7.679341200000000356e+01
7.725299699999999348e+01
7.727341400000000249e+01
7.741181799999999669e+01
7.812835099999999500e+01
7.686055899999999497e+01
7.687499900000000252e+01
7.856004299999999319e+01
7.778306600000000515e+01
7.700380400000000236e+01
7.718468699999999671e+01
7.661732700000000307e+01
8.008840200000000209e+01
7.878331799999999419e+01
7.988651500000000283e+01
8.025963199999999631e+01
7.832824100000000556e+01
7.785660300000000689e+01
8.249810999999999694e+01
7.974529499999999871e+01
8.220571099999999376e+01
8.213649599999999396e+01
8.105893500000000529e+01
8.327761099999999317e+01
8.398256700000000308e+01
8.421896999999999878e+01
8.278346299999999758e+01
8.653273900000000651e+01
8.483867300000000000e+01
8.420430600000000254e+01
8.540860000000000696e+01
8.464684300000000405e+01
8.511157500000000198e+01
8.311558700000000499e+01
8.566085099999999386e+01
8.252944800000000214e+01
8.291251599999999655e+01
8.081576900000000308e+01
7.959162600000000509e+01
7.987599000000000160e+01
7.945411900000000571e+01
7.891163000000000238e+01
7.656064100000000394e+01
7.459091300000000047e+01
7.639736399999999605e+01
6.982878399999999885e+01
7.011940699999999538e+01
6.965042200000000605e+01
6.858330200000000332e+01
6.763761800000000335e+01
6.658556699999999751e+01
6.629613700000000165e+01
6.575995299999999588e+01
6.569099900000000503e+01
6.372837799999999930e+01
6.368655199999999894e+01
6.416852199999999584e+01
6.255503199999999708e+01
6.591989999999999839e+01
6.157698899999999753e+01
6.365612999999999744e+01
6.313472399999999851e+01
6.547474499999999864e+01
6.154205499999999773e+01
6.350151100000000071e+01
6.293287300000000073e+01
6.312951699999999988e+01
6.265380900000000253e+01
6.393543900000000235e+01
6.204091199999999873e+01
6.276733000000000118e+01
6.155727199999999755e+01
6.276909500000000008e+01
6.138772399999999863e+01
6.151201700000000017e+01
6.106438599999999894e+01
6.018563600000000235e+01
6.021356800000000220e+01
5.925055400000000105e+01
6.097497400000000312e+01
5.822939399999999921e+01
5.775426699999999869e+01
5.741227800000000059e+01
5.755955800000000266e+01
5.617980899999999878e+01
5.689353799999999950e+01
5.518180999999999869e+01
5.648163100000000014e+01
5.478394399999999820e+01
5.297607299999999952e+01
5.506598000000000326e+01
5.398781900000000178e+01
5.283287500000000136e+01
5.434060000000000201e+01
5.237967299999999682e+01
5.010022699999999674e+01
5.367819699999999727e+01
5.298348299999999966e+01
5.363898999999999972e+01
5.187630500000000211e+01
5.301720499999999703e+01
5.407359399999999994e+01
5.242894100000000179e+01
5.259766199999999969e+01
5.337871400000000222e+01
5.164053400000000238e+01
5.021649000000000029e+01
5.164648799999999795e+01
5.001292600000000022e+01
5.042550899999999814e+01
5.186553899999999828e+01
4.999950700000000126e+01
5.093281900000000206e+01
4.911080700000000121e+01
5.148436999999999841e+01
5.144780099999999834e+01
4.967184199999999805e+01
4.895693099999999731e+01
4.953851900000000086e+01
5.012978999999999985e+01
5.105326500000000323e+01
5.007855099999999737e+01
4.912494699999999881e+01
5.052490399999999937e+01
4.795513199999999898e+01
4.954329400000000305e+01
4.862487800000000249e+01
4.934782799999999980e+01
4.875149499999999847e+01
4.720546999999999827e+01
4.919725999999999999e+01
5.080581300000000056e+01
4.905709499999999679e+01
4.898899800000000226e+01
4.820620600000000167e+01
4.988592599999999777e+01
4.960419199999999762e+01
5.377267200000000003e+01
5.383249200000000201e+01
5.470709300000000042e+01
5.962455599999999833e+01
5.834956700000000041e+01
6.256618499999999727e+01
6.319386699999999735e+01
6.565671700000000044e+01
6.594831200000000138e+01
6.724108300000000327e+01
6.833176000000000272e+01
7.157042599999999766e+01
7.219046299999999405e+01
7.346704699999999377e+01
7.232889000000000124e+01
7.399970799999999826e+01
7.370447199999999555e+01
7.486845599999999479e+01
7.367560899999999435e+01
7.614742300000000341e+01
7.436614799999999548e+01
7.450872499999999832e+01
7.466115999999999531e+01
7.308104699999999809e+01
7.259833899999999574e+01
7.560121100000000638e+01
7.414241400000000226e+01
7.296079799999999693e+01
7.293008899999999528e+01
7.338014400000000137e+01
7.391534900000000619e+01
7.390846000000000515e+01
7.435573599999999317e+01
7.404218000000000188e+01
7.714215400000000500e+01
7.762042599999999481e+01
7.732966799999999807e+01
7.978019600000000366e+01
7.723332299999999861e+01
7.761366900000000157e+01
7.714827499999999816e+01
7.861690400000000523e+01
8.060304399999999703e+01
7.803632299999999589e+01
8.031639300000000503e+01
7.891694499999999834e+01
7.950519400000000303e+01
8.173229299999999853e+01
7.987747299999999484e+01
8.104860200000000248e+01
7.908130400000000293e+01
7.884415400000000318e+01
7.624993299999999863e+01
7.804690200000000289e+01
7.536405700000000252e+01
7.520886699999999792e+01
7.415361900000000617e+01
7.341445000000000221e+01
7.136387299999999811e+01
6.982233300000000042e+01
6.800566999999999496e+01
6.861529799999999568e+01
6.630815200000000686e+01
6.600530999999999437e+01
6.616146600000000433e+01
6.517253399999999885e+01
6.428968000000000416e+01
6.305129699999999815e+01
6.320220299999999725e+01
6.238478500000000082e+01
6.274672499999999786e+01
6.107441899999999890e+01
6.205231799999999964e+01
6.016522199999999998e+01
6.193258000000000152e+01
6.292671399999999693e+01
6.023816699999999713e+01
6.049567400000000106e+01
6.339448600000000056e+01
6.255083299999999724e+01
6.100172200000000089e+01
5.828531600000000168e+01
6.044280200000000036e+01
6.087480500000000205e+01
5.732280500000000245e+01
6.066948000000000008e+01
6.203750800000000254e+01
6.051215700000000197e+01
6.001270300000000191e+01
5.585975599999999730e+01
6.070030400000000270e+01
5.618756599999999679e+01
5.550439599999999984e+01
5.741991800000000268e+01
5.662253499999999917e+01
5.524132999999999782e+01
5.611024199999999951e+01
5.431814899999999824e+01
5.443952900000000028e+01
5.512118699999999905e+01
5.290485799999999728e+01
5.319458300000000150e+01
5.372132500000000022e+01
5.377346500000000162e+01
5.278833000000000197e+01
5.173546600000000240e+01
5.319355600000000095e+01
5.176162699999999717e+01
5.148646000000000100e+01
5.199759199999999737e+01
5.096102700000000141e+01
5.070770799999999667e+01
5.063938300000000226e+01
5.264074800000000209e+01
4.915921000000000163e+01
5.187646500000000316e+01
5.097972500000000196e+01
5.228145599999999860e+01
5.181428799999999768e+01
5.323595900000000114e+01
4.994510700000000014e+01
4.939721099999999865e+01
4.905588500000000352e+01
4.997656800000000032e+01
5.022234900000000124e+01
4.870258100000000212e+01
4.850478199999999873e+01
4.747978499999999968e+01
5.004916999999999661e+01
4.967861299999999858e+01
5.043637100000000117e+01
4.910048599999999652e+01
4.827149099999999748e+01
4.993538800000000322e+01
4.695689500000000294e+01
4.865585800000000205e+01
4.912386899999999912e+01
4.745358999999999838e+01
4.776174300000000272e+01
4.702816800000000086e+01
4.875217599999999862e+01
4.878316199999999725e+01
5.030112599999999645e+01
4.729506700000000308e+01
4.700453100000000006e+01
4.891339099999999718e+01
4.798827500000000157e+01
4.637130400000000208e+01
4.745081499999999863e+01
4.889623799999999676e+01
4.507734700000000316e+01
4.903695100000000195e+01
4.929432400000000314e+01
5.014317499999999939e+01
5.060517800000000221e+01
5.264904200000000145e+01
5.611292100000000005e+01
5.542841200000000157e+01
5.646837200000000223e+01
6.076762399999999786e+01
6.214420199999999994e+01
6.248272200000000254e+01
6.325686400000000020e+01
6.507807599999999582e+01
6.606381399999999360e+01
6.933886200000000599e+01
6.754553500000000099e+01
6.872853899999999783e+01
7.084882299999999589e+01
6.948726299999999867e+01
6.943168799999999408e+01
7.130814700000000528e+01
7.041737600000000441e+01
6.986928799999999740e+01
6.946331800000000101e+01
6.806242299999999545e+01
6.890968700000000524e+01
6.899931499999999573e+01
7.096056500000000256e+01
6.853268099999999663e+01
6.929029699999999536e+01
6.849755600000000300e+01
6.906473599999999635e+01
7.102221400000000529e+01
6.777046900000000562e+01
6.850376599999999883e+01
6.791881100000000515e+01
7.101672100000000398e+01
6.984486300000000369e+01
7.100802299999999434e+01
7.118613200000000063e+01
7.214999199999999746e+01
7.295759099999999364e+01
7.339667599999999936e+01
7.146329099999999812e+01
7.332792399999999589e+01
7.335585399999999368e+01
7.230038399999999399e+01
7.290730999999999540e+01
7.276047699999999452e+01
7.157612100000000055e+01
7.407252300000000389e+01
7.123744700000000307e+01
7.184893599999999481e+01
7.282666000000000395e+01
7.190964200000000517e+01
6.861897500000000605e+01
6.950280700000000422e+01
6.823919999999999675e+01
6.606420400000000370e+01
6.609187900000000582e+01
6.337942199999999815e+01
6.053071200000000118e+01
6.236969899999999711e+01
5.981869799999999771e+01
5.981964099999999718e+01
5.997482300000000066e+01
6.135909000000000191e+01
5.974785099999999716e+01
5.802302300000000201e+01
6.103761200000000287e+01
6.117367899999999992e+01
6.284825099999999765e+01
5.847836199999999707e+01
5.904550799999999811e+01
6.163301799999999986e+01
5.926216300000000103e+01
5.791800500000000085e+01
5.843493899999999996e+01
5.736926400000000115e+01
6.014566099999999693e+01
6.076932000000000045e+01
5.978397100000000108e+01
5.711719500000000238e+01
5.745417599999999680e+01
5.803373899999999708e+01
5.710068400000000111e+01
5.558847800000000206e+01
5.648718900000000076e+01
5.707848299999999853e+01
5.645116699999999810e+01
5.403627000000000180e+01
5.407132099999999753e+01
5.427625199999999950e+01
5.357694099999999793e+01
5.498037099999999811e+01
5.461690899999999971e+01
5.263926699999999670e+01
5.114016300000000115e+01
5.187992799999999960e+01
5.051744500000000215e+01
5.027103799999999723e+01
4.978886299999999920e+01
5.138163399999999825e+01
5.080222200000000043e+01
5.199315500000000156e+01
4.942167100000000346e+01
4.627277099999999876e+01
5.014793900000000093e+01
4.931028299999999831e+01
5.143592399999999998e+01
4.976574600000000004e+01
4.902399400000000185e+01
4.980631499999999789e+01
4.980413200000000273e+01
5.022793099999999811e+01
4.786521900000000329e+01
4.982559599999999733e+01
5.090168800000000005e+01
4.953410000000000224e+01
4.877210500000000337e+01
4.802078099999999949e+01
4.770380200000000315e+01
4.894942100000000096e+01
4.857242399999999805e+01
4.794199499999999858e+01
4.915935000000000343e+01
4.754510899999999651e+01
4.591884600000000205e+01
4.668341600000000113e+01
4.736587399999999803e+01
4.743525199999999842e+01
4.780198899999999895e+01
4.720363799999999799e+01
4.740282899999999700e+01
4.678168200000000354e+01
4.500331500000000062e+01
4.674622500000000258e+01
4.730036700000000138e+01
4.657404100000000113e+01
4.534103400000000050e+01
4.645697700000000196e+01
4.742599100000000334e+01
4.646455399999999969e+01
4.820801999999999765e+01
4.595034100000000166e+01
4.486354800000000154e+01
4.819943599999999861e+01
4.515663500000000141e+01
4.520044099999999787e+01
4.651878800000000069e+01
4.717858999999999980e+01
4.942412999999999812e+01
4.690304600000000335e+01
4.970998699999999815e+01
5.252731800000000106e+01
5.636228100000000296e+01
5.589292499999999819e+01
5.870505399999999696e+01
5.887023099999999687e+01
6.082175999999999760e+01
6.409333100000000627e+01
6.446680200000000127e+01
6.343625999999999721e+01
6.593620900000000518e+01
6.687426999999999566e+01
6.926676299999999742e+01
6.925141200000000197e+01
7.207259500000000685e+01
6.977153599999999756e+01
6.857714599999999905e+01
7.145927700000000016e+01
6.903526200000000301e+01
7.054577700000000107e+01
6.904950499999999636e+01
6.927248600000000067e+01
6.982724699999999984e+01
6.907198699999999292e+01
6.787071100000000001e+01
6.937193700000000263e+01
7.007391200000000708e+01
6.921975799999999879e+01
6.693116600000000460e+01
6.914120300000000441e+01
6.932247999999999877e+01
6.957245600000000252e+01
6.918827000000000282e+01
7.029158300000000281e+01
7.055218499999999437e+01
6.848800500000000113e+01
6.983011199999999974e+01
7.095024800000000198e+01
7.251255999999999347e+01
7.324469799999999964e+01
7.168756999999999380e+01
7.311763399999999535e+01
7.112112000000000478e+01
7.331668700000000172e+01
7.376590199999999697e+01
7.505262500000000614e+01
7.265876799999999491e+01
7.250020499999999402e+01
7.514491200000000504e+01
7.373750699999999370e+01
7.314367900000000589e+01
7.449724999999999397e+01
7.420448799999999778e+01
7.045424099999999612e+01
7.086910100000000057e+01
6.741620799999999747e+01
6.731498600000000465e+01
6.811031099999999583e+01
6.575879700000000128e+01
6.368621399999999966e+01
6.346272499999999894e+01
6.150381500000000301e+01
6.251366999999999763e+01
6.190955100000000044e+01
6.151974799999999988e+01
6.085799399999999792e+01
6.048749000000000109e+01
6.055388200000000154e+01
5.864879700000000184e+01
6.050466200000000327e+01
5.881438500000000147e+01
5.967504000000000275e+01
5.854350900000000024e+01
6.089439200000000341e+01
6.052946299999999979e+01
6.006034100000000109e+01
6.048416900000000140e+01
6.022827000000000197e+01
5.988711399999999685e+01
6.040792100000000175e+01
5.882332799999999651e+01
5.997659800000000274e+01
5.967291399999999868e+01
5.736320899999999767e+01
5.905836399999999742e+01
5.922400799999999776e+01
5.815501900000000290e+01
5.653830200000000161e+01
5.540343399999999718e+01
5.408075600000000094e+01
5.717822199999999810e+01
5.580763799999999719e+01
5.450415300000000229e+01
5.247179899999999719e+01
5.177198700000000287e+01
5.152087399999999917e+01
5.212935900000000089e+01
5.002740899999999868e+01
5.140263399999999905e+01
5.246111400000000202e+01
5.050551999999999708e+01
5.044154600000000244e+01
5.052073800000000148e+01
5.118675600000000259e+01
5.123876099999999667e+01
5.022715300000000127e+01
4.955402300000000082e+01
5.204288900000000240e+01
4.906004300000000029e+01
4.991059200000000118e+01
4.871160199999999918e+01
4.950871899999999926e+01
5.023919200000000274e+01
4.870870000000000033e+01
5.016427800000000303e+01
5.089269900000000035e+01
5.017982700000000307e+01
4.798107600000000161e+01
4.791692499999999910e+01
4.948073000000000121e+01
4.905262299999999698e+01
4.912901600000000002e+01
4.973019399999999735e+01
4.928846899999999920e+01
4.529436400000000162e+01
4.711402400000000057e+01
4.844753899999999902e+01
4.599821299999999979e+01
4.828443000000000040e+01
4.670801999999999765e+01
4.894597199999999759e+01
4.693724199999999769e+01
4.712319999999999709e+01
4.888454000000000121e+01
4.694192799999999721e+01
4.763243899999999798e+01
4.674371399999999710e+01
4.772418900000000264e+01
4.701838099999999798e+01
4.560728000000000293e+01
4.557506800000000169e+01
4.648758399999999824e+01
4.765919999999999845e+01
4.701648500000000297e+01
4.757898300000000091e+01
4.562594899999999853e+01
4.766397700000000270e+01
4.816094799999999765e+01
4.727984200000000214e+01
4.865548900000000287e+01
5.001711699999999894e+01
5.141806199999999905e+01
5.325162900000000121e+01
5.389864299999999986e+01
5.799272400000000260e+01
5.758140000000000214e+01
6.107912999999999926e+01
6.452776799999999469e+01
6.561042199999999980e+01
6.705102599999999313e+01
6.761136999999999375e+01
6.854308600000000240e+01
6.995765199999999595e+01
7.057928300000000377e+01
6.928929100000000574e+01
7.101048299999999358e+01
7.259946600000000672e+01
6.927859599999999318e+01
7.439055799999999863e+01
7.148256600000000560e+01
7.223685299999999643e+01
7.119736799999999732e+01
7.052882300000000271e+01
7.089069399999999632e+01
7.346472699999999634e+01
7.013169200000000103e+01
7.245396700000000578e+01
7.005420300000000111e+01
7.160133999999999332e+01
6.944906000000000290e+01
7.168099200000000337e+01
7.143869700000000478e+01
7.285508299999999338e+01
7.052800899999999729e+01
7.378692499999999654e+01
7.429487000000000307e+01
7.625688499999999692e+01
7.404535400000000323e+01
7.403391999999999484e+01
7.552852699999999686e+01
7.495400800000000174e+01
7.726309700000000191e+01
7.700541900000000339e+01
7.616212699999999813e+01
7.588591200000000470e+01
7.705679999999999552e+01
7.762949000000000410e+01
7.917556100000000185e+01
7.909607599999999650e+01
7.880689999999999884e+01
7.610862799999999595e+01
7.856965200000000493e+01
7.897075100000000702e+01
7.597956499999999380e+01
7.644499799999999823e+01
7.587218799999999419e+01
7.587238499999999419e+01
7.264208499999999447e+01
7.334375699999999654e+01
7.181873600000000124e+01
6.860794599999999832e+01
6.634493600000000413e+01
6.749192800000000148e+01
6.671719600000000128e+01
6.592579800000000034e+01
6.463511699999999394e+01
6.069943500000000114e+01
6.248406599999999855e+01
6.239456700000000211e+01
6.278584599999999938e+01
6.012446299999999866e+01
6.097271099999999677e+01
6.070725399999999894e+01
6.192973700000000292e+01
5.924084599999999767e+01
5.793488899999999830e+01
5.861143500000000017e+01
6.220068599999999748e+01
5.977584399999999931e+01
6.160867300000000313e+01
6.219672899999999771e+01
6.226009100000000274e+01
5.949913600000000002e+01
5.835859200000000158e+01
5.907036699999999740e+01
5.926020799999999866e+01
5.937536500000000217e+01
6.074103699999999861e+01
6.156490800000000263e+01
6.034137400000000184e+01
5.722220999999999691e+01
5.846355700000000155e+01
5.781208699999999823e+01
5.720190600000000103e+01
5.424028200000000055e+01
5.602290099999999740e+01
5.697008600000000200e+01
5.442156500000000108e+01
5.441029199999999832e+01
5.461665200000000198e+01
5.366876299999999844e+01
5.285099400000000003e+01
5.305423300000000353e+01
5.259854399999999686e+01
5.028757300000000185e+01
5.516060099999999977e+01
5.280392200000000003e+01
5.228037400000000190e+01
5.464521400000000284e+01
5.041153500000000065e+01
5.195283400000000285e+01
5.080800399999999684e+01
5.060821299999999923e+01
5.187679800000000085e+01
5.067636000000000251e+01
4.993311800000000034e+01
5.028025999999999840e+01
4.810640699999999725e+01
5.104713399999999979e+01
5.022172599999999676e+01
4.902559600000000017e+01
4.871533500000000316e+01
5.008331700000000097e+01
5.034846399999999988e+01
5.191084500000000190e+01
5.095115299999999792e+01
5.038563400000000314e+01
4.844858399999999676e+01
5.074793199999999871e+01
4.919373199999999713e+01
4.876894699999999716e+01
4.820714199999999749e+01
5.019440300000000121e+01
4.978358200000000267e+01
4.770323299999999733e+01
4.913875600000000077e+01
4.781241500000000144e+01
4.850287699999999802e+01
4.844463600000000270e+01
4.704902799999999985e+01
4.756845700000000221e+01
4.711333299999999724e+01
4.735681600000000202e+01
4.890768299999999869e+01
4.836462499999999665e+01
4.806921700000000186e+01
4.755600400000000150e+01
4.852404299999999893e+01
4.720095899999999745e+01
4.905055000000000121e+01
4.977559600000000017e+01
4.787613300000000294e+01
4.933714299999999753e+01
5.320488399999999984e+01
5.193257799999999946e+01
5.651946300000000178e+01
5.742868599999999901e+01
5.999631600000000020e+01
6.495236599999999783e+01
6.532181400000000338e+01
6.621285299999999552e+01
6.663833499999999788e+01
7.037698500000000479e+01
7.057430399999999793e+01
7.187044500000000369e+01
7.289468700000000467e+01
7.082387300000000607e+01
7.342411900000000458e+01
7.267029399999999839e+01
7.460383199999999704e+01
7.222692299999999932e+01
7.306860799999999756e+01
7.279970000000000141e+01
7.339461699999999666e+01
7.378341500000000508e+01
7.185102899999999693e+01
7.164186599999999316e+01
7.419486299999999801e+01
7.435518999999999323e+01
7.200468600000000663e+01
7.462802100000000394e+01
7.390410500000000127e+01
7.518018899999999860e+01
7.587085500000000593e+01
7.568621400000000676e+01
7.625009000000000015e+01
7.646222699999999861e+01
7.716806599999999605e+01
7.722143699999999455e+01
7.716189799999999366e+01
7.857272299999999632e+01
7.758044399999999996e+01
7.730089300000000208e+01
7.753184699999999907e+01
8.013241899999999873e+01
7.868674599999999941e+01
8.017832300000000600e+01
8.011093900000000190e+01
8.100325599999999326e+01
7.934211200000000019e+01
8.028655600000000447e+01
7.823552999999999713e+01
7.968104200000000503e+01
7.995621500000000026e+01
7.867983900000000119e+01
7.667963899999999455e+01
7.618364099999999439e+01
7.645886600000000044e+01
7.784499200000000485e+01
7.526914999999999623e+01
7.598652400000000284e+01
7.273975500000000238e+01
7.319956100000000276e+01
7.145131299999999896e+01
6.798752600000000257e+01
6.729675600000000202e+01
6.506433699999999476e+01
6.596505299999999750e+01
6.436276300000000106e+01
6.549300200000000416e+01
6.460774700000000337e+01
6.337678999999999974e+01
6.460059200000000601e+01
6.091139499999999884e+01
6.163087900000000019e+01
6.367190200000000289e+01
6.062587400000000315e+01
6.150525799999999776e+01
6.102806100000000100e+01
6.180057800000000157e+01
6.155476399999999870e+01
6.100973299999999711e+01
6.058050999999999675e+01
6.100910300000000319e+01
6.069175200000000103e+01
6.378992000000000218e+01
6.436543600000000254e+01
5.958254800000000273e+01
5.986343699999999757e+01
6.010132999999999726e+01
6.076217499999999916e+01
6.046751199999999926e+01
5.928021300000000338e+01
5.849061600000000283e+01
5.867825899999999706e+01
5.799164600000000291e+01
5.715938799999999986e+01
5.653829700000000003e+01
5.788202499999999873e+01
5.661463599999999730e+01
5.461451499999999726e+01
5.595487899999999826e+01
5.734927700000000073e+01
5.630704500000000223e+01
5.420230399999999804e+01
5.311378299999999797e+01
5.331844999999999857e+01
5.227869299999999697e+01
5.161054800000000142e+01
5.152659400000000289e+01
5.266665499999999867e+01
5.148595999999999862e+01
5.193164000000000158e+01
5.363661100000000204e+01
5.334485099999999846e+01
5.185531199999999785e+01
5.230886000000000280e+01
5.183273799999999909e+01
5.110114500000000248e+01
5.140292900000000031e+01
5.189944100000000304e+01
5.096012900000000201e+01
5.105570500000000322e+01
5.005494600000000105e+01
5.333798500000000331e+01
5.103069200000000194e+01
5.094198300000000046e+01
5.027798899999999804e+01
4.918456900000000331e+01
4.968441599999999880e+01
5.052615000000000123e+01
4.717387899999999945e+01
4.952503099999999847e+01
4.848776600000000059e+01
4.960529300000000319e+01
4.963090100000000149e+01
5.184445800000000304e+01
4.896976000000000084e+01
4.871701999999999799e+01
4.900050499999999687e+01
4.956092000000000297e+01
4.787250199999999722e+01
5.014660200000000145e+01
4.664518799999999743e+01
4.653253099999999876e+01
4.892158200000000079e+01
4.860956000000000188e+01
4.913377700000000203e+01
4.749572899999999720e+01
5.069444299999999970e+01
4.815909099999999654e+01
4.788973800000000125e+01
4.939588400000000235e+01
5.141280799999999829e+01
5.090393600000000163e+01
5.404597900000000266e+01
5.606417199999999923e+01
5.856412300000000215e+01
5.907698200000000099e+01
6.260020500000000254e+01
6.271335899999999697e+01
6.582911400000000413e+01
6.598360099999999306e+01
6.855503299999999456e+01
6.862413700000000460e+01
7.237932899999999847e+01
7.051208099999999490e+01
7.315894799999999520e+01
7.584085299999999563e+01
7.525456800000000612e+01
7.489548000000000627e+01
7.810167099999999607e+01
7.288654599999999562e+01
7.476169000000000153e+01
7.560364400000000273e+01
7.510909599999999386e+01
7.391874300000000630e+01
7.563478200000000129e+01
7.618526699999999607e+01
7.409121600000000285e+01
7.476104599999999323e+01
7.589908099999999536e+01
7.504644199999999898e+01
7.495687700000000575e+01
7.447190200000000004e+01
7.735535699999999792e+01
7.622657800000000350e+01
7.848088400000000320e+01
7.620293200000000411e+01
7.974068599999999662e+01
7.848351700000000619e+01
7.963267600000000357e+01
7.777358399999999961e+01
7.973505000000000109e+01
8.097608499999999765e+01
8.352156800000000203e+01
8.190976899999999716e+01
8.203003699999999299e+01
8.248874600000000612e+01
8.120193799999999840e+01
8.156922500000000298e+01
8.293374900000000594e+01
8.173713200000000256e+01
8.229567900000000691e+01
8.385520099999999388e+01
8.109730500000000575e+01
8.162928700000000504e+01
8.075427500000000691e+01
8.002015299999999343e+01
8.023312199999999450e+01
7.565505500000000438e+01
7.923425799999999697e+01
7.440459300000000553e+01
7.663779100000000710e+01
7.380593899999999508e+01
7.327719500000000608e+01
7.086716400000000249e+01
6.920888700000000426e+01
6.565913000000000466e+01
6.636853299999999933e+01
6.507493700000000558e+01
6.411150600000000566e+01
6.522993800000000419e+01
6.392672600000000216e+01
6.378311500000000223e+01
6.363185000000000002e+01
6.033735000000000070e+01
6.185711799999999982e+01
6.258308600000000155e+01
6.276515200000000050e+01
5.994442999999999699e+01
6.152581399999999689e+01
6.196893200000000235e+01
6.347473600000000005e+01
6.237931199999999876e+01
6.249052900000000221e+01
6.553963500000000408e+01
6.188313500000000289e+01
6.186016999999999655e+01
6.170452900000000085e+01
6.121415600000000268e+01
6.215364499999999737e+01
6.199159699999999873e+01
6.310733599999999655e+01
6.193785599999999647e+01
6.079864700000000255e+01
6.018748399999999776e+01
5.973353800000000291e+01
5.771308499999999952e+01
5.870857900000000029e+01
5.720727399999999818e+01
5.696326899999999682e+01
5.723715800000000087e+01
5.552085600000000198e+01
5.525929399999999703e+01
5.574921199999999999e+01
5.649304699999999713e+01
5.447637699999999938e+01
5.599478899999999726e+01
5.706945999999999941e+01
5.433105700000000127e+01
5.439958200000000232e+01
5.356513799999999748e+01
5.447970999999999719e+01
5.158564700000000158e+01
5.245089099999999860e+01
5.041960600000000170e+01
5.298982199999999665e+01
5.545135700000000156e+01
5.188399700000000081e+01
5.218951700000000216e+01
5.182976399999999728e+01
5.312097800000000092e+01
5.291499600000000214e+01
5.193186000000000035e+01
5.045591999999999899e+01
4.984382699999999744e+01
5.207240399999999880e+01
5.141267599999999760e+01
5.496910100000000199e+01
5.149807799999999958e+01
5.070839800000000253e+01
5.023586699999999894e+01
5.066407000000000238e+01
5.129583199999999721e+01
5.225593500000000091e+01
5.251066200000000350e+01
5.070816800000000057e+01
5.023370899999999750e+01
5.027044800000000180e+01
4.811337100000000078e+01
4.902241999999999678e+01
5.058322299999999672e+01
5.020202499999999901e+01
4.962592999999999677e+01
4.998856899999999825e+01
4.997251399999999677e+01
5.056724899999999678e+01
4.987380300000000233e+01
4.884918799999999806e+01
4.778939900000000307e+01
5.041062699999999808e+01
4.867162600000000339e+01
4.975374300000000005e+01
4.969484200000000129e+01
5.045211599999999663e+01
5.177030599999999794e+01
5.180429699999999826e+01
5.658669700000000091e+01
5.833912600000000026e+01
6.158580299999999852e+01
6.322850400000000093e+01
6.508509300000000053e+01
6.815672600000000614e+01
6.724262199999999723e+01
7.131684400000000323e+01
7.260990300000000275e+01
7.248566700000000651e+01
7.535982799999999315e+01
7.553816799999999887e+01
7.482429299999999728e+01
7.575928299999999638e+01
7.690412399999999593e+01
7.873130600000000356e+01
7.775713100000000111e+01
7.579271699999999612e+01
7.600963600000000042e+01
7.561445399999999495e+01
7.638537700000000541e+01
7.672632400000000530e+01
7.671324799999999300e+01
7.644407499999999800e+01
7.862978099999999415e+01
7.812040700000000015e+01
7.668247900000000072e+01
7.765883900000000040e+01
8.018043000000000120e+01
7.915512200000000576e+01
7.846602699999999686e+01
8.030800600000000600e+01
7.997731000000000279e+01
7.928206199999999626e+01
8.004598000000000013e+01
8.057431699999999353e+01
8.203350000000000364e+01
8.057901300000000333e+01
8.223874899999999855e+01
8.525979900000000100e+01
8.592102300000000525e+01
8.433413699999999835e+01
8.590452299999999752e+01
8.344489799999999491e+01
8.534157199999999932e+01
8.509629900000000191e+01
8.377795799999999815e+01
8.473076899999999512e+01
8.416683000000000447e+01
8.631330400000000225e+01
8.331107799999999486e+01
8.461854200000000503e+01
8.437232899999999347e+01
8.180825799999999504e+01
8.124484099999999387e+01
8.069212000000000273e+01
7.899904899999999941e+01
7.602989999999999782e+01
7.477848600000000090e+01
7.445808800000000360e+01
7.289845200000000602e+01
7.107756100000000288e+01
7.173100200000000370e+01
6.642405700000000479e+01
6.804376600000000508e+01
6.408610199999999679e+01
6.352857499999999646e+01
6.631856799999999907e+01
6.689426000000000272e+01
6.660376399999999819e+01
6.405179599999999596e+01
6.414224500000000262e+01
6.260407500000000169e+01
6.275611399999999662e+01
6.246305100000000010e+01
6.297288799999999753e+01
6.423777200000000676e+01
6.186741599999999863e+01
6.355398699999999934e+01
6.229304900000000345e+01
6.351830100000000101e+01
6.527339600000000530e+01
6.355563599999999980e+01
6.351345200000000091e+01
6.239184300000000150e+01
6.374813999999999936e+01
6.140326199999999801e+01
6.151078900000000260e+01
6.119520899999999841e+01
6.162336700000000178e+01
6.037554800000000199e+01
6.191914100000000332e+01
5.808647799999999961e+01
5.834873000000000332e+01
5.793839400000000239e+01
6.005111300000000085e+01
5.900737300000000118e+01
5.562315799999999655e+01
5.870947300000000268e+01
5.741403799999999791e+01
5.624921299999999746e+01
5.500827999999999918e+01
5.643952199999999664e+01
5.357619100000000145e+01
5.403866000000000014e+01
5.334578299999999729e+01
5.275138400000000161e+01
5.270298199999999866e+01
5.157668900000000178e+01
5.341576899999999739e+01
5.525776599999999661e+01
5.278431199999999990e+01
5.428343900000000133e+01
5.198003899999999788e+01
5.265935499999999791e+01
5.215585899999999953e+01
5.159155299999999755e+01
5.173160800000000137e+01
5.237649499999999847e+01
5.194326000000000221e+01
5.235238700000000023e+01
5.327010500000000093e+01
5.431395499999999998e+01
5.304346699999999970e+01
5.269882199999999983e+01
5.081260900000000191e+01
5.030887200000000092e+01
5.103823100000000323e+01
5.243526800000000065e+01
5.213778800000000047e+01
5.089712500000000261e+01
5.031036499999999734e+01
5.215438199999999824e+01
5.186280399999999702e+01
5.048877099999999984e+01
5.310067899999999952e+01
5.018652399999999858e+01
5.060251600000000138e+01
5.057629399999999720e+01
5.018743299999999863e+01
4.933388800000000174e+01
4.967654100000000028e+01
4.825086699999999951e+01
4.973204499999999939e+01
4.928881599999999708e+01
5.081441300000000183e+01
5.062666300000000064e+01
5.049172200000000288e+01
5.152666299999999922e+01
4.928153999999999968e+01
5.106427399999999750e+01
5.255812399999999940e+01
5.473496999999999701e+01
5.811011899999999741e+01
6.065532199999999818e+01
6.332397000000000276e+01
6.316026899999999955e+01
6.642894200000000637e+01
6.845468200000000536e+01
6.910285399999999356e+01
6.993151299999999537e+01
7.120348799999999301e+01
7.427060199999999668e+01
7.548151000000000010e+01
7.601343900000000531e+01
7.675707099999999627e+01
7.690330500000000313e+01
7.719542500000000018e+01
7.638181600000000060e+01
7.753940000000000055e+01
7.736671900000000335e+01
7.795544900000000155e+01
7.811382399999999393e+01
7.745022299999999404e+01
7.632832399999999495e+01
7.612787899999999297e+01
7.889822599999999397e+01
7.802417099999999550e+01
7.841442999999999586e+01
7.695080699999999752e+01
7.683280899999999747e+01
7.697189799999999593e+01
7.863584000000000174e+01
7.950336699999999723e+01
7.935166399999999953e+01
7.924819300000000055e+01
8.116514599999999291e+01
8.112604600000000232e+01
8.036755999999999744e+01
7.892824199999999735e+01
8.128884899999999902e+01
8.157089399999999557e+01
8.166940700000000675e+01
8.276656900000000405e+01
8.289800200000000530e+01
8.255569199999999341e+01
8.247919400000000678e+01
8.437111299999999403e+01
8.406897600000000637e+01
8.163045300000000282e+01
8.173954100000000267e+01
8.286815099999999745e+01
8.233531100000000436e+01
8.128422600000000386e+01
7.944809800000000166e+01
7.645365599999999517e+01
7.617820100000000139e+01
7.721321100000000115e+01
7.410605900000000190e+01
7.458775900000000547e+01
7.124509100000000217e+01
7.160925799999999697e+01
7.044147900000000107e+01
7.056705300000000136e+01
6.738926299999999969e+01
6.628490399999999738e+01
6.517934499999999787e+01
6.502194500000000232e+01
6.512119900000000428e+01
6.455584299999999587e+01
6.383642300000000347e+01
6.338202700000000078e+01
6.255159299999999689e+01
6.311556399999999911e+01
6.101646399999999915e+01
6.031997400000000198e+01
6.182213300000000089e+01
6.169904100000000113e+01
6.208283600000000035e+01
6.377528199999999714e+01
6.287921899999999908e+01
6.450509200000000476e+01
6.283448599999999828e+01
6.277327900000000227e+01
6.206149500000000074e+01
5.933038899999999671e+01
6.070383799999999752e+01
6.261834699999999998e+01
6.065858099999999808e+01
6.095433200000000085e+01
6.102623499999999979e+01
5.895280000000000342e+01
5.977947499999999792e+01
5.924534400000000289e+01
5.720335599999999943e+01
5.886485199999999907e+01
5.878388999999999953e+01
5.594163900000000211e+01
5.559514099999999814e+01
5.368900399999999706e+01
5.597521100000000160e+01
5.382254499999999808e+01
5.546573899999999924e+01
5.548442599999999914e+01
5.606775199999999870e+01
5.517273699999999792e+01
5.266392900000000310e+01
5.192567300000000330e+01
5.480567500000000081e+01
5.241160699999999650e+01
5.222543300000000244e+01
5.191526900000000211e+01
5.391364800000000201e+01
5.480002999999999957e+01
5.109802899999999681e+01
5.202432799999999702e+01
5.307882200000000239e+01
5.256007199999999813e+01
5.218836300000000250e+01
4.921096500000000162e+01
5.027915600000000040e+01
5.044881800000000283e+01
5.106786499999999762e+01
5.042300500000000341e+01
4.971744900000000200e+01
5.196272799999999847e+01
4.913847499999999968e+01
5.132143099999999691e+01
4.946749700000000161e+01
5.218689499999999981e+01
5.203240799999999666e+01
5.046062200000000075e+01
5.419220399999999671e+01
4.958544899999999700e+01
4.971132200000000267e+01
4.943796700000000044e+01
5.296423399999999759e+01
4.837948599999999999e+01
4.975376800000000088e+01
4.670453299999999786e+01
4.931719100000000111e+01
4.872331700000000154e+01
4.651774799999999743e+01
4.727670899999999676e+01
4.895103199999999788e+01
4.913863899999999774e+01
4.704098499999999916e+01
4.831765800000000155e+01
4.710325799999999674e+01
4.886538500000000340e+01
4.823015999999999792e+01
4.788145399999999796e+01
4.778767400000000265e+01
4.877428400000000153e+01
5.095806499999999772e+01
5.081798500000000018e+01
5.278622699999999668e+01
5.414303799999999711e+01
5.510818199999999933e+01
6.019494199999999751e+01
5.961858900000000006e+01
6.260796200000000056e+01
