7.678216900000000011e-01
7.098455999999999655e-01
7.897836599999999985e-01
7.112125299999999539e-01
7.412210299999999474e-01
8.414000000000000368e-01
8.764153700000000269e-01
9.205786900000000328e-01
7.565033599999999581e-01
9.089812000000000447e-01
8.567843099999999934e-01
8.877651699999999924e-01
9.184590099999999646e-01
7.878772099999999945e-01
1.018950999999999940e+00
7.833984800000000082e-01
8.038523100000000143e-01
9.180690299999999526e-01
8.987452999999999692e-01
8.593583999999999667e-01
9.166320300000000421e-01
8.262144399999999944e-01
9.114363199999999665e-01
8.232571600000000434e-01
8.920542500000000485e-01
8.391268699999999692e-01
9.687398499999999579e-01
9.418903600000000376e-01
1.085088400000000064e+00
9.853140200000000126e-01
9.926493899999999648e-01
8.442598000000000047e-01
9.037125200000000191e-01
9.483467300000000266e-01
9.773581099999999466e-01
9.459655799999999726e-01
1.003092700000000059e+00
8.696688500000000488e-01
9.528895400000000349e-01
9.676982400000000428e-01
8.682326500000000502e-01
9.834900300000000151e-01
1.007080699999999940e+00
9.847318400000000249e-01
9.984964899999999588e-01
9.235938399999999993e-01
8.266396200000000194e-01
9.429980700000000216e-01
1.071533199999999963e+00
8.746341399999999489e-01
9.649388399999999644e-01
9.657464300000000446e-01
8.954925700000000433e-01
9.728008799999999789e-01
1.009291799999999961e+00
9.740888300000000166e-01
9.090693699999999877e-01
9.116301399999999777e-01
9.812865299999999902e-01
8.995900799999999586e-01
9.266007400000000338e-01
8.971642499999999965e-01
8.551609399999999805e-01
9.431929700000000194e-01
9.751312899999999839e-01
8.741998699999999900e-01
1.002614799999999917e+00
8.940310700000000388e-01
8.794230299999999945e-01
7.780504599999999993e-01
8.313714100000000329e-01
6.402301599999999926e-01
4.278743400000000197e-01
1.406818999999999986e-01
4.793231600000000259e-02
-1.071145000000000014e-01
-2.712106100000000186e-01
-2.448216599999999965e-01
-4.716084500000000124e-01
-6.591918900000000026e-01
-5.871465000000000156e-01
-7.575243299999999680e-01
-7.795514000000000054e-01
-7.941422200000000098e-01
-7.820867700000000422e-01
-9.405804300000000229e-01
-8.317233499999999724e-01
-9.317704700000000173e-01
-9.417998100000000150e-01
-9.900184899999999733e-01
-6.663289999999999491e-01
-3.436977500000000241e-01
-1.388555599999999890e-01
6.540001099999999401e-02
2.797361999999999904e-01
3.449445500000000164e-01
4.960135099999999908e-01
4.864644399999999980e-01
5.396164300000000358e-01
7.883297500000000513e-01
6.859957899999999942e-01
7.505102399999999951e-01
6.763088900000000514e-01
8.684456400000000187e-01
9.751116100000000175e-01
8.961584900000000298e-01
8.487885600000000252e-01
9.052978099999999806e-01
8.438829700000000100e-01
9.202167199999999880e-01
8.234080700000000475e-01
9.130103899999999495e-01
9.065435099999999968e-01
8.736393199999999970e-01
8.973250000000000393e-01
9.062367700000000248e-01
9.434289999999999621e-01
8.787916599999999745e-01
8.958900199999999536e-01
8.843534400000000462e-01
8.643671299999999835e-01
9.037591200000000269e-01
1.069921300000000075e+00
9.897729899999999637e-01
8.735020999999999480e-01
9.378356100000000417e-01
9.569734600000000535e-01
1.030701199999999984e+00
1.023063599999999962e+00
8.680694100000000413e-01
8.491250000000000187e-01
1.026927900000000005e+00
1.024613699999999961e+00
1.031871600000000111e+00
9.428528600000000148e-01
9.595931899999999848e-01
9.217291399999999468e-01
9.885525600000000246e-01
8.721508399999999828e-01
1.059704600000000108e+00
9.717533000000000420e-01
1.027559600000000017e+00
8.552255399999999508e-01
9.332967100000000293e-01
1.002494800000000019e+00
9.217804699999999629e-01
1.010311100000000017e+00
8.674832199999999993e-01
9.898297900000000427e-01
9.215562299999999762e-01
8.947458799999999934e-01
9.965356699999999845e-01
9.749741699999999733e-01
8.749827900000000103e-01
1.060981200000000069e+00
9.006277900000000392e-01
9.579391400000000223e-01
9.246710399999999996e-01
8.956402199999999869e-01
8.443039599999999645e-01
9.090367700000000495e-01
9.337433400000000328e-01
9.183319399999999577e-01
8.737591300000000505e-01
8.305080999999999714e-01
7.578044800000000025e-01
8.700467400000000406e-01
8.013655299999999926e-01
7.523752500000000509e-01
8.812912099999999915e-01
4.383566300000000249e-01
2.594949999999999757e-01
7.914609000000000227e-02
1.103587999999999965e-02
-1.846282800000000057e-01
-2.757168700000000028e-01
-3.732172200000000162e-01
-5.137428200000000444e-01
-5.006616799999999978e-01
-5.995210800000000395e-01
-8.280915100000000306e-01
-8.787168899999999727e-01
-7.340253700000000103e-01
-8.438528600000000379e-01
-9.133759700000000370e-01
-9.238159799999999811e-01
-9.554146999999999501e-01
-9.149194099999999885e-01
-8.623906999999999545e-01
-6.605544599999999544e-01
-2.360393799999999931e-01
-7.195023100000000338e-02
3.034083300000000039e-01
2.683923899999999807e-01
4.074264100000000166e-01
5.055458999999999925e-01
6.082097699999999829e-01
6.231740500000000349e-01
7.408277199999999674e-01
7.660966099999999557e-01
7.276354200000000327e-01
8.272247900000000431e-01
7.520680499999999880e-01
8.204655899999999669e-01
9.078625700000000354e-01
9.066933000000000353e-01
8.075331799999999616e-01
8.687882999999999578e-01
8.957781700000000402e-01
8.949073499999999903e-01
8.513611800000000507e-01
6.975107400000000180e-01
8.496410899999999877e-01
8.509136000000000477e-01
8.204873700000000492e-01
9.314134899999999551e-01
8.747169099999999586e-01
8.771745699999999868e-01
9.076884699999999695e-01
9.868468799999999819e-01
9.052538900000000055e-01
1.098565699999999978e+00
9.695645699999999589e-01
7.803748499999999533e-01
9.522395999999999638e-01
9.297617799999999821e-01
9.040873699999999458e-01
9.225178000000000544e-01
9.684799099999999994e-01
9.536973499999999992e-01
1.028650199999999959e+00
9.300711600000000079e-01
9.497113600000000044e-01
9.215409100000000464e-01
9.601006899999999789e-01
8.482341700000000095e-01
9.693984100000000437e-01
9.455433300000000152e-01
9.072955099999999717e-01
9.666837600000000030e-01
9.050210899999999725e-01
8.819949799999999840e-01
1.039054900000000004e+00
9.751610099999999948e-01
1.002967100000000000e+00
9.029601800000000011e-01
9.198641699999999810e-01
9.665930000000000355e-01
9.155669699999999800e-01
9.701597800000000271e-01
9.591602099999999576e-01
9.855890600000000168e-01
9.152202999999999866e-01
9.757145600000000085e-01
9.414361100000000482e-01
9.271379600000000387e-01
1.001220299999999952e+00
9.986518399999999573e-01
9.236946299999999610e-01
1.054917600000000011e+00
8.517278600000000033e-01
9.308792700000000364e-01
9.275631600000000532e-01
9.180307399999999562e-01
8.270211499999999827e-01
7.727107100000000228e-01
9.036871699999999841e-01
8.980042499999999484e-01
5.928809600000000124e-01
3.226852900000000135e-01
1.438645000000000063e-01
-1.546199499999999921e-02
-2.768235199999999896e-01
-1.883301800000000137e-01
-3.830612999999999935e-01
-4.165595899999999796e-01
-5.213712799999999925e-01
-6.726900300000000499e-01
-6.832174399999999537e-01
-7.172675299999999865e-01
-8.016378299999999957e-01
-9.087908799999999676e-01
-1.002460899999999988e+00
-8.989262199999999980e-01
-9.331072000000000255e-01
-9.312441200000000086e-01
-9.084664300000000470e-01
-6.034553799999999857e-01
-4.005531199999999847e-01
-1.455545299999999875e-01
1.957553599999999894e-01
8.941129700000000069e-02
2.769894800000000101e-01
5.048682799999999471e-01
6.306106900000000293e-01
6.753075699999999681e-01
7.814691700000000463e-01
7.358429300000000062e-01
7.342400799999999617e-01
7.625149799999999534e-01
7.993061500000000485e-01
8.969017900000000321e-01
8.327649099999999693e-01
7.474112299999999820e-01
9.097925100000000542e-01
8.280935699999999455e-01
8.522135600000000366e-01
9.420866199999999857e-01
8.763614299999999968e-01
8.429474999999999607e-01
8.620934900000000178e-01
8.409019199999999694e-01
9.183577400000000335e-01
8.919510899999999465e-01
9.213563900000000251e-01
1.050378800000000057e+00
1.065247099999999891e+00
9.791058700000000448e-01
8.971632899999999466e-01
9.034017800000000431e-01
9.664009900000000153e-01
9.689529999999999532e-01
9.857780600000000115e-01
1.036690099999999948e+00
9.369659999999999656e-01
9.069877100000000025e-01
8.392677200000000504e-01
1.015831200000000045e+00
1.047350699999999968e+00
9.627337999999999729e-01
9.725154799999999877e-01
1.009106000000000058e+00
8.883163499999999768e-01
9.798998500000000167e-01
1.042917600000000000e+00
8.924086399999999752e-01
9.117161599999999977e-01
8.898765600000000386e-01
9.160146200000000016e-01
1.018122900000000053e+00
8.976600900000000216e-01
9.495047899999999874e-01
9.280035399999999601e-01
9.244317600000000468e-01
9.585580299999999498e-01
9.970568199999999548e-01
9.213111000000000494e-01
8.233875000000000499e-01
9.324669399999999664e-01
8.941782400000000131e-01
8.732930599999999544e-01
9.409297899999999881e-01
9.077643199999999579e-01
9.999186300000000305e-01
9.847844399999999832e-01
9.034145300000000489e-01
9.059372199999999875e-01
8.813175699999999946e-01
9.590053099999999997e-01
9.458192500000000003e-01
9.482121000000000022e-01
8.663540199999999469e-01
9.362298999999999483e-01
9.257176700000000480e-01
8.397934700000000419e-01
8.689180899999999763e-01
6.416811199999999937e-01
5.372484499999999885e-01
2.426608600000000060e-01
1.369652000000000092e-01
-1.120270200000000049e-01
-2.144016400000000044e-01
-3.637256600000000062e-01
-4.052235599999999827e-01
-5.585760100000000117e-01
-6.941187500000000066e-01
-6.323644600000000171e-01
-7.168352099999999449e-01
-8.638224199999999797e-01
-8.674171800000000099e-01
-8.611165499999999806e-01
-8.607380700000000218e-01
-9.017500600000000199e-01
-1.040441299999999902e+00
-9.559963200000000105e-01
-8.194012699999999594e-01
-4.834929499999999769e-01
-2.591943299999999728e-01
-5.646420500000000342e-02
2.355145499999999892e-01
3.154823800000000067e-01
3.970523499999999983e-01
5.120077699999999732e-01
6.380305299999999846e-01
6.520427800000000440e-01
6.757320199999999888e-01
7.798039399999999732e-01
7.357755799999999846e-01
8.220494699999999488e-01
7.947585400000000133e-01
8.305551799999999485e-01
8.250817799999999869e-01
8.490316999999999448e-01
9.095451799999999531e-01
8.574678799999999601e-01
9.298447100000000187e-01
8.528905799999999537e-01
8.403875299999999937e-01
8.306812599999999769e-01
8.559763599999999917e-01
8.739754800000000268e-01
9.244635700000000123e-01
9.025172099999999586e-01
9.462290100000000370e-01
9.417448400000000275e-01
8.751120599999999694e-01
9.500054999999999472e-01
8.934037200000000123e-01
8.726410199999999895e-01
8.618243199999999771e-01
9.262249900000000258e-01
9.844447100000000006e-01
9.080426400000000120e-01
1.058784699999999912e+00
9.410863000000000422e-01
8.967038400000000298e-01
9.685809800000000358e-01
9.839857899999999713e-01
9.268095400000000428e-01
1.055556399999999950e+00
8.797421500000000005e-01
9.763947200000000493e-01
9.077675800000000184e-01
9.772784199999999810e-01
1.003948800000000086e+00
9.175868600000000042e-01
9.406993099999999552e-01
1.021144300000000005e+00
9.940497999999999834e-01
8.644169600000000120e-01
9.232679700000000489e-01
9.392576299999999545e-01
8.422846699999999576e-01
8.817303499999999961e-01
9.893689900000000037e-01
9.627931400000000473e-01
1.055602099999999988e+00
9.423092400000000479e-01
9.602813300000000440e-01
9.236088000000000076e-01
1.042687300000000095e+00
9.115124399999999794e-01
9.186463499999999449e-01
9.117555899999999491e-01
9.250125300000000550e-01
1.039461799999999991e+00
8.844238399999999611e-01
9.525523299999999471e-01
9.228419300000000325e-01
8.546578799999999809e-01
8.641181300000000398e-01
9.406131100000000300e-01
8.145430599999999854e-01
8.860935699999999970e-01
9.527340399999999487e-01
5.248069899999999732e-01
4.000144800000000056e-01
2.089220599999999928e-01
-7.415278399999999936e-02
-1.131153700000000067e-01
-2.913025100000000145e-01
-2.736361400000000277e-01
-3.937884700000000016e-01
-5.384132700000000549e-01
-5.577666599999999697e-01
-6.693561999999999568e-01
-8.946783099999999767e-01
-8.592985800000000340e-01
-8.883407899999999913e-01
-9.920065200000000027e-01
-8.858028300000000410e-01
-9.105853900000000500e-01
-9.090658999999999823e-01
-7.990648999999999669e-01
-6.259394700000000533e-01
-3.879794599999999982e-01
-2.633248100000000133e-02
1.438185300000000000e-01
2.284974399999999961e-01
3.873108299999999948e-01
5.321360099999999926e-01
6.222286900000000287e-01
7.048367500000000119e-01
7.685071900000000067e-01
6.666018999999999695e-01
8.197369799999999485e-01
8.009571500000000066e-01
8.279395000000000504e-01
8.334280600000000261e-01
7.329196399999999834e-01
8.068645199999999740e-01
7.581490199999999513e-01
8.634440500000000185e-01
9.318936100000000389e-01
9.088819500000000495e-01
9.282481999999999678e-01
9.155220600000000264e-01
9.662917199999999651e-01
9.395680800000000277e-01
9.394671599999999678e-01
8.814606499999999567e-01
9.800089699999999793e-01
9.529829600000000456e-01
8.444593000000000238e-01
9.702131000000000505e-01
8.681474799999999714e-01
9.161632100000000056e-01
9.213518699999999617e-01
9.508474500000000385e-01
9.832279499999999617e-01
1.073169999999999957e+00
9.972734699999999952e-01
9.698598200000000391e-01
9.447967299999999735e-01
9.707278799999999874e-01
1.094467099999999915e+00
1.019224399999999919e+00
8.726394400000000440e-01
9.624433599999999700e-01
9.919308900000000095e-01
8.582790700000000328e-01
8.760011399999999560e-01
1.003666399999999959e+00
9.910526699999999689e-01
1.063393699999999997e+00
1.025717999999999908e+00
9.494866499999999876e-01
9.978506099999999712e-01
9.325709199999999699e-01
1.029060099999999922e+00
9.684929199999999794e-01
1.031184600000000007e+00
9.559163400000000310e-01
1.026704899999999920e+00
9.011571400000000232e-01
1.033397399999999910e+00
8.645686500000000496e-01
9.636873000000000244e-01
1.045622000000000051e+00
9.784192699999999521e-01
9.401085500000000428e-01
9.866936299999999882e-01
8.898346000000000311e-01
8.969366500000000020e-01
9.052926700000000215e-01
9.676648899999999998e-01
8.869730500000000406e-01
9.022872899999999641e-01
9.873351799999999789e-01
1.030656199999999911e+00
9.535844799999999566e-01
9.354278400000000104e-01
8.158338099999999926e-01
7.365478800000000437e-01
4.587479899999999944e-01
2.704304100000000100e-01
6.396069699999999691e-02
-2.251248700000000116e-02
-2.150919400000000092e-01
-3.323690599999999939e-01
-2.899355399999999916e-01
-6.047855300000000156e-01
-6.127254699999999943e-01
-7.994416300000000142e-01
-6.991686799999999868e-01
-8.222097200000000328e-01
-8.791858099999999565e-01
-8.093333700000000519e-01
-9.041318400000000199e-01
-8.187327399999999589e-01
-9.305775499999999756e-01
-9.014015100000000169e-01
-7.351296000000000497e-01
-3.459676700000000049e-01
-2.026741599999999921e-01
-8.099682799999999598e-04
2.481093799999999905e-01
3.361311699999999791e-01
4.054962500000000025e-01
5.222195899999999558e-01
5.569940500000000183e-01
6.038960700000000070e-01
7.054901300000000486e-01
8.391262000000000443e-01
7.607984899999999939e-01
8.022897900000000027e-01
7.966446299999999647e-01
8.568397700000000006e-01
9.429951899999999831e-01
7.428944200000000553e-01
8.158561199999999625e-01
8.428678099999999951e-01
8.844049800000000072e-01
8.154431699999999950e-01
7.772475699999999987e-01
8.174108599999999614e-01
9.713837600000000405e-01
8.644322599999999523e-01
8.529087600000000435e-01
8.986761899999999859e-01
8.886556799999999479e-01
9.697114999999999485e-01
8.692984599999999951e-01
1.019096299999999955e+00
8.354620699999999456e-01
9.886344799999999822e-01
1.001266900000000071e+00
9.408589600000000219e-01
9.265899399999999453e-01
9.031369900000000284e-01
9.607761400000000007e-01
9.507751500000000133e-01
1.053906199999999904e+00
9.027006100000000144e-01
9.952466599999999497e-01
9.473465199999999697e-01
1.098589999999999955e+00
9.933988400000000052e-01
9.209757100000000030e-01
1.000915299999999952e+00
9.751414999999999944e-01
1.027154600000000029e+00
9.191255499999999579e-01
9.984146099999999802e-01
9.579556399999999972e-01
9.470194699999999743e-01
9.631450000000000289e-01
9.800065500000000318e-01
9.331058800000000542e-01
8.690127699999999900e-01
9.163428900000000210e-01
9.567260600000000448e-01
8.849124200000000329e-01
9.227785099999999963e-01
9.086760499999999574e-01
9.314536500000000219e-01
1.018322600000000078e+00
9.495056699999999683e-01
9.138308800000000121e-01
9.391706600000000460e-01
9.586959999999999926e-01
8.946113700000000168e-01
9.589866900000000305e-01
9.330361000000000349e-01
9.813220599999999960e-01
8.864788200000000007e-01
8.610179399999999816e-01
9.481834700000000282e-01
1.059174800000000083e+00
8.738373400000000180e-01
5.955215900000000451e-01
3.504950700000000197e-01
1.013090400000000030e-01
1.234794599999999992e-01
-1.695360099999999870e-01
-3.370463499999999946e-01
-3.250907699999999734e-01
-4.941910999999999943e-01
-4.560012999999999983e-01
-5.952821200000000257e-01
-7.292943100000000012e-01
-7.156777699999999909e-01
-9.344589300000000209e-01
-7.866234100000000229e-01
-7.755414600000000158e-01
-8.332004100000000024e-01
-9.376563599999999665e-01
-1.033000600000000047e+00
-8.106268800000000496e-01
-5.710340000000000416e-01
-3.935327499999999867e-01
-1.464917799999999881e-01
1.755231100000000100e-01
2.617478899999999831e-01
2.948530899999999844e-01
4.233906800000000192e-01
5.750705699999999476e-01
7.211029599999999595e-01
6.472534500000000079e-01
7.330518000000000312e-01
8.655383700000000013e-01
8.289461599999999875e-01
7.892734200000000033e-01
7.596720500000000431e-01
8.574736800000000159e-01
8.440925599999999918e-01
8.494963300000000217e-01
8.357037099999999885e-01
8.573811500000000363e-01
8.020172300000000254e-01
8.087233999999999812e-01
9.534244499999999789e-01
8.243998299999999446e-01
8.115234900000000140e-01
9.917030199999999907e-01
9.089714199999999744e-01
9.423793999999999782e-01
9.185575499999999449e-01
8.723496699999999660e-01
9.559175600000000550e-01
9.139867400000000197e-01
9.119062199999999896e-01
8.267042599999999686e-01
9.226111299999999460e-01
9.689792799999999984e-01
9.208266000000000506e-01
9.361949299999999807e-01
9.540854399999999513e-01
1.024352300000000104e+00
9.958387600000000450e-01
8.385872399999999560e-01
1.013769900000000002e+00
9.925928600000000213e-01
1.000051900000000105e+00
1.021517599999999915e+00
1.006407499999999899e+00
9.663006200000000545e-01
9.941069799999999734e-01
1.027776999999999941e+00
9.566971699999999856e-01
9.124818599999999780e-01
1.144177299999999953e+00
1.007086399999999937e+00
9.242444100000000162e-01
8.813250999999999724e-01
9.023821199999999543e-01
1.032925099999999929e+00
9.715417100000000028e-01
9.673432499999999878e-01
8.732104099999999924e-01
9.385964700000000160e-01
9.089540000000000397e-01
8.411351700000000431e-01
9.286345999999999767e-01
9.902393699999999521e-01
9.292206299999999919e-01
8.827435799999999722e-01
9.101594499999999810e-01
8.188817999999999930e-01
9.258129000000000497e-01
9.024962100000000209e-01
8.662161600000000128e-01
9.290792700000000126e-01
9.712180599999999941e-01
9.817163100000000364e-01
8.292648900000000323e-01
8.305986499999999939e-01
7.812044799999999789e-01
7.706441299999999828e-01
5.084494000000000513e-01
3.349561300000000186e-01
6.296309999999999407e-02
-9.564712100000000855e-03
-2.938841600000000054e-01
-3.010445299999999769e-01
-4.455921199999999804e-01
-5.377434500000000117e-01
-5.649815500000000545e-01
-6.791791700000000542e-01
-6.561851199999999551e-01
-7.561161100000000079e-01
-8.228118500000000113e-01
-9.198689100000000396e-01
-8.593631600000000148e-01
-9.065317400000000303e-01
-9.517826200000000236e-01
-9.365100699999999723e-01
-7.629409799999999908e-01
-4.597061100000000011e-01
-3.008003399999999994e-01
-1.434963800000000067e-01
1.639242900000000003e-01
3.265623200000000170e-01
4.922972600000000143e-01
5.435720600000000235e-01
6.973845400000000527e-01
6.773436900000000538e-01
7.356825999999999643e-01
7.482051199999999458e-01
8.029890400000000428e-01
7.778952900000000170e-01
7.658701999999999455e-01
8.331673000000000551e-01
7.824104499999999796e-01
8.746217299999999861e-01
8.737020300000000184e-01
9.475837099999999680e-01
9.311410500000000257e-01
7.909314600000000306e-01
8.335166200000000414e-01
9.021898000000000417e-01
9.532855399999999868e-01
1.014551999999999898e+00
8.724565600000000476e-01
8.997038099999999927e-01
9.372473099999999446e-01
9.567012400000000083e-01
1.065092200000000044e+00
9.335502700000000154e-01
9.628963000000000383e-01
8.776468400000000392e-01
8.984287699999999877e-01
9.325082900000000175e-01
9.774740699999999727e-01
9.126185300000000389e-01
9.555989900000000370e-01
9.199941000000000368e-01
1.027385900000000074e+00
9.235686699999999805e-01
9.944381500000000207e-01
8.716209400000000107e-01
8.980251999999999679e-01
1.063305200000000061e+00
1.005073300000000058e+00
9.314511800000000452e-01
1.075216900000000031e+00
9.077054199999999851e-01
1.058127500000000110e+00
9.227514500000000286e-01
9.130918399999999879e-01
9.269370000000000109e-01
9.545213099999999562e-01
1.042281000000000013e+00
1.040942599999999940e+00
9.112821599999999522e-01
9.541173499999999752e-01
9.429422100000000029e-01
8.981767200000000395e-01
9.940879900000000324e-01
9.430862100000000359e-01
8.704975999999999825e-01
8.323242499999999877e-01
9.934568700000000474e-01
8.959129999999999594e-01
9.658779199999999454e-01
9.239520300000000352e-01
9.441767199999999693e-01
9.171969199999999711e-01
9.997011700000000278e-01
9.235665899999999651e-01
9.054389999999999938e-01
9.666614799999999619e-01
9.463653199999999543e-01
9.705279399999999779e-01
8.853230500000000003e-01
8.751410699999999654e-01
9.360812499999999758e-01
4.765107800000000227e-01
3.763948799999999872e-01
1.198968799999999973e-01
-9.064709599999999645e-02
-1.607376500000000097e-01
-2.810175599999999996e-01
-4.538093599999999950e-01
-5.081898799999999827e-01
-4.847179699999999980e-01
-7.070881700000000158e-01
-6.298357300000000381e-01
-7.145810099999999609e-01
-8.600373100000000548e-01
-7.944866600000000112e-01
-9.050753999999999744e-01
-1.011954599999999926e+00
-9.861133600000000499e-01
-8.220580899999999636e-01
-8.815981099999999904e-01
-5.857717700000000249e-01
-3.876474500000000045e-01
-3.216861599999999710e-02
1.141952499999999981e-01
1.362680000000000002e-01
3.340364100000000058e-01
4.553152799999999889e-01
6.259302700000000108e-01
6.160083800000000220e-01
6.188960500000000309e-01
7.598105400000000342e-01
8.347627100000000189e-01
9.079247700000000476e-01
7.749129099999999548e-01
6.312436599999999842e-01
8.499110800000000410e-01
8.899575899999999651e-01
9.613802900000000262e-01
9.440013200000000326e-01
9.375558099999999895e-01
8.636044499999999680e-01
7.999455800000000449e-01
9.573417899999999703e-01
8.460777900000000518e-01
9.263822400000000234e-01
9.534860299999999844e-01
8.852838499999999833e-01
9.859954899999999745e-01
9.193476200000000320e-01
1.010142000000000095e+00
9.445196999999999621e-01
9.079763199999999479e-01
9.441297300000000003e-01
1.038793000000000077e+00
1.041962499999999903e+00
9.421714399999999712e-01
8.904764299999999855e-01
9.299331499999999862e-01
9.695562800000000481e-01
9.950492100000000173e-01
1.090304900000000021e+00
8.478393499999999916e-01
9.579597399999999485e-01
9.994389399999999979e-01
9.522874999999999535e-01
1.054312600000000044e+00
1.014888400000000024e+00
9.453198299999999721e-01
1.024463200000000018e+00
8.585690499999999448e-01
9.993019800000000341e-01
8.670416499999999971e-01
8.773651799999999668e-01
8.098474100000000453e-01
9.014090999999999632e-01
9.935896899999999698e-01
9.728780399999999995e-01
1.034733899999999984e+00
1.137693599999999972e+00
1.018395900000000021e+00
8.993889800000000045e-01
9.965600399999999803e-01
9.673984799999999495e-01
9.469793300000000080e-01
9.921596099999999696e-01
9.223219000000000278e-01
9.193777800000000333e-01
8.813567500000000221e-01
9.879663199999999534e-01
8.324044699999999519e-01
8.888497400000000548e-01
9.637117899999999571e-01
9.640585000000000404e-01
9.294661699999999804e-01
9.778497099999999831e-01
9.892131400000000463e-01
8.034550299999999590e-01
8.919463100000000200e-01
8.808831700000000486e-01
5.842502200000000423e-01
3.825730500000000256e-01
2.458109900000000070e-01
-7.037890800000000391e-02
-3.906135399999999952e-02
-1.902783100000000061e-01
-2.813583900000000138e-01
-4.082341999999999915e-01
-5.840121299999999627e-01
-6.211643000000000026e-01
-7.094806799999999747e-01
-7.838520100000000435e-01
-7.590078900000000184e-01
-8.911364999999999981e-01
-8.343751700000000548e-01
-8.528085699999999880e-01
-9.275568600000000385e-01
-1.041225899999999926e+00
-8.913683000000000023e-01
-8.010282199999999575e-01
-6.240840800000000410e-01
-2.066917100000000007e-01
6.616081399999999835e-02
8.512732500000000369e-02
2.507222399999999851e-01
5.177740100000000067e-01
5.717651900000000342e-01
6.797868599999999928e-01
6.414428300000000194e-01
7.730622900000000408e-01
6.654770599999999536e-01
7.136296399999999540e-01
7.842189299999999808e-01
7.865805399999999947e-01
8.908170399999999489e-01
8.503242100000000248e-01
7.341644699999999579e-01
8.883615599999999946e-01
8.367149400000000181e-01
9.225477800000000395e-01
9.252042200000000216e-01
7.884590700000000396e-01
8.730390999999999568e-01
8.681342300000000067e-01
9.390421100000000409e-01
9.211166200000000526e-01
9.278360700000000127e-01
8.696701500000000307e-01
8.721885799999999911e-01
9.410123999999999711e-01
9.026480399999999849e-01
9.629428100000000379e-01
8.277249199999999751e-01
9.615384200000000048e-01
8.866736299999999904e-01
8.786865799999999949e-01
9.058904199999999740e-01
8.946638399999999880e-01
9.399263500000000215e-01
9.996981499999999521e-01
1.072255699999999923e+00
9.528130099999999603e-01
9.324063099999999604e-01
8.705046499999999909e-01
1.053730000000000055e+00
1.035331699999999966e+00
9.656338700000000053e-01
1.038597200000000109e+00
8.696449299999999827e-01
1.001517599999999897e+00
1.055869799999999969e+00
9.394440699999999644e-01
8.653326500000000365e-01
9.779013100000000236e-01
9.929039699999999691e-01
9.705222000000000016e-01
9.544968900000000422e-01
9.986208800000000441e-01
9.175900299999999454e-01
8.379272100000000334e-01
9.747890799999999745e-01
9.310347300000000326e-01
9.045095899999999745e-01
9.263362699999999617e-01
9.316092700000000448e-01
8.044538599999999651e-01
8.722962699999999847e-01
8.863715100000000291e-01
9.215061199999999841e-01
9.194224899999999812e-01
8.842525500000000260e-01
8.012719799999999948e-01
9.940063199999999988e-01
9.923074699999999693e-01
8.536897199999999852e-01
9.114365199999999723e-01
8.173149800000000242e-01
9.664825000000000221e-01
7.927336499999999564e-01
5.500730000000000341e-01
3.180788399999999738e-01
1.739232800000000134e-01
-1.041442800000000057e-01
-2.100417599999999940e-01
-3.035914800000000247e-01
-3.896733199999999897e-01
-5.191219000000000250e-01
-6.084661999999999571e-01
-5.280301200000000472e-01
-5.926774700000000395e-01
-8.349037499999999445e-01
-8.691620700000000088e-01
-1.004330799999999968e+00
-7.771223400000000225e-01
-9.834351799999999644e-01
-1.000625499999999946e+00
-1.031202900000000033e+00
-7.951810000000000267e-01
-5.515582599999999669e-01
-2.437829800000000102e-01
-8.221231000000000719e-03
1.786013399999999973e-01
3.286543399999999893e-01
3.942802899999999777e-01
5.344653700000000507e-01
6.411753300000000433e-01
6.012252799999999731e-01
6.934398899999999477e-01
7.638358100000000039e-01
8.133126200000000416e-01
7.326476299999999942e-01
9.745169700000000379e-01
7.459864800000000074e-01
8.448640299999999881e-01
9.514820099999999892e-01
8.853375399999999784e-01
9.381840599999999863e-01
9.339899000000000395e-01
8.849713700000000349e-01
8.393070000000000253e-01
9.647608300000000137e-01
1.067009700000000061e+00
8.706230000000000357e-01
9.816366100000000205e-01
9.512264700000000461e-01
8.971608300000000202e-01
9.536973399999999490e-01
9.627813699999999697e-01
9.093550299999999531e-01
1.002068399999999970e+00
9.183709799999999479e-01
8.868025899999999462e-01
8.295042400000000038e-01
9.085208999999999646e-01
8.927223499999999978e-01
8.843689200000000028e-01
9.966831999999999914e-01
9.987544200000000316e-01
1.027786000000000088e+00
1.074418600000000001e+00
1.015013399999999955e+00
8.605883800000000416e-01
1.043115900000000096e+00
9.349099100000000107e-01
8.836188900000000457e-01
9.850491900000000189e-01
9.277389099999999722e-01
9.942674900000000315e-01
9.994545999999999708e-01
9.073789599999999567e-01
9.919133799999999557e-01
1.014277799999999896e+00
9.657914100000000168e-01
1.026928199999999958e+00
9.805232400000000181e-01
9.006916600000000050e-01
8.892067799999999744e-01
9.995072000000000401e-01
9.445242700000000546e-01
9.158127999999999824e-01
8.234055000000000124e-01
8.591299999999999493e-01
8.408214899999999492e-01
9.986235300000000370e-01
8.988335800000000209e-01
8.154240600000000061e-01
9.374795500000000503e-01
8.312074099999999799e-01
8.873082899999999995e-01
8.867244399999999471e-01
9.396724699999999819e-01
8.661337300000000461e-01
9.562632699999999986e-01
8.193748899999999669e-01
9.218161900000000353e-01
8.643233299999999453e-01
8.617751099999999553e-01
7.257275300000000096e-01
4.604094000000000242e-01
1.260691700000000082e-01
3.687452599999999775e-02
-1.053501500000000035e-01
-8.766576900000000450e-02
-3.217829199999999723e-01
-4.605909200000000148e-01
-5.163846699999999901e-01
-6.672639200000000104e-01
-6.507299699999999909e-01
-8.106838200000000549e-01
-7.498592499999999772e-01
-8.359988799999999998e-01
-9.177568600000000076e-01
-9.473861900000000169e-01
-9.158981200000000378e-01
-9.668038100000000412e-01
-1.003001299999999985e+00
-7.525251200000000473e-01
-4.687130500000000199e-01
-2.180957400000000102e-01
6.646346000000000198e-02
3.074167700000000059e-01
3.196966700000000161e-01
4.154353199999999968e-01
5.913042400000000365e-01
6.846552599999999877e-01
7.407162699999999544e-01
7.741924100000000530e-01
7.236402400000000457e-01
7.833198700000000292e-01
7.700862000000000540e-01
8.650815499999999769e-01
8.294137599999999999e-01
9.529193500000000538e-01
9.512577100000000341e-01
8.571320100000000552e-01
8.984767099999999562e-01
9.563341600000000442e-01
8.472274400000000538e-01
9.857642899999999875e-01
9.155714499999999534e-01
9.467931499999999723e-01
9.325029099999999627e-01
9.030087799999999554e-01
9.628513499999999947e-01
8.787144999999999539e-01
7.948253299999999966e-01
9.671310300000000026e-01
9.576223699999999450e-01
9.296520700000000526e-01
9.811950499999999575e-01
8.442437600000000097e-01
9.254604899999999690e-01
9.641878699999999469e-01
9.672354899999999756e-01
9.800879599999999803e-01
1.069999099999999981e+00
1.014181400000000011e+00
8.743681500000000106e-01
9.080441299999999494e-01
1.036042899999999989e+00
1.070752300000000101e+00
1.095115599999999967e+00
1.031349400000000083e+00
9.748620300000000460e-01
1.074414699999999945e+00
1.029717100000000052e+00
1.003207100000000018e+00
9.160545700000000124e-01
1.042606900000000003e+00
9.467986999999999931e-01
9.741905800000000282e-01
9.001919299999999735e-01
8.858851699999999996e-01
9.828731400000000340e-01
8.694621399999999944e-01
9.389449100000000215e-01
9.660857999999999945e-01
9.745678199999999736e-01
1.114603599999999917e+00
9.496634800000000043e-01
8.863200599999999652e-01
8.860316400000000092e-01
9.310695100000000446e-01
8.524025100000000021e-01
7.100430199999999692e-01
9.185074100000000241e-01
8.869043899999999869e-01
8.738523099999999655e-01
1.059478600000000048e+00
8.910161100000000278e-01
8.003715500000000427e-01
8.504511900000000235e-01
8.314176699999999975e-01
8.304409299999999661e-01
9.287652199999999469e-01
6.509592499999999893e-01
4.388340199999999913e-01
3.653063799999999861e-01
9.310346899999999426e-02
-8.835292299999999988e-02
-9.025149799999999944e-02
-2.471802100000000113e-01
-4.248899400000000215e-01
-5.305052500000000393e-01
-6.180910699999999647e-01
-7.092579399999999756e-01
-7.814829100000000306e-01
-7.038817800000000124e-01
-8.336345299999999847e-01
-7.406258700000000195e-01
-8.993580500000000200e-01
-9.680490600000000168e-01
-9.080779900000000016e-01
-9.116210799999999725e-01
-8.683610200000000390e-01
-6.014352899999999558e-01
-3.067936800000000130e-01
1.266922000000000048e-01
2.946184900000000106e-01
2.569826299999999897e-01
3.617928200000000150e-01
5.644307299999999916e-01
7.185539899999999758e-01
6.124108099999999721e-01
6.221782700000000332e-01
8.535285400000000022e-01
7.156008400000000158e-01
7.985282999999999687e-01
8.371900100000000400e-01
8.382336999999999705e-01
8.801948400000000339e-01
8.365006799999999965e-01
8.755968400000000429e-01
9.187452299999999683e-01
7.700309400000000526e-01
1.041969099999999981e+00
8.061300000000000132e-01
8.697238000000000469e-01
9.147340900000000552e-01
8.123076799999999764e-01
8.907445299999999788e-01
9.338400100000000537e-01
8.572217500000000046e-01
9.469456600000000224e-01
8.075974700000000395e-01
9.724224999999999675e-01
8.666503599999999530e-01
9.469128999999999463e-01
8.961050200000000299e-01
9.696696999999999678e-01
9.060551100000000524e-01
9.919712499999999711e-01
9.130863000000000174e-01
1.043272100000000036e+00
9.028483000000000480e-01
1.026634199999999941e+00
1.018335299999999943e+00
9.428660700000000006e-01
9.070881600000000322e-01
9.213022499999999892e-01
8.945247200000000509e-01
9.251473199999999952e-01
1.029437300000000111e+00
9.144725700000000401e-01
9.488731400000000038e-01
9.445381800000000050e-01
9.975238600000000400e-01
8.733246399999999854e-01
1.020656699999999972e+00
9.643842900000000329e-01
8.880009899999999901e-01
1.043808499999999917e+00
8.909825399999999895e-01
8.881679000000000102e-01
8.392433900000000335e-01
9.089438899999999766e-01
9.809995500000000535e-01
9.684787299999999544e-01
9.297497900000000204e-01
1.074666700000000086e+00
8.393926600000000127e-01
9.229321499999999512e-01
9.515491000000000366e-01
9.481786700000000012e-01
9.004259100000000515e-01
9.793682200000000115e-01
8.359800699999999640e-01
9.099491499999999844e-01
9.529703000000000479e-01
8.688444400000000511e-01
8.954014300000000537e-01
9.282645200000000374e-01
9.205560499999999591e-01
7.913999999999999924e-01
6.097367000000000203e-01
4.207676799999999773e-01
2.413143399999999883e-01
1.313936900000000074e-01
-7.045963299999999374e-02
-1.521906600000000054e-01
-3.643072600000000216e-01
-4.624768000000000212e-01
-5.300546900000000505e-01
-6.431048400000000109e-01
-6.369397399999999765e-01
-7.361131800000000336e-01
-7.557562399999999680e-01
-7.744735000000000369e-01
-9.457721500000000336e-01
-8.712020799999999898e-01
-8.648241899999999927e-01
-1.042783999999999933e+00
-9.194416300000000097e-01
-6.448515000000000219e-01
-3.612724600000000175e-01
-1.601180799999999960e-01
1.755120199999999908e-01
2.126479199999999903e-01
2.995248099999999747e-01
5.151151600000000164e-01
5.406422699999999804e-01
7.414340999999999848e-01
7.131224900000000533e-01
7.060764400000000274e-01
8.474680700000000177e-01
7.442254000000000369e-01
8.858363299999999496e-01
8.667091700000000287e-01
8.759940200000000399e-01
8.612483399999999456e-01
8.820662099999999617e-01
9.080980899999999689e-01
8.957646299999999506e-01
8.596084000000000502e-01
8.520572800000000280e-01
7.879731199999999713e-01
8.464011799999999752e-01
9.681197299999999561e-01
8.438149099999999736e-01
9.546378899999999890e-01
8.322208300000000225e-01
9.170040000000000413e-01
9.192229499999999831e-01
8.641548700000000194e-01
9.286412600000000239e-01
1.032444300000000093e+00
9.382762000000000047e-01
9.848264799999999486e-01
9.065472799999999554e-01
1.061929799999999924e+00
9.476776900000000170e-01
8.583549200000000212e-01
9.518432300000000401e-01
1.004694999999999894e+00
9.475138699999999803e-01
9.351874100000000523e-01
1.033375200000000049e+00
8.757765899999999659e-01
9.663029800000000336e-01
8.969227400000000516e-01
9.939625100000000213e-01
9.029821799999999676e-01
9.271562199999999754e-01
1.023320699999999972e+00
9.159654000000000407e-01
9.772484099999999563e-01
1.031600000000000072e+00
9.232934099999999811e-01
9.243607600000000035e-01
1.007023299999999955e+00
9.865013000000000254e-01
9.901127299999999964e-01
1.034083300000000039e+00
9.967414300000000393e-01
9.044091800000000347e-01
9.621165900000000493e-01
9.673003399999999807e-01
9.337046900000000038e-01
1.035587599999999942e+00
9.648825199999999658e-01
7.749959800000000287e-01
8.818897399999999775e-01
8.478413000000000199e-01
9.098796099999999498e-01
8.511593200000000525e-01
9.375253199999999953e-01
8.539302100000000229e-01
7.960666800000000265e-01
8.999126899999999596e-01
9.653550100000000134e-01
7.628471900000000083e-01
7.897396199999999755e-01
5.265045000000000419e-01
2.024189799999999984e-01
-8.749387899999999511e-05
-3.151137400000000172e-02
-2.283454099999999987e-01
-2.700503100000000156e-01
-4.603519500000000098e-01
-5.565275800000000217e-01
-6.197256199999999771e-01
-6.283307599999999882e-01
-7.201543299999999537e-01
-8.339343200000000067e-01
-8.804740599999999473e-01
-8.039882099999999809e-01
-9.281654200000000188e-01
-8.848567400000000305e-01
-9.448072400000000481e-01
-1.029456200000000043e+00
-7.951222999999999486e-01
-4.950877399999999984e-01
-1.694062500000000082e-01
-1.029292499999999964e-03
1.893192099999999878e-01
2.739237199999999817e-01
3.189459199999999939e-01
4.806440000000000157e-01
6.533680499999999780e-01
6.608075799999999500e-01
7.514896500000000090e-01
7.524213800000000285e-01
8.446519799999999689e-01
8.051084200000000468e-01
7.680382900000000124e-01
7.874605199999999972e-01
8.574942300000000239e-01
8.541853299999999649e-01
9.216996100000000025e-01
8.594475000000000309e-01
8.769340100000000415e-01
8.140730600000000150e-01
8.933760400000000379e-01
9.506491599999999931e-01
9.595614700000000274e-01
9.076391999999999793e-01
9.351480599999999477e-01
8.638285399999999781e-01
8.561836499999999628e-01
1.002353999999999967e+00
8.948381499999999988e-01
9.896851899999999924e-01
9.627312300000000489e-01
9.906248500000000012e-01
7.942798899999999884e-01
8.793308199999999575e-01
9.393492300000000350e-01
9.878444899999999640e-01
1.025758900000000029e+00
9.982753500000000058e-01
1.038469599999999993e+00
9.972979299999999991e-01
1.069885100000000033e+00
9.237817200000000284e-01
1.067572799999999988e+00
9.346354999999999524e-01
9.732572800000000024e-01
1.009685799999999967e+00
1.001430299999999995e+00
9.429160300000000161e-01
1.045606000000000035e+00
9.692964800000000158e-01
9.230768099999999698e-01
9.513362300000000049e-01
1.018514399999999931e+00
8.874705600000000194e-01
9.819821100000000191e-01
8.964184600000000280e-01
9.565125599999999562e-01
1.029296800000000012e+00
1.005060400000000076e+00
9.036084899999999864e-01
9.033234500000000278e-01
9.524423300000000037e-01
8.782902399999999998e-01
9.598974000000000117e-01
9.391143899999999656e-01
9.486077200000000431e-01
7.856074499999999849e-01
8.727440600000000437e-01
1.000258199999999986e+00
8.974067000000000016e-01
9.245210999999999846e-01
8.763346899999999717e-01
1.013020500000000101e+00
9.247587000000000446e-01
7.418000000000000149e-01
8.288448999999999955e-01
8.622154100000000154e-01
7.974437899999999857e-01
6.042225300000000354e-01
2.875423599999999968e-01
1.647627399999999909e-01
3.634442200000000123e-02
-9.007169900000000506e-02
-3.123788900000000202e-01
-2.976842900000000181e-01
-4.837411799999999928e-01
-5.700226299999999746e-01
-6.131448099999999846e-01
-7.553486700000000553e-01
-7.422624899999999970e-01
-7.309104100000000104e-01
-8.663497000000000003e-01
-8.834798200000000268e-01
-8.068859400000000237e-01
-9.289644200000000129e-01
-9.916921800000000342e-01
-8.923587499999999784e-01
-7.055026100000000300e-01
-3.938455499999999887e-01
-1.385341599999999895e-01
1.003354600000000013e-01
3.742957100000000037e-01
2.772715499999999778e-01
4.856832400000000161e-01
6.125277199999999977e-01
7.557164200000000553e-01
7.035310500000000467e-01
8.421797199999999650e-01
8.154441999999999524e-01
7.748213699999999537e-01
7.928156400000000437e-01
7.764700199999999830e-01
8.677122299999999733e-01
8.202396100000000079e-01
9.030910300000000168e-01
8.773871699999999940e-01
9.516481199999999863e-01
9.902420299999999953e-01
8.133995499999999712e-01
9.427168799999999793e-01
8.023152999999999535e-01
9.220168499999999989e-01
9.347896100000000486e-01
9.618681799999999615e-01
1.025740899999999955e+00
8.880230099999999460e-01
9.743622800000000250e-01
9.464893500000000071e-01
9.686282699999999579e-01
9.840147599999999883e-01
9.977442300000000097e-01
8.758529000000000453e-01
9.974654400000000365e-01
9.434643900000000416e-01
1.000009200000000043e+00
1.140638199999999935e+00
1.037689899999999943e+00
9.324670900000000540e-01
1.007452900000000096e+00
9.323468900000000392e-01
9.495337400000000150e-01
1.027626200000000045e+00
1.085092200000000062e+00
9.462878799999999702e-01
8.450878499999999738e-01
1.034006100000000039e+00
9.884526599999999830e-01
9.760518400000000039e-01
1.043630400000000069e+00
9.899948100000000029e-01
9.764048100000000119e-01
9.440573799999999460e-01
9.089329000000000436e-01
1.095538399999999912e+00
9.276791800000000476e-01
9.961875500000000327e-01
9.307761100000000454e-01
9.072747300000000292e-01
1.019375300000000095e+00
9.268911699999999865e-01
9.586054000000000519e-01
9.061971599999999460e-01
9.011956199999999750e-01
9.681075599999999781e-01
1.030436499999999977e+00
9.134140499999999774e-01
8.714876400000000078e-01
8.660432999999999604e-01
9.303285999999999500e-01
8.391805700000000146e-01
9.799819899999999695e-01
7.815623900000000512e-01
8.298298600000000302e-01
8.809508799999999917e-01
7.897560700000000322e-01
8.755450099999999569e-01
7.284768900000000436e-01
3.642208599999999796e-01
2.727640700000000251e-01
5.333089299999999727e-02
-1.799934099999999926e-01
-1.160440300000000063e-01
-2.530146899999999865e-01
-4.224678099999999992e-01
-4.091754400000000014e-01
-6.208300900000000011e-01
-7.196094400000000446e-01
-7.907278699999999994e-01
-8.185334100000000168e-01
-8.654519400000000307e-01
-9.557002399999999787e-01
-8.443902300000000194e-01
-9.204853499999999800e-01
-9.504513500000000281e-01
-9.639039200000000251e-01
-7.689754199999999651e-01
-3.777561999999999864e-01
-1.796611999999999931e-01
-7.756409300000000062e-02
1.530290599999999945e-01
2.653106499999999812e-01
3.952947700000000175e-01
4.415343899999999988e-01
5.093249300000000090e-01
6.433859299999999948e-01
6.966575400000000196e-01
7.338263200000000319e-01
7.325946199999999742e-01
7.513755600000000534e-01
7.783967200000000419e-01
8.477537400000000334e-01
8.354290300000000169e-01
8.927267399999999631e-01
8.517721200000000215e-01
8.895424600000000348e-01
9.867260799999999499e-01
8.657841200000000459e-01
8.325192000000000148e-01
8.101616999999999846e-01
9.114897499999999875e-01
8.545569400000000426e-01
8.404739399999999749e-01
8.972686199999999612e-01
8.914778500000000161e-01
1.016704300000000005e+00
9.282964999999999689e-01
9.480131600000000214e-01
9.686913799999999908e-01
9.109977099999999606e-01
9.391412199999999988e-01
8.876144299999999543e-01
9.310053099999999748e-01
9.407304300000000064e-01
9.555085199999999723e-01
9.697978800000000010e-01
1.043753699999999895e+00
9.865189300000000161e-01
1.040676500000000004e+00
9.122041100000000124e-01
8.914651599999999787e-01
9.222603299999999615e-01
9.255240300000000531e-01
9.053071599999999997e-01
9.952562200000000248e-01
9.566887200000000480e-01
9.244434599999999946e-01
9.647638499999999784e-01
9.078373899999999663e-01
8.067972199999999816e-01
9.719402600000000003e-01
8.734279200000000243e-01
9.079246800000000395e-01
9.531060799999999666e-01
9.170560500000000115e-01
8.859100199999999647e-01
9.017921399999999643e-01
9.582474600000000509e-01
9.550554100000000490e-01
9.133351100000000056e-01
8.310805199999999893e-01
8.710013699999999970e-01
9.704677800000000021e-01
9.210851500000000192e-01
8.179805999999999466e-01
8.680799099999999546e-01
9.446893100000000043e-01
8.571987399999999591e-01
8.368070300000000072e-01
8.869507699999999994e-01
9.105977200000000549e-01
9.169397799999999821e-01
8.367376899999999784e-01
8.752159099999999858e-01
8.538871500000000392e-01
7.568878999999999468e-01
4.782059799999999750e-01
4.296109799999999757e-01
1.726179100000000133e-01
9.944391699999999279e-03
-2.410388599999999937e-01
-2.843732199999999821e-01
-3.317608699999999855e-01
-4.480522399999999905e-01
-4.257195400000000074e-01
-7.430867700000000076e-01
-6.398296599999999668e-01
-7.909147899999999787e-01
-6.748461399999999832e-01
-8.468579400000000312e-01
-8.359717399999999632e-01
-9.297457300000000480e-01
-9.735989400000000238e-01
-9.141025999999999874e-01
-9.336271499999999612e-01
-6.201231299999999669e-01
-4.018117900000000020e-01
2.566906099999999996e-02
1.607905599999999990e-01
8.807776999999999967e-02
2.825186800000000220e-01
5.704384099999999513e-01
6.024227899999999858e-01
7.111220799999999898e-01
7.123286399999999574e-01
6.225166199999999650e-01
7.079012999999999556e-01
8.515913099999999902e-01
7.974626200000000109e-01
8.004378100000000273e-01
7.651375000000000259e-01
8.581846699999999828e-01
9.116835100000000303e-01
8.727419499999999886e-01
9.580756900000000353e-01
8.973119000000000511e-01
8.471066200000000324e-01
8.273569400000000407e-01
8.455797499999999634e-01
8.327397399999999505e-01
1.024082799999999960e+00
9.352843699999999760e-01
9.463887100000000219e-01
8.693838299999999686e-01
9.471383700000000072e-01
9.928030399999999700e-01
7.610598600000000324e-01
9.830252800000000013e-01
9.918233100000000135e-01
1.020952599999999988e+00
9.604167399999999910e-01
9.682564700000000357e-01
9.198025399999999463e-01
9.391827400000000159e-01
9.425214600000000331e-01
9.762001999999999624e-01
9.928641999999999745e-01
8.714249800000000157e-01
9.428813799999999912e-01
1.017783000000000104e+00
9.453954399999999758e-01
1.025220299999999973e+00
9.569710099999999553e-01
9.246495200000000025e-01
1.020639800000000097e+00
9.787947299999999462e-01
9.873238399999999526e-01
8.812813600000000136e-01
9.949439100000000424e-01
9.877517399999999892e-01
9.512673799999999957e-01
1.054608900000000071e+00
8.420018500000000516e-01
8.789416300000000293e-01
1.024772900000000098e+00
9.295472900000000260e-01
8.775489600000000445e-01
9.386072100000000251e-01
9.261770200000000175e-01
8.181852099999999961e-01
8.398088000000000219e-01
9.682033500000000181e-01
9.404158200000000134e-01
8.393047599999999830e-01
9.578004500000000254e-01
9.525860499999999620e-01
8.427970599999999868e-01
8.008436799999999467e-01
8.842034199999999622e-01
9.079204899999999689e-01
8.643402300000000427e-01
9.071382099999999449e-01
9.021627100000000343e-01
8.109560300000000499e-01
7.522740799999999561e-01
3.834822299999999795e-01
1.956878999999999980e-01
8.573230199999999634e-02
-1.071866100000000016e-01
-1.800418699999999927e-01
-4.169517600000000046e-01
-3.908296800000000126e-01
-5.753569299999999886e-01
-6.421287900000000048e-01
-7.013120099999999857e-01
-7.486576999999999815e-01
-7.933539400000000352e-01
-7.862791999999999559e-01
-8.198305000000000176e-01
-8.296766800000000552e-01
-8.942101900000000159e-01
-9.775341499999999906e-01
-8.940068500000000196e-01
-7.132589599999999974e-01
-4.034585399999999766e-01
-1.929367499999999902e-01
1.394309000000000000e-02
2.407355100000000137e-01
3.372002299999999897e-01
4.089529199999999975e-01
6.173095800000000244e-01
6.218588900000000530e-01
6.231420300000000134e-01
6.918602600000000047e-01
7.715115399999999957e-01
8.509206700000000456e-01
9.152366699999999744e-01
9.036775500000000516e-01
8.219975200000000370e-01
8.270630700000000113e-01
8.709335799999999850e-01
8.076155400000000206e-01
9.079658800000000030e-01
8.379227599999999887e-01
9.000365099999999563e-01
8.416695600000000388e-01
8.350202799999999481e-01
8.716495600000000454e-01
9.439882600000000235e-01
9.007336099999999623e-01
8.597446800000000389e-01
1.009900100000000078e+00
9.772576400000000385e-01
9.115584899999999990e-01
9.866357700000000230e-01
8.686151399999999523e-01
8.532467799999999825e-01
9.298719300000000132e-01
8.541439299999999957e-01
8.998112200000000227e-01
9.395322200000000290e-01
9.683451800000000276e-01
9.065258999999999956e-01
9.793491500000000016e-01
1.003205600000000031e+00
8.977205099999999716e-01
8.413082200000000510e-01
9.315252099999999924e-01
1.005602399999999896e+00
9.742848499999999801e-01
1.012407700000000021e+00
9.993966800000000372e-01
8.224601700000000459e-01
9.668928900000000048e-01
9.590306400000000453e-01
8.802319299999999958e-01
9.723612799999999945e-01
8.737545300000000292e-01
1.026114600000000099e+00
9.562143300000000012e-01
8.955313599999999985e-01
1.060095500000000079e+00
8.853806600000000415e-01
8.519974900000000240e-01
8.724242899999999912e-01
9.634767699999999824e-01
9.560918299999999759e-01
8.438178499999999804e-01
9.889275199999999488e-01
8.654789299999999796e-01
9.854976600000000531e-01
8.348865199999999653e-01
9.230139299999999825e-01
9.387124300000000421e-01
9.722147799999999451e-01
8.369447500000000151e-01
1.015289300000000061e+00
8.969853100000000357e-01
9.106546800000000497e-01
7.740943900000000211e-01
9.197617399999999943e-01
8.148914400000000224e-01
8.029756999999999589e-01
5.224611000000000116e-01
3.017753699999999872e-01
2.118585799999999908e-01
-3.656650499999999915e-02
-2.173291199999999868e-01
-2.649141700000000044e-01
-3.407958099999999768e-01
-4.601963099999999973e-01
-6.689802099999999641e-01
-6.711020399999999553e-01
-6.788390300000000099e-01
-6.658165299999999620e-01
-8.119715400000000471e-01
-1.060571799999999953e+00
-8.027392700000000048e-01
-9.708419299999999641e-01
-9.820950099999999905e-01
-1.044437800000000083e+00
-9.105810800000000427e-01
-6.045643800000000123e-01
-3.012753200000000131e-01
-1.907960599999999896e-01
1.331319699999999884e-01
2.768638500000000224e-01
3.748488099999999767e-01
4.801428200000000257e-01
6.433064200000000454e-01
7.240662599999999616e-01
7.500893600000000383e-01
7.664049299999999842e-01
8.034273299999999951e-01
7.830886799999999814e-01
8.802609399999999917e-01
8.428000900000000017e-01
7.871529299999999729e-01
7.546671999999999825e-01
8.149874499999999466e-01
8.638428900000000299e-01
9.058412000000000130e-01
9.389261300000000254e-01
8.665795400000000370e-01
9.205167600000000450e-01
9.777438600000000202e-01
9.111090600000000261e-01
8.607049900000000031e-01
8.563438899999999965e-01
1.021474299999999946e+00
9.087739400000000023e-01
9.612531899999999796e-01
9.425965600000000277e-01
8.941002300000000513e-01
9.099502600000000108e-01
8.151232099999999869e-01
8.726098799999999489e-01
9.673758099999999471e-01
9.920818700000000323e-01
8.800767299999999738e-01
9.655601600000000007e-01
9.767386900000000205e-01
9.302892999999999857e-01
8.480981600000000453e-01
1.080468200000000101e+00
1.051738899999999921e+00
1.064291899999999957e+00
1.036648000000000014e+00
9.882529500000000189e-01
9.764037899999999937e-01
1.013621600000000011e+00
9.219411100000000081e-01
1.101945100000000011e+00
1.005365099999999901e+00
1.052354699999999976e+00
8.282706499999999972e-01
8.790031699999999448e-01
9.511826100000000395e-01
1.038183899999999937e+00
9.371551500000000479e-01
9.376829899999999940e-01
1.029681800000000091e+00
9.787894200000000211e-01
9.294042599999999821e-01
1.032496700000000045e+00
9.901278000000000024e-01
9.987052199999999491e-01
9.892148099999999999e-01
9.911259199999999936e-01
9.292210600000000431e-01
1.061121800000000004e+00
9.605417200000000433e-01
9.388782900000000042e-01
9.383160499999999571e-01
8.601593699999999787e-01
9.238231900000000163e-01
9.494843499999999770e-01
8.985611700000000202e-01
9.373587799999999470e-01
9.661379100000000442e-01
9.055609999999999493e-01
6.169797799999999777e-01
4.236118400000000173e-01
1.622518900000000097e-01
-4.773285699999999659e-02
-1.220704499999999970e-01
-2.841658799999999818e-01
-3.882802899999999724e-01
-4.323258200000000273e-01
-5.588298900000000513e-01
-5.880762699999999565e-01
-5.788815800000000067e-01
-6.735870999999999942e-01
-7.514095899999999606e-01
-8.159482500000000416e-01
-8.327453299999999503e-01
-8.991889400000000476e-01
-1.031416499999999958e+00
-8.896884800000000038e-01
-1.009087000000000067e+00
-7.296677499999999483e-01
-4.408471899999999999e-01
-1.732006700000000010e-01
-1.127811700000000070e-02
3.121005499999999766e-01
3.888712400000000069e-01
3.831800300000000048e-01
5.297886200000000434e-01
6.530645200000000372e-01
6.986322700000000552e-01
7.785573300000000474e-01
7.467633500000000479e-01
7.395196400000000336e-01
8.292938800000000388e-01
7.118997700000000428e-01
9.243846999999999481e-01
7.914879400000000009e-01
9.067012300000000247e-01
9.143020299999999878e-01
8.468653499999999612e-01
8.933769299999999580e-01
8.916412799999999805e-01
1.018561800000000073e+00
1.003755699999999917e+00
7.714881599999999784e-01
8.625310899999999448e-01
9.442355900000000135e-01
8.575098799999999466e-01
9.047989800000000304e-01
9.015518799999999722e-01
9.237495799999999591e-01
9.297245699999999724e-01
8.699054200000000403e-01
9.786428499999999531e-01
9.546109200000000294e-01
7.982185200000000425e-01
9.729912699999999637e-01
1.003141899999999920e+00
9.904000899999999552e-01
9.057870999999999562e-01
1.009188600000000102e+00
9.826796599999999549e-01
8.776233599999999635e-01
9.902474399999999788e-01
9.026823000000000485e-01
9.626162799999999908e-01
9.364048000000000371e-01
9.743249499999999674e-01
9.298418000000000516e-01
1.049771100000000068e+00
1.035443600000000020e+00
9.796887100000000181e-01
8.943121000000000542e-01
9.819721000000000144e-01
8.971773100000000056e-01
9.109599400000000236e-01
9.257810499999999942e-01
8.734016599999999686e-01
8.477203300000000219e-01
1.041470600000000024e+00
9.871904299999999521e-01
9.645902400000000432e-01
9.734591700000000403e-01
9.562380099999999716e-01
8.881314300000000550e-01
1.027059299999999897e+00
8.940994700000000073e-01
8.719445200000000007e-01
9.716229800000000250e-01
9.216975699999999661e-01
8.337769800000000009e-01
9.893386100000000072e-01
8.882800499999999877e-01
1.026681399999999966e+00
1.004124000000000017e+00
9.653257200000000537e-01
8.619763599999999970e-01
8.819638899999999726e-01
8.559504599999999686e-01
6.065524199999999810e-01
3.462521299999999913e-01
1.283838099999999871e-01
-2.081050799999999978e-01
-1.979267600000000071e-01
-3.405533000000000032e-01
-4.366920200000000141e-01
-3.566620500000000082e-01
-5.313368299999999822e-01
-5.993393799999999771e-01
-8.663247899999999557e-01
-8.114257400000000064e-01
-8.133627500000000232e-01
-9.001642899999999781e-01
-8.805887100000000522e-01
-8.770707199999999704e-01
-9.028507399999999850e-01
-1.010748999999999898e+00
-9.133555799999999447e-01
-4.913120200000000160e-01
-2.427512500000000017e-01
-1.979129899999999831e-02
1.775507799999999914e-01
1.648566999999999949e-01
3.446023599999999965e-01
5.180438099999999935e-01
7.198122500000000423e-01
6.230450299999999997e-01
7.693207499999999976e-01
7.339692899999999964e-01
7.883414800000000389e-01
8.127406200000000247e-01
8.037563599999999475e-01
8.153615400000000513e-01
8.967824199999999690e-01
8.981985700000000294e-01
8.615368700000000102e-01
6.787206999999999546e-01
8.943857100000000004e-01
8.613093299999999841e-01
8.998729399999999545e-01
8.969990599999999592e-01
8.924634399999999967e-01
8.920565000000000300e-01
8.231205200000000222e-01
8.946766600000000125e-01
8.746973300000000506e-01
9.072402000000000521e-01
8.686827000000000298e-01
8.575152000000000330e-01
1.009103800000000106e+00
9.371909299999999776e-01
8.734591800000000017e-01
9.702786100000000413e-01
8.502030999999999894e-01
1.021118600000000098e+00
9.763667299999999605e-01
9.502841699999999836e-01
9.929806300000000308e-01
9.036858700000000022e-01
9.414509199999999689e-01
9.737224799999999458e-01
9.538588900000000148e-01
1.046246299999999962e+00
9.608891400000000305e-01
9.471387000000000000e-01
1.046145600000000009e+00
1.051632899999999982e+00
9.553753400000000173e-01
1.011448099999999961e+00
9.108908700000000191e-01
9.010794100000000251e-01
8.748697199999999619e-01
9.660849299999999529e-01
1.074246000000000034e+00
9.735170300000000054e-01
9.997346400000000077e-01
9.533863500000000490e-01
9.827526300000000159e-01
9.849575000000000413e-01
9.120889199999999697e-01
9.713374099999999567e-01
9.595443599999999851e-01
9.714002900000000551e-01
8.779271800000000292e-01
8.643134799999999673e-01
9.536220100000000199e-01
9.386892500000000306e-01
8.852657000000000442e-01
9.339888299999999921e-01
7.401691599999999926e-01
9.308334400000000119e-01
9.321078200000000313e-01
9.999855100000000219e-01
9.747181499999999499e-01
9.381447899999999507e-01
8.510180999999999996e-01
9.245992800000000233e-01
6.607313299999999501e-01
4.004985500000000087e-01
1.940306199999999870e-01
7.908203799999999339e-02
-3.738925099999999835e-02
-1.096859300000000009e-01
-2.686032999999999893e-01
-4.784117700000000140e-01
-4.657693600000000211e-01
-5.861000699999999730e-01
-7.369686899999999818e-01
-7.109306300000000078e-01
-8.268200900000000075e-01
-8.901112300000000310e-01
-9.063551600000000485e-01
-9.550145899999999966e-01
-8.762921500000000474e-01
-1.036324000000000023e+00
-9.906060899999999947e-01
-6.404360799999999632e-01
-4.671609400000000245e-01
-1.275522199999999939e-01
5.621625400000000022e-02
2.855411800000000055e-01
4.635522699999999885e-01
4.442633599999999960e-01
5.563269600000000370e-01
6.270749599999999591e-01
6.633687999999999807e-01
7.608569200000000476e-01
8.190422299999999822e-01
7.204980699999999905e-01
7.915303399999999989e-01
8.620387699999999542e-01
7.514469599999999971e-01
9.015050999999999481e-01
8.409489500000000284e-01
8.315026300000000203e-01
9.215169399999999511e-01
8.459929099999999869e-01
8.938946899999999918e-01
9.398378200000000460e-01
1.020654100000000009e+00
9.663434100000000138e-01
9.105548500000000267e-01
8.430949300000000202e-01
9.182963800000000232e-01
8.923902599999999907e-01
9.254630900000000437e-01
9.207636099999999546e-01
9.797497299999999854e-01
9.573641999999999985e-01
8.336186799999999453e-01
9.380603800000000270e-01
9.276763000000000092e-01
8.680450699999999742e-01
9.586035600000000212e-01
9.702795899999999696e-01
1.000689200000000056e+00
9.381572500000000536e-01
1.045243499999999992e+00
9.557662500000000394e-01
8.741885200000000244e-01
9.610011499999999707e-01
9.762777299999999547e-01
1.012030299999999938e+00
9.645600600000000524e-01
9.661402799999999624e-01
1.063419899999999974e+00
9.983912099999999734e-01
9.862068000000000501e-01
9.782658699999999818e-01
9.179051400000000083e-01
9.454928200000000116e-01
9.254907700000000181e-01
8.770260800000000412e-01
1.001636500000000041e+00
1.002920599999999940e+00
9.951031599999999866e-01
9.289354699999999854e-01
8.179812100000000141e-01
9.013439600000000551e-01
9.050782499999999731e-01
1.030738200000000049e+00
9.562713699999999539e-01
9.439413199999999726e-01
9.331303499999999973e-01
8.737697399999999615e-01
8.691180299999999859e-01
9.529630599999999729e-01
9.927257900000000523e-01
9.156673300000000015e-01
9.103383000000000447e-01
8.390990799999999972e-01
9.080140899999999959e-01
1.076218700000000084e+00
9.427042199999999816e-01
9.669081600000000165e-01
7.618702000000000529e-01
5.258516600000000540e-01
2.131777300000000097e-01
1.640995700000000002e-01
-7.750381400000000420e-02
-2.190743599999999958e-01
-2.653317099999999984e-01
-3.547266199999999925e-01
-4.787734399999999946e-01
-5.822959800000000463e-01
-6.216498799999999880e-01
-7.177304199999999801e-01
-8.197055600000000553e-01
-8.065670000000000339e-01
-7.460425899999999499e-01
-9.674857599999999724e-01
-9.485732500000000345e-01
-1.000050200000000000e+00
-8.365316999999999892e-01
-8.664904199999999834e-01
-6.087839699999999521e-01
-3.621005700000000105e-01
6.161216799999999581e-04
1.293346999999999969e-01
3.688301199999999835e-01
4.646688400000000274e-01
4.904696299999999898e-01
5.837292899999999563e-01
6.551210400000000433e-01
6.876460100000000297e-01
7.330888300000000246e-01
7.581221200000000104e-01
8.678336500000000120e-01
7.392307700000000370e-01
9.265429400000000371e-01
9.008912000000000031e-01
8.623594700000000168e-01
8.170101100000000116e-01
7.784999500000000516e-01
8.688533200000000400e-01
8.516878399999999738e-01
9.406386300000000311e-01
8.611358599999999752e-01
8.812300800000000267e-01
8.971310000000000118e-01
9.191808599999999885e-01
9.486262399999999539e-01
9.517138000000000542e-01
8.456207599999999713e-01
9.204009699999999849e-01
9.409507900000000369e-01
9.598584500000000297e-01
9.460728200000000365e-01
9.300268200000000318e-01
9.324735100000000054e-01
9.482824899999999779e-01
9.248126599999999531e-01
9.391960099999999700e-01
9.322876599999999625e-01
9.833354699999999893e-01
9.009576799999999830e-01
9.449946900000000261e-01
9.765251799999999927e-01
9.693550600000000461e-01
9.266342100000000137e-01
8.565175200000000322e-01
1.036351000000000022e+00
9.733856100000000122e-01
1.003763200000000078e+00
9.462628299999999992e-01
9.622225300000000203e-01
9.475183900000000436e-01
1.014625700000000075e+00
9.556293700000000335e-01
9.151825000000000099e-01
9.323164099999999843e-01
9.213241899999999873e-01
9.328900399999999760e-01
9.801269099999999623e-01
8.697589999999999488e-01
9.596559099999999454e-01
9.399603500000000000e-01
9.376124200000000020e-01
9.283246600000000237e-01
9.702468899999999730e-01
9.912290299999999554e-01
7.827796000000000198e-01
9.526211999999999458e-01
9.856943299999999519e-01
8.153005899999999917e-01
8.766500400000000193e-01
9.046182299999999676e-01
9.445932000000000217e-01
9.498571799999999676e-01
7.760871599999999981e-01
9.034505699999999528e-01
9.329060200000000025e-01
9.399339599999999573e-01
8.382798500000000486e-01
6.723610800000000554e-01
3.838522799999999902e-01
1.945304599999999884e-01
1.874721400000000163e-02
3.739919399999999672e-02
-2.384202400000000055e-01
-4.003917100000000118e-01
-4.079828200000000238e-01
-5.538788300000000442e-01
-6.071024600000000104e-01
-6.763799299999999626e-01
-7.529217400000000060e-01
-9.174099399999999793e-01
-8.698067900000000519e-01
-8.600388100000000424e-01
-9.836840399999999818e-01
-9.715996599999999761e-01
-9.531087200000000204e-01
-1.077499299999999938e+00
-6.821363599999999972e-01
-4.483266799999999774e-01
-1.492591000000000057e-01
1.893819599999999881e-01
2.102198000000000122e-01
4.162706700000000093e-01
4.647418600000000066e-01
6.167219299999999738e-01
6.296087999999999685e-01
5.981227700000000258e-01
7.791247999999999507e-01
7.643806199999999551e-01
6.612284600000000179e-01
8.548565299999999478e-01
8.500098299999999663e-01
7.837336799999999881e-01
8.981533699999999509e-01
8.492449800000000382e-01
8.460390300000000252e-01
9.398742199999999825e-01
8.375641499999999517e-01
8.285114199999999984e-01
9.515624700000000491e-01
9.266922899999999741e-01
9.056312499999999988e-01
9.268764099999999839e-01
8.259099399999999536e-01
9.053394700000000350e-01
9.428370499999999543e-01
9.346675300000000242e-01
8.665264200000000194e-01
9.202072500000000321e-01
8.919394200000000383e-01
9.869915799999999795e-01
9.925021200000000432e-01
9.207775900000000346e-01
8.898144099999999446e-01
9.709206200000000120e-01
9.782557299999999900e-01
9.320070000000000299e-01
9.188405800000000179e-01
1.072790200000000027e+00
1.007997400000000043e+00
1.034514500000000004e+00
9.680804200000000526e-01
9.792089999999999961e-01
8.140953399999999451e-01
1.057924800000000110e+00
1.077082899999999954e+00
1.003812099999999985e+00
9.856874799999999492e-01
9.837771100000000102e-01
1.009857199999999899e+00
9.189992200000000055e-01
1.084390299999999918e+00
1.008555700000000055e+00
8.855823800000000023e-01
1.002978600000000053e+00
1.047525899999999899e+00
9.734732299999999672e-01
8.941806599999999605e-01
9.975612000000000368e-01
8.833506399999999648e-01
9.511123400000000006e-01
8.274795499999999526e-01
9.474582700000000468e-01
9.179927199999999843e-01
8.696090100000000156e-01
9.459434500000000190e-01
9.774788199999999705e-01
9.130358699999999716e-01
8.716022700000000123e-01
9.324967899999999643e-01
8.371055899999999550e-01
8.980290399999999451e-01
8.463262999999999758e-01
9.052290800000000193e-01
7.526397400000000015e-01
8.263592100000000107e-01
8.313328500000000121e-01
3.838864300000000007e-01
2.900810600000000017e-01
9.152272499999999922e-02
1.236750399999999965e-02
-1.047915700000000006e-01
-2.657874399999999859e-01
-4.131115499999999940e-01
-5.440947499999999604e-01
-5.552384999999999682e-01
-6.015361700000000367e-01
-6.802008299999999785e-01
-7.585959700000000083e-01
-7.936544399999999611e-01
-9.476155600000000234e-01
-8.672647999999999469e-01
-8.844893099999999730e-01
-9.257139800000000474e-01
-9.200555299999999548e-01
-8.416874199999999639e-01
-6.385186699999999549e-01
-2.100868200000000074e-01
-8.437828799999999574e-02
1.574886899999999867e-01
2.653647800000000223e-01
4.552167999999999770e-01
5.512463499999999961e-01
7.065980800000000173e-01
5.899548799999999593e-01
7.019958299999999873e-01
7.050123400000000151e-01
7.371584300000000312e-01
7.804457500000000492e-01
8.321413300000000124e-01
7.827666300000000188e-01
7.458832800000000374e-01
8.825980500000000228e-01
9.093856500000000453e-01
9.034512500000000390e-01
8.446060300000000076e-01
9.226471000000000533e-01
8.371564500000000519e-01
8.970034300000000460e-01
8.473613899999999921e-01
8.135600200000000504e-01
9.647153099999999926e-01
8.913971699999999609e-01
9.236663099999999904e-01
9.369809599999999739e-01
9.821150699999999789e-01
9.466437899999999850e-01
8.352478199999999742e-01
1.046329499999999912e+00
9.551507099999999584e-01
9.467779200000000506e-01
9.243530599999999486e-01
1.024039700000000108e+00
9.355284000000000377e-01
9.085938500000000362e-01
9.767668699999999538e-01
9.027994200000000191e-01
9.304307400000000339e-01
9.219114299999999762e-01
1.025937400000000110e+00
1.057519799999999899e+00
9.850922800000000423e-01
9.336332299999999806e-01
1.030654900000000040e+00
9.835724300000000531e-01
8.122742400000000362e-01
9.186073799999999734e-01
1.110316199999999975e+00
9.382647299999999913e-01
1.031194500000000014e+00
9.128445899999999558e-01
9.385754400000000386e-01
8.334190200000000104e-01
1.069544300000000003e+00
9.813793499999999836e-01
9.404713799999999679e-01
9.593669999999999698e-01
9.237596500000000432e-01
9.395212299999999850e-01
9.566033800000000031e-01
8.965576400000000445e-01
9.361615300000000195e-01
8.983603399999999795e-01
8.965900700000000167e-01
1.017293299999999956e+00
8.664198199999999517e-01
8.469464199999999776e-01
9.201367499999999477e-01
9.205897400000000452e-01
8.946641199999999516e-01
9.358982700000000321e-01
7.915448499999999665e-01
9.149101600000000278e-01
9.199984199999999834e-01
8.733735299999999535e-01
5.548386400000000496e-01
2.547521400000000158e-01
2.484844800000000076e-01
-6.184023399999999566e-03
-1.500606499999999899e-01
-2.099043300000000001e-01
-3.406407399999999974e-01
-4.552087200000000111e-01
-5.469204199999999627e-01
-6.654652899999999871e-01
-6.785343299999999633e-01
-8.364768299999999490e-01
-8.121978399999999487e-01
-8.732891600000000087e-01
-9.209201399999999982e-01
-8.451850800000000330e-01
-9.436178299999999908e-01
-9.187094300000000491e-01
-1.021442399999999973e+00
-6.600080600000000075e-01
-2.777546200000000076e-01
-1.353927900000000129e-01
7.176571900000000559e-02
2.579271300000000045e-01
3.239405899999999727e-01
4.615390899999999852e-01
5.810921900000000084e-01
5.235926600000000430e-01
7.579194999999999682e-01
7.099458800000000291e-01
7.576825000000000365e-01
8.317128000000000299e-01
7.880678599999999534e-01
8.393958200000000147e-01
7.457951200000000336e-01
9.269859499999999475e-01
8.633107899999999946e-01
8.797333299999999801e-01
7.701038700000000237e-01
8.897870700000000133e-01
9.101955699999999538e-01
8.219622399999999551e-01
9.147681800000000418e-01
8.779586000000000334e-01
8.647133799999999759e-01
9.881551499999999821e-01
8.914401299999999972e-01
9.184644699999999773e-01
9.463819500000000273e-01
9.534546600000000094e-01
9.574226200000000020e-01
7.969762299999999522e-01
1.020137700000000036e+00
1.000905300000000109e+00
9.571088500000000110e-01
9.525725800000000021e-01
1.039558699999999947e+00
9.331335499999999783e-01
1.034041399999999999e+00
8.876808299999999763e-01
9.856434600000000268e-01
9.486158300000000487e-01
1.015080600000000111e+00
9.149370199999999897e-01
9.470183800000000485e-01
1.038042200000000026e+00
9.557490400000000497e-01
1.045940899999999951e+00
1.015404100000000032e+00
9.931737200000000376e-01
9.253405500000000394e-01
9.457617799999999963e-01
8.979345699999999875e-01
9.819716099999999948e-01
9.393984699999999854e-01
9.464686700000000119e-01
8.611238100000000451e-01
9.570343300000000442e-01
9.176873300000000233e-01
9.891414400000000384e-01
1.051344899999999916e+00
9.175229299999999588e-01
7.936879999999999491e-01
1.029000300000000090e+00
1.071089699999999922e+00
8.694790100000000521e-01
1.007101500000000094e+00
9.130960999999999661e-01
9.088402300000000267e-01
9.861750200000000133e-01
8.448243500000000017e-01
9.728101999999999583e-01
9.220406500000000172e-01
8.604555200000000292e-01
8.111549900000000202e-01
8.764199099999999687e-01
9.336255500000000263e-01
9.282281000000000004e-01
6.650196299999999727e-01
4.206548099999999901e-01
2.509637499999999855e-01
6.638736200000000531e-02
-8.254290100000000185e-02
-3.249399399999999827e-01
-3.173434500000000269e-01
-4.035913700000000048e-01
-5.533792800000000289e-01
-5.515166799999999814e-01
-6.701177900000000465e-01
-7.336371000000000420e-01
-7.268509899999999746e-01
-8.155963999999999992e-01
-8.104998199999999819e-01
-8.359714900000000393e-01
-9.381703399999999915e-01
-1.006576399999999927e+00
-9.014191299999999574e-01
-7.763681199999999949e-01
-5.067307500000000076e-01
-3.092646499999999743e-01
6.586211899999999675e-02
1.690396799999999977e-01
2.873405299999999829e-01
4.592558299999999760e-01
4.723914900000000250e-01
5.992778899999999798e-01
6.423571300000000539e-01
7.604589899999999458e-01
7.642271899999999452e-01
8.113533899999999521e-01
7.300674799999999909e-01
8.119707099999999844e-01
7.345786499999999997e-01
8.890907700000000302e-01
7.967962699999999732e-01
8.158073300000000527e-01
8.987913800000000286e-01
8.175302100000000349e-01
9.463032700000000297e-01
7.869692000000000354e-01
8.893972500000000281e-01
8.909163799999999522e-01
1.036229899999999926e+00
1.023969899999999988e+00
9.343903099999999462e-01
8.752346500000000029e-01
9.295267999999999864e-01
9.080529899999999488e-01
8.363940899999999790e-01
8.867101600000000250e-01
7.993827100000000518e-01
9.094725299999999457e-01
9.600618800000000341e-01
8.547240400000000182e-01
9.429094999999999560e-01
1.104480300000000081e+00
8.974321699999999735e-01
9.385243599999999464e-01
9.721983800000000286e-01
9.150806900000000299e-01
1.015166299999999966e+00
9.583484300000000289e-01
9.455643700000000429e-01
8.953615200000000218e-01
1.000765700000000091e+00
9.103071000000000357e-01
8.704675200000000501e-01
9.363011700000000159e-01
9.738579899999999512e-01
9.185954600000000303e-01
9.339316199999999624e-01
1.041544900000000107e+00
9.066248099999999477e-01
9.346227000000000285e-01
9.140158900000000530e-01
9.648582399999999781e-01
9.760908499999999544e-01
1.035695699999999997e+00
8.780730599999999608e-01
9.172188199999999902e-01
8.407377400000000112e-01
8.764893400000000057e-01
8.404488500000000251e-01
8.734177400000000535e-01
9.095940399999999926e-01
8.357463499999999712e-01
9.881551100000000032e-01
1.029515100000000016e+00
8.904579900000000325e-01
9.838149699999999553e-01
8.866648900000000388e-01
9.525940899999999489e-01
9.378815900000000427e-01
9.088105699999999842e-01
8.786344600000000060e-01
8.706676199999999755e-01
9.175415000000000099e-01
5.960368900000000414e-01
3.773254300000000172e-01
1.602921599999999891e-01
-1.999414499999999876e-03
1.486668799999999943e-02
-1.620561699999999994e-01
-3.134332799999999808e-01
-4.451026200000000044e-01
-5.172273400000000354e-01
-6.350529900000000394e-01
-6.363629899999999617e-01
-8.126144499999999882e-01
-8.341558700000000215e-01
-9.428653999999999646e-01
-9.706718500000000027e-01
-8.168197600000000058e-01
-9.558831100000000358e-01
-9.198311300000000523e-01
-9.017641499999999866e-01
-6.108781399999999584e-01
-3.192265799999999820e-01
-1.403521699999999983e-01
1.775288999999999895e-01
1.823950599999999977e-01
2.391894800000000099e-01
5.621091499999999463e-01
5.041583099999999984e-01
5.687019599999999508e-01
6.814851899999999629e-01
6.099063500000000415e-01
6.409578099999999612e-01
7.049424800000000380e-01
6.686666300000000396e-01
7.372902700000000253e-01
7.186947500000000488e-01
7.916214200000000201e-01
9.054045200000000460e-01
7.982661500000000077e-01
7.719984600000000530e-01
7.115802300000000358e-01
7.582455099999999559e-01
7.713067200000000012e-01
6.662498000000000031e-01
8.458854700000000282e-01
7.813938900000000354e-01
7.174552600000000391e-01
8.070149699999999982e-01
7.760271399999999486e-01
8.253003799999999446e-01
8.836791000000000507e-01
7.819836199999999904e-01
8.019744800000000451e-01
8.333188599999999946e-01
9.077507099999999607e-01
8.566927899999999818e-01
8.699308199999999935e-01
7.278317699999999890e-01
7.525503999999999527e-01
8.449046399999999846e-01
8.979526100000000399e-01
9.232766599999999713e-01
8.118128500000000303e-01
8.529702000000000117e-01
8.660636400000000235e-01
9.152303000000000521e-01
8.484383199999999681e-01
6.724773200000000450e-01
7.496846799999999922e-01
8.711959299999999518e-01
9.095837700000000137e-01
8.196437199999999645e-01
7.536584499999999798e-01
7.815056400000000014e-01
7.337614799999999660e-01
7.010513200000000333e-01
8.465706899999999591e-01
7.546427500000000288e-01
8.431651500000000299e-01
8.852144899999999650e-01
7.512475800000000259e-01
8.146091199999999644e-01
7.215724700000000214e-01
8.171121999999999552e-01
8.276549500000000004e-01
7.869912700000000205e-01
8.339560000000000306e-01
7.780743500000000257e-01
7.922972900000000429e-01
7.634176099999999687e-01
7.102039900000000072e-01
9.410558999999999452e-01
7.456477000000000244e-01
7.177737100000000092e-01
7.891968999999999790e-01
8.726718700000000162e-01
7.281381300000000500e-01
7.266218300000000241e-01
5.912535700000000061e-01
3.842693400000000148e-01
1.800127599999999939e-01
-2.283220299999999883e-02
-8.249655200000000077e-02
-2.683876499999999776e-01
-4.319417600000000079e-01
-4.771414099999999880e-01
-6.015368100000000329e-01
-6.605248999999999704e-01
-7.077109799999999895e-01
-7.458112399999999864e-01
-7.198901800000000462e-01
-8.392539999999999445e-01
-8.587974499999999622e-01
-9.468065199999999848e-01
-8.578579600000000305e-01
-9.928080799999999817e-01
-9.877312299999999601e-01
-8.268891900000000517e-01
-4.844471599999999878e-01
-3.292986299999999811e-01
-5.397124899999999892e-02
9.403197800000000217e-02
9.115865800000000352e-02
3.941343800000000064e-01
3.528809900000000055e-01
4.138994200000000179e-01
6.899999799999999572e-01
5.468113100000000504e-01
6.158424999999999594e-01
6.935080200000000028e-01
7.209604299999999855e-01
6.316949099999999984e-01
7.405144900000000252e-01
7.304540299999999764e-01
7.906898300000000379e-01
6.757852500000000040e-01
7.914076300000000286e-01
7.976565899999999987e-01
7.128214099999999886e-01
6.207436299999999907e-01
7.480469899999999672e-01
7.798525400000000385e-01
6.650803699999999763e-01
7.772875500000000493e-01
8.909376199999999857e-01
9.500858599999999488e-01
7.546777700000000255e-01
8.056589100000000059e-01
7.042493399999999459e-01
8.082773399999999553e-01
8.265498000000000012e-01
7.701652100000000445e-01
7.615904300000000404e-01
8.514905299999999677e-01
7.964593300000000209e-01
7.604436300000000371e-01
7.363687199999999766e-01
8.051914999999999489e-01
8.309421700000000355e-01
7.815042700000000009e-01
8.667593999999999577e-01
7.995042199999999877e-01
8.195929800000000265e-01
8.447724800000000478e-01
8.327052200000000237e-01
7.500325199999999803e-01
7.855367599999999451e-01
8.384310799999999952e-01
8.713688099999999936e-01
7.777598999999999485e-01
8.741369399999999734e-01
7.750901300000000438e-01
8.053129300000000379e-01
7.863765900000000419e-01
8.411907199999999474e-01
8.111881199999999570e-01
8.682504500000000069e-01
8.077832799999999924e-01
7.382577099999999559e-01
8.154349400000000525e-01
8.166919099999999654e-01
8.721256899999999535e-01
7.312413800000000519e-01
7.527760500000000299e-01
7.896239099999999844e-01
8.887108700000000416e-01
6.831266999999999756e-01
7.847892800000000335e-01
7.680540399999999934e-01
6.941152000000000433e-01
7.985763999999999641e-01
8.497726199999999785e-01
7.505576900000000551e-01
8.533830799999999606e-01
7.216243500000000255e-01
7.224402899999999850e-01
7.308562899999999640e-01
4.456046399999999963e-01
2.582653300000000152e-01
1.452656300000000067e-01
1.757564000000000001e-02
-1.648764400000000130e-01
-3.611768499999999937e-01
-5.774469899999999933e-01
-5.455916100000000046e-01
-6.008081499999999853e-01
-6.683776900000000243e-01
-7.559293700000000449e-01
-7.362858300000000300e-01
-7.351003699999999474e-01
-6.926978299999999589e-01
-8.117304300000000028e-01
-9.116830099999999604e-01
-9.444088299999999769e-01
-9.923891000000000240e-01
-8.520224800000000265e-01
-5.343804399999999566e-01
-3.677830799999999845e-01
-3.504492800000000297e-02
1.917889700000000031e-01
3.214264600000000249e-01
2.668823499999999904e-01
5.095243400000000200e-01
4.473772899999999830e-01
5.030358600000000013e-01
6.046425399999999506e-01
5.994178700000000193e-01
5.960147900000000165e-01
6.705356599999999778e-01
6.956845099999999782e-01
7.404296099999999603e-01
8.340499900000000189e-01
7.564595600000000308e-01
7.518584999999999852e-01
6.380458700000000150e-01
7.834189599999999976e-01
7.099461999999999717e-01
6.509891599999999556e-01
8.482576699999999637e-01
7.856920299999999857e-01
7.838614200000000309e-01
7.562169699999999883e-01
8.215824699999999536e-01
7.439119699999999780e-01
8.108593499999999787e-01
7.508434899999999468e-01
8.189217600000000541e-01
7.880340200000000017e-01
8.033150799999999592e-01
8.212877299999999936e-01
7.808841399999999489e-01
6.999612499999999793e-01
8.748116799999999804e-01
7.867247400000000335e-01
7.802716800000000230e-01
8.371322599999999614e-01
8.702674299999999530e-01
8.474669400000000019e-01
8.369395699999999660e-01
8.841773200000000443e-01
8.715241299999999525e-01
8.077962199999999537e-01
7.520133199999999851e-01
8.036943600000000520e-01
8.163142700000000085e-01
8.706628499999999882e-01
9.197956900000000546e-01
8.249263999999999486e-01
8.742645700000000186e-01
8.191094100000000378e-01
7.246086900000000552e-01
8.207041899999999446e-01
8.208788599999999880e-01
8.465918900000000136e-01
8.677320200000000483e-01
7.283526099999999559e-01
8.922269800000000028e-01
7.924353699999999723e-01
8.782659200000000332e-01
8.347583299999999928e-01
7.868762900000000338e-01
7.628965800000000463e-01
7.701590999999999854e-01
6.992728599999999961e-01
8.284586099999999842e-01
8.279838999999999949e-01
7.582876200000000511e-01
8.416251300000000546e-01
7.956852599999999498e-01
8.286506200000000044e-01
7.474275999999999698e-01
7.155392299999999706e-01
6.573689000000000338e-01
6.837565599999999577e-01
7.727953600000000423e-01
5.722533199999999542e-01
2.743328300000000275e-01
1.307156700000000060e-01
-6.711127599999999749e-02
-9.280134199999999500e-02
-2.526262699999999861e-01
-3.245016199999999906e-01
-3.699115800000000176e-01
-6.759053299999999709e-01
-6.560101099999999796e-01
-5.122738000000000014e-01
-7.833567500000000461e-01
-8.060780899999999694e-01
-6.714121299999999959e-01
-7.748051900000000325e-01
-8.757569899999999574e-01
-9.145712299999999573e-01
-9.349282500000000162e-01
-8.561202100000000481e-01
-6.452595800000000548e-01
-3.800129800000000002e-01
-1.554997200000000079e-01
-1.458550999999999945e-02
2.045634799999999920e-01
2.743157800000000091e-01
3.919580500000000023e-01
4.226392099999999874e-01
4.981938399999999989e-01
4.581489000000000256e-01
6.019145000000000190e-01
6.058661499999999922e-01
7.074457400000000451e-01
7.488694900000000265e-01
7.058464500000000141e-01
7.604593400000000392e-01
6.775005699999999687e-01
7.829722900000000152e-01
8.122122000000000508e-01
7.335890000000000466e-01
7.312421000000000060e-01
7.719769800000000348e-01
8.632815400000000139e-01
6.898860500000000284e-01
7.182980199999999815e-01
7.384356800000000387e-01
7.895320399999999905e-01
8.432616200000000450e-01
7.881105200000000366e-01
8.134779800000000449e-01
7.687307500000000182e-01
7.812557100000000476e-01
8.353638399999999686e-01
7.955307299999999637e-01
7.886690299999999931e-01
8.974681500000000201e-01
7.411611200000000066e-01
7.586207499999999548e-01
8.532137899999999719e-01
8.621811600000000020e-01
8.637690999999999564e-01
8.601382800000000328e-01
7.555047599999999974e-01
7.717216300000000473e-01
8.972087800000000390e-01
7.777217499999999895e-01
8.638522600000000384e-01
7.750091900000000145e-01
7.807951899999999723e-01
9.533056899999999834e-01
8.226231000000000515e-01
8.747147100000000064e-01
8.469253799999999499e-01
8.786364599999999525e-01
7.532216099999999859e-01
7.830749299999999469e-01
8.750672099999999842e-01
8.086613099999999665e-01
9.459953500000000126e-01
8.510085400000000355e-01
7.764381599999999883e-01
7.890837699999999622e-01
8.767141000000000517e-01
6.484388500000000111e-01
8.914490600000000153e-01
8.143862099999999993e-01
7.187929699999999755e-01
9.084367100000000361e-01
8.436870499999999939e-01
8.323603699999999606e-01
7.153230900000000503e-01
8.304813699999999965e-01
7.848344400000000221e-01
8.069922699999999560e-01
8.143115199999999554e-01
7.351759300000000330e-01
8.845011900000000482e-01
7.950000799999999979e-01
6.808281200000000366e-01
7.980041599999999624e-01
5.086330199999999913e-01
2.533355999999999941e-01
6.813970900000000663e-02
-6.436409599999999565e-02
-2.157193500000000042e-01
-4.608462899999999918e-01
-3.418636999999999926e-01
-5.458698499999999898e-01
-4.718758000000000119e-01
-6.860213600000000245e-01
-7.714015600000000417e-01
-8.187014900000000317e-01
-7.922105499999999578e-01
-9.157744799999999463e-01
-9.304394099999999668e-01
-8.474083700000000219e-01
-8.255372699999999897e-01
-9.959738999999999676e-01
-9.373802199999999862e-01
-4.730040600000000039e-01
-2.772169700000000070e-01
-8.998426199999999542e-02
5.739875299999999854e-03
8.833154699999999637e-02
2.916481000000000212e-01
3.415364900000000259e-01
3.787344400000000055e-01
6.425669499999999701e-01
6.454773200000000211e-01
6.666092799999999707e-01
5.506981399999999471e-01
6.729336799999999785e-01
7.889485400000000315e-01
5.805358299999999749e-01
6.763665500000000108e-01
6.845158199999999971e-01
7.333366900000000133e-01
6.884623600000000510e-01
7.566324199999999722e-01
6.948133600000000465e-01
6.563129699999999955e-01
7.993107799999999985e-01
8.406282400000000266e-01
7.984741699999999831e-01
8.077020599999999995e-01
7.487050800000000228e-01
8.222865700000000500e-01
7.477643499999999666e-01
6.931217200000000522e-01
7.751495499999999650e-01
7.136620599999999870e-01
9.158686200000000222e-01
8.352179299999999973e-01
8.020100000000000007e-01
9.089635499999999535e-01
7.628049399999999869e-01
8.215660900000000266e-01
7.943897899999999845e-01
7.934520699999999538e-01
8.878824499999999897e-01
9.324541400000000424e-01
8.301344200000000395e-01
9.082664299999999580e-01
7.420362999999999820e-01
7.755591099999999960e-01
7.552422699999999933e-01
7.922983500000000401e-01
7.877242800000000544e-01
8.360089899999999519e-01
9.011959899999999468e-01
8.956515600000000132e-01
8.370618399999999459e-01
8.710701499999999875e-01
8.274662999999999879e-01
8.850737300000000030e-01
7.679940600000000339e-01
7.882253299999999463e-01
8.182543399999999689e-01
7.638590499999999839e-01
7.727877399999999453e-01
8.880171599999999721e-01
8.339166199999999973e-01
7.654460899999999679e-01
7.992771499999999918e-01
7.714385799999999849e-01
9.051145000000000440e-01
8.357904000000000444e-01
8.721167699999999856e-01
7.993964300000000467e-01
7.929471099999999550e-01
7.689498900000000248e-01
7.460437399999999553e-01
6.596590799999999533e-01
7.718125099999999517e-01
6.607977400000000223e-01
7.022739500000000357e-01
8.299393099999999857e-01
4.351084499999999800e-01
4.137989699999999882e-01
1.640293899999999971e-01
-3.953116100000000216e-02
-2.034788999999999903e-01
-2.085037499999999877e-01
-3.886638600000000277e-01
-5.400430499999999689e-01
-5.414892999999999512e-01
-6.230751900000000010e-01
-7.044038200000000138e-01
-7.180188400000000470e-01
-6.826031599999999866e-01
-9.097614299999999821e-01
-9.039974100000000012e-01
-8.508387400000000378e-01
-9.225448000000000537e-01
-8.385667700000000169e-01
-9.131215799999999883e-01
-7.096502000000000088e-01
-5.016211699999999496e-01
-1.502370500000000109e-01
-4.717130199999999829e-02
9.467725999999999920e-02
2.392069800000000135e-01
3.848829400000000067e-01
4.400485599999999775e-01
4.145569800000000193e-01
6.040739600000000209e-01
6.325156600000000351e-01
5.884336100000000513e-01
7.474308699999999694e-01
5.878559599999999552e-01
7.239908099999999846e-01
7.096750499999999739e-01
7.420975400000000555e-01
7.417942100000000094e-01
7.663817600000000230e-01
7.076950400000000529e-01
7.434591699999999470e-01
7.497466799999999987e-01
7.481424399999999642e-01
6.092310499999999962e-01
7.734488600000000158e-01
7.344688600000000012e-01
7.579197899999999821e-01
8.175081600000000392e-01
7.771745199999999798e-01
8.065552999999999750e-01
7.325425899999999935e-01
7.910081899999999999e-01
8.463864700000000019e-01
7.645083099999999687e-01
8.112390600000000118e-01
8.625921600000000522e-01
8.385124900000000547e-01
8.739582900000000265e-01
8.676927700000000021e-01
8.905450299999999597e-01
7.787739700000000376e-01
8.013439300000000376e-01
8.535562799999999450e-01
8.313597200000000242e-01
8.444552899999999696e-01
7.847317000000000320e-01
7.986853000000000424e-01
8.992961999999999900e-01
8.914665099999999898e-01
8.985863699999999676e-01
8.659206900000000484e-01
8.008391200000000154e-01
8.962074899999999955e-01
8.854387599999999914e-01
7.685480099999999481e-01
7.258455799999999902e-01
9.048156200000000426e-01
7.678156900000000507e-01
8.063941199999999920e-01
9.187963700000000289e-01
8.996632599999999647e-01
7.731573000000000473e-01
8.308032600000000434e-01
8.455665199999999881e-01
8.094923600000000219e-01
9.065738300000000249e-01
7.873400600000000082e-01
7.456823099999999593e-01
8.356951500000000532e-01
8.172238400000000347e-01
7.487856999999999985e-01
8.799194900000000263e-01
7.796655099999999505e-01
7.860408399999999629e-01
7.613444200000000217e-01
7.248904200000000353e-01
6.277014800000000339e-01
8.238893900000000547e-01
7.095054899999999609e-01
6.591399999999999482e-01
3.706166900000000264e-01
1.685931499999999972e-01
-1.563678099999999890e-02
-5.568278200000000011e-02
-3.213214200000000242e-01
-2.922579100000000096e-01
-4.317796600000000096e-01
-5.668416400000000355e-01
-5.440506899999999479e-01
-6.352710299999999588e-01
-7.403213899999999681e-01
-7.381513100000000049e-01
-8.220370700000000364e-01
-8.303648300000000537e-01
-9.174134099999999847e-01
-8.936346400000000356e-01
-9.211930200000000291e-01
-8.871185600000000004e-01
-8.356785300000000305e-01
-6.642074599999999718e-01
-3.634193800000000141e-01
-1.750065299999999935e-01
5.164537500000000031e-02
3.681326500000000057e-01
3.151916200000000057e-01
4.373815099999999734e-01
3.815526000000000195e-01
6.254261899999999930e-01
5.569167699999999499e-01
5.834372399999999681e-01
6.227872300000000250e-01
7.238430599999999826e-01
7.179732399999999570e-01
6.991220400000000001e-01
7.641487099999999533e-01
6.090233900000000533e-01
7.935308399999999596e-01
8.096477600000000496e-01
8.250010100000000346e-01
7.032270200000000360e-01
7.681846799999999531e-01
7.315507100000000484e-01
7.587462299999999660e-01
7.760965600000000464e-01
8.363154200000000316e-01
7.445694800000000058e-01
7.496631999999999740e-01
7.546686900000000309e-01
8.566774000000000333e-01
8.243178700000000081e-01
7.847518300000000391e-01
7.301788200000000062e-01
8.026451100000000505e-01
8.074870600000000342e-01
8.844846200000000547e-01
9.231042200000000308e-01
7.114466200000000295e-01
8.376341899999999452e-01
8.636478800000000344e-01
7.826152600000000348e-01
9.273666299999999696e-01
7.778389799999999576e-01
8.137753100000000295e-01
8.395705599999999658e-01
8.909229499999999913e-01
8.595713999999999855e-01
9.585820499999999633e-01
7.560527299999999506e-01
7.916653999999999636e-01
8.126366499999999604e-01
9.395904899999999449e-01
9.012399300000000224e-01
8.938506400000000296e-01
7.609237800000000496e-01
7.444524799999999720e-01
8.709730700000000159e-01
8.549525799999999620e-01
8.728529800000000005e-01
9.018848699999999496e-01
8.959462799999999838e-01
7.991235100000000369e-01
8.264945200000000103e-01
7.817876999999999743e-01
8.684130799999999484e-01
7.704136799999999896e-01
7.033095600000000003e-01
6.756056900000000365e-01
