-3.446000000000000000e+03
-3.986000000000000000e+03
-4.527000000000000000e+03
-5.067000000000000000e+03
-5.473000000000000000e+03
-5.878000000000000000e+03
-6.013000000000000000e+03
-6.148000000000000000e+03
-6.283000000000000000e+03
-6.418000000000000000e+03
-6.689000000000000000e+03
-6.824000000000000000e+03
-7.094000000000000000e+03
-7.364000000000000000e+03
-7.499000000000000000e+03
-7.499000000000000000e+03
-7.499000000000000000e+03
-7.364000000000000000e+03
-7.229000000000000000e+03
-7.229000000000000000e+03
-6.959000000000000000e+03
-6.824000000000000000e+03
-6.824000000000000000e+03
-6.959000000000000000e+03
-7.229000000000000000e+03
-7.499000000000000000e+03
-7.770000000000000000e+03
-7.770000000000000000e+03
-7.635000000000000000e+03
-7.229000000000000000e+03
-6.689000000000000000e+03
-5.608000000000000000e+03
-3.986000000000000000e+03
-1.149000000000000000e+03
1.824000000000000000e+03
4.797000000000000000e+03
7.904000000000000000e+03
1.020200000000000000e+04
1.236300000000000000e+04
1.425500000000000000e+04
1.587700000000000000e+04
1.709300000000000000e+04
1.817400000000000000e+04
1.871400000000000000e+04
1.912000000000000000e+04
1.939000000000000000e+04
1.952500000000000000e+04
1.966000000000000000e+04
1.966000000000000000e+04
1.939000000000000000e+04
1.898400000000000000e+04
1.830900000000000000e+04
1.722800000000000000e+04
1.614700000000000000e+04
1.533600000000000000e+04
1.398500000000000000e+04
1.195800000000000000e+04
1.006600000000000000e+04
8.310000000000000000e+03
6.688000000000000000e+03
5.743000000000000000e+03
5.067000000000000000e+03
4.797000000000000000e+03
4.662000000000000000e+03
4.526000000000000000e+03
4.526000000000000000e+03
4.526000000000000000e+03
4.256000000000000000e+03
3.851000000000000000e+03
3.581000000000000000e+03
3.175000000000000000e+03
2.770000000000000000e+03
2.364000000000000000e+03
1.959000000000000000e+03
1.419000000000000000e+03
1.013000000000000000e+03
3.380000000000000000e+02
-3.380000000000000000e+02
-1.014000000000000000e+03
-1.689000000000000000e+03
-2.365000000000000000e+03
-3.040000000000000000e+03
-3.581000000000000000e+03
-4.121000000000000000e+03
-4.797000000000000000e+03
-5.202000000000000000e+03
-5.608000000000000000e+03
-5.878000000000000000e+03
-6.148000000000000000e+03
-6.418000000000000000e+03
-6.418000000000000000e+03
-6.554000000000000000e+03
-6.689000000000000000e+03
-6.689000000000000000e+03
-6.689000000000000000e+03
-6.689000000000000000e+03
-6.689000000000000000e+03
-6.554000000000000000e+03
-6.283000000000000000e+03
-6.013000000000000000e+03
-5.743000000000000000e+03
-5.608000000000000000e+03
-5.473000000000000000e+03
-5.473000000000000000e+03
-5.608000000000000000e+03
-5.743000000000000000e+03
-6.148000000000000000e+03
-6.418000000000000000e+03
-6.554000000000000000e+03
-6.554000000000000000e+03
-6.148000000000000000e+03
-5.473000000000000000e+03
-4.527000000000000000e+03
-3.311000000000000000e+03
-1.419000000000000000e+03
1.013000000000000000e+03
3.581000000000000000e+03
6.148000000000000000e+03
8.715000000000000000e+03
1.114700000000000000e+04
1.344400000000000000e+04
1.533600000000000000e+04
1.668700000000000000e+04
1.749800000000000000e+04
1.790300000000000000e+04
1.790300000000000000e+04
1.803900000000000000e+04
1.790300000000000000e+04
1.776800000000000000e+04
1.736300000000000000e+04
1.682300000000000000e+04
1.614700000000000000e+04
1.520100000000000000e+04
1.412000000000000000e+04
1.263400000000000000e+04
1.101200000000000000e+04
9.391000000000000000e+03
7.769000000000000000e+03
6.418000000000000000e+03
5.067000000000000000e+03
3.716000000000000000e+03
2.635000000000000000e+03
1.824000000000000000e+03
1.284000000000000000e+03
1.013000000000000000e+03
8.780000000000000000e+02
7.430000000000000000e+02
4.730000000000000000e+02
-6.800000000000000000e+01
-6.080000000000000000e+02
-1.149000000000000000e+03
-1.824000000000000000e+03
-2.365000000000000000e+03
-3.040000000000000000e+03
-3.851000000000000000e+03
-4.256000000000000000e+03
-4.662000000000000000e+03
-4.932000000000000000e+03
-5.337000000000000000e+03
-5.743000000000000000e+03
-6.013000000000000000e+03
-6.283000000000000000e+03
-6.554000000000000000e+03
-6.689000000000000000e+03
-6.824000000000000000e+03
-6.824000000000000000e+03
-6.824000000000000000e+03
-6.689000000000000000e+03
-6.554000000000000000e+03
-6.554000000000000000e+03
-6.418000000000000000e+03
-6.283000000000000000e+03
-6.148000000000000000e+03
-6.148000000000000000e+03
-6.013000000000000000e+03
-6.013000000000000000e+03
-5.878000000000000000e+03
-5.878000000000000000e+03
-5.878000000000000000e+03
-5.743000000000000000e+03
-5.608000000000000000e+03
-5.608000000000000000e+03
-5.473000000000000000e+03
-5.608000000000000000e+03
-5.878000000000000000e+03
-6.148000000000000000e+03
-6.283000000000000000e+03
-6.554000000000000000e+03
-6.824000000000000000e+03
-6.959000000000000000e+03
-6.824000000000000000e+03
-6.418000000000000000e+03
-5.743000000000000000e+03
-4.662000000000000000e+03
-3.040000000000000000e+03
-1.014000000000000000e+03
1.554000000000000000e+03
3.986000000000000000e+03
6.553000000000000000e+03
8.715000000000000000e+03
1.047200000000000000e+04
1.209300000000000000e+04
1.358000000000000000e+04
1.479600000000000000e+04
1.560600000000000000e+04
1.614700000000000000e+04
1.641700000000000000e+04
1.641700000000000000e+04
1.628200000000000000e+04
1.601200000000000000e+04
1.560600000000000000e+04
1.506600000000000000e+04
1.425500000000000000e+04
1.303900000000000000e+04
1.155300000000000000e+04
9.931000000000000000e+03
8.310000000000000000e+03
6.688000000000000000e+03
5.337000000000000000e+03
4.256000000000000000e+03
3.445000000000000000e+03
2.635000000000000000e+03
1.824000000000000000e+03
1.148000000000000000e+03
6.080000000000000000e+02
2.030000000000000000e+02
-6.800000000000000000e+01
-4.730000000000000000e+02
-8.780000000000000000e+02
-1.419000000000000000e+03
-2.095000000000000000e+03
-2.770000000000000000e+03
-3.311000000000000000e+03
-3.986000000000000000e+03
-4.527000000000000000e+03
-4.932000000000000000e+03
-5.202000000000000000e+03
-5.473000000000000000e+03
-5.743000000000000000e+03
-6.013000000000000000e+03
-6.283000000000000000e+03
-6.554000000000000000e+03
-6.689000000000000000e+03
-6.959000000000000000e+03
-7.094000000000000000e+03
-7.229000000000000000e+03
-7.364000000000000000e+03
-7.364000000000000000e+03
-7.364000000000000000e+03
-7.364000000000000000e+03
-7.364000000000000000e+03
-7.229000000000000000e+03
-7.229000000000000000e+03
-7.364000000000000000e+03
-7.364000000000000000e+03
-7.364000000000000000e+03
-7.229000000000000000e+03
-7.229000000000000000e+03
-6.959000000000000000e+03
-6.824000000000000000e+03
-6.824000000000000000e+03
-6.689000000000000000e+03
-6.689000000000000000e+03
-6.959000000000000000e+03
-7.229000000000000000e+03
-7.499000000000000000e+03
-7.770000000000000000e+03
-7.770000000000000000e+03
-7.635000000000000000e+03
-7.229000000000000000e+03
-6.418000000000000000e+03
-5.067000000000000000e+03
-3.176000000000000000e+03
-6.080000000000000000e+02
1.959000000000000000e+03
4.391000000000000000e+03
7.094000000000000000e+03
9.661000000000000000e+03
1.222800000000000000e+04
1.439000000000000000e+04
1.628200000000000000e+04
1.776800000000000000e+04
1.898400000000000000e+04
1.979500000000000000e+04
2.033600000000000000e+04
2.060600000000000000e+04
2.060600000000000000e+04
2.060600000000000000e+04
2.047100000000000000e+04
2.047100000000000000e+04
2.006500000000000000e+04
1.939000000000000000e+04
1.844400000000000000e+04
1.709300000000000000e+04
1.574200000000000000e+04
1.412000000000000000e+04
1.249900000000000000e+04
1.087700000000000000e+04
9.391000000000000000e+03
8.310000000000000000e+03
7.229000000000000000e+03
6.283000000000000000e+03
5.743000000000000000e+03
5.202000000000000000e+03
4.932000000000000000e+03
4.662000000000000000e+03
4.256000000000000000e+03
3.851000000000000000e+03
3.445000000000000000e+03
2.770000000000000000e+03
2.094000000000000000e+03
1.554000000000000000e+03
1.013000000000000000e+03
6.080000000000000000e+02
2.030000000000000000e+02
-6.800000000000000000e+01
-3.380000000000000000e+02
-6.080000000000000000e+02
-1.014000000000000000e+03
-1.554000000000000000e+03
-2.095000000000000000e+03
-2.635000000000000000e+03
-3.176000000000000000e+03
-3.851000000000000000e+03
-4.392000000000000000e+03
-5.067000000000000000e+03
-5.878000000000000000e+03
-6.418000000000000000e+03
-6.824000000000000000e+03
-7.094000000000000000e+03
-7.229000000000000000e+03
-7.094000000000000000e+03
-7.094000000000000000e+03
-7.094000000000000000e+03
-6.959000000000000000e+03
-6.959000000000000000e+03
-6.959000000000000000e+03
-6.959000000000000000e+03
-6.959000000000000000e+03
-6.959000000000000000e+03
-6.959000000000000000e+03
-6.824000000000000000e+03
-6.959000000000000000e+03
-6.959000000000000000e+03
-6.959000000000000000e+03
-7.094000000000000000e+03
-7.094000000000000000e+03
-7.094000000000000000e+03
-7.094000000000000000e+03
-6.959000000000000000e+03
-6.689000000000000000e+03
-6.148000000000000000e+03
-4.932000000000000000e+03
-3.176000000000000000e+03
-7.430000000000000000e+02
2.094000000000000000e+03
4.932000000000000000e+03
7.904000000000000000e+03
1.060700000000000000e+04
1.303900000000000000e+04
1.506600000000000000e+04
1.655200000000000000e+04
1.736300000000000000e+04
1.817400000000000000e+04
1.884900000000000000e+04
1.912000000000000000e+04
1.925500000000000000e+04
1.925500000000000000e+04
1.898400000000000000e+04
1.844400000000000000e+04
1.776800000000000000e+04
1.709300000000000000e+04
1.601200000000000000e+04
1.466100000000000000e+04
1.317400000000000000e+04
1.168800000000000000e+04
9.796000000000000000e+03
7.769000000000000000e+03
5.878000000000000000e+03
4.256000000000000000e+03
2.905000000000000000e+03
2.094000000000000000e+03
1.554000000000000000e+03
1.284000000000000000e+03
1.148000000000000000e+03
8.780000000000000000e+02
7.430000000000000000e+02
6.080000000000000000e+02
3.380000000000000000e+02
6.700000000000000000e+01
-2.030000000000000000e+02
-7.430000000000000000e+02
-1.149000000000000000e+03
-1.554000000000000000e+03
-2.095000000000000000e+03
-2.770000000000000000e+03
-3.581000000000000000e+03
-4.256000000000000000e+03
-4.932000000000000000e+03
-5.473000000000000000e+03
-6.013000000000000000e+03
-6.418000000000000000e+03
-6.689000000000000000e+03
-6.959000000000000000e+03
-6.959000000000000000e+03
-7.229000000000000000e+03
-7.499000000000000000e+03
-7.635000000000000000e+03
-7.770000000000000000e+03
-7.905000000000000000e+03
-8.040000000000000000e+03
-8.175000000000000000e+03
-8.175000000000000000e+03
-8.310000000000000000e+03
-8.580000000000000000e+03
-8.851000000000000000e+03
-9.256000000000000000e+03
-9.526000000000000000e+03
-9.796000000000000000e+03
-9.932000000000000000e+03
-1.006700000000000000e+04
-1.006700000000000000e+04
-1.006700000000000000e+04
-1.006700000000000000e+04
-1.020200000000000000e+04
-1.047200000000000000e+04
-1.074200000000000000e+04
-1.101300000000000000e+04
-1.128300000000000000e+04
-1.141800000000000000e+04
-1.114800000000000000e+04
-1.087700000000000000e+04
-1.006700000000000000e+04
-8.851000000000000000e+03
-7.229000000000000000e+03
-4.932000000000000000e+03
-2.770000000000000000e+03
-4.730000000000000000e+02
2.229000000000000000e+03
4.797000000000000000e+03
7.229000000000000000e+03
9.526000000000000000e+03
1.141800000000000000e+04
1.290400000000000000e+04
1.425500000000000000e+04
1.520100000000000000e+04
1.560600000000000000e+04
1.587700000000000000e+04
1.601200000000000000e+04
1.601200000000000000e+04
1.601200000000000000e+04
1.560600000000000000e+04
1.506600000000000000e+04
1.398500000000000000e+04
1.249900000000000000e+04
1.087700000000000000e+04
9.121000000000000000e+03
7.499000000000000000e+03
6.013000000000000000e+03
4.932000000000000000e+03
3.986000000000000000e+03
3.310000000000000000e+03
2.635000000000000000e+03
2.229000000000000000e+03
1.959000000000000000e+03
1.689000000000000000e+03
1.284000000000000000e+03
1.148000000000000000e+03
8.780000000000000000e+02
6.080000000000000000e+02
3.380000000000000000e+02
-6.800000000000000000e+01
-3.380000000000000000e+02
-7.430000000000000000e+02
-1.149000000000000000e+03
-1.689000000000000000e+03
-2.230000000000000000e+03
-2.905000000000000000e+03
-3.446000000000000000e+03
-3.986000000000000000e+03
-4.662000000000000000e+03
-5.337000000000000000e+03
-6.013000000000000000e+03
-6.418000000000000000e+03
-6.959000000000000000e+03
-7.364000000000000000e+03
-7.499000000000000000e+03
-7.635000000000000000e+03
-7.770000000000000000e+03
-7.770000000000000000e+03
-7.905000000000000000e+03
-8.175000000000000000e+03
-8.445000000000000000e+03
-8.445000000000000000e+03
-8.580000000000000000e+03
-8.580000000000000000e+03
-8.580000000000000000e+03
-8.580000000000000000e+03
-8.580000000000000000e+03
-8.445000000000000000e+03
-8.715000000000000000e+03
-8.986000000000000000e+03
-9.256000000000000000e+03
-9.526000000000000000e+03
-9.932000000000000000e+03
-1.033700000000000000e+04
-1.074200000000000000e+04
-1.101300000000000000e+04
-1.128300000000000000e+04
-1.114800000000000000e+04
-1.087700000000000000e+04
-1.047200000000000000e+04
-9.661000000000000000e+03
-8.310000000000000000e+03
-6.554000000000000000e+03
-4.256000000000000000e+03
-1.554000000000000000e+03
1.419000000000000000e+03
4.256000000000000000e+03
6.824000000000000000e+03
9.121000000000000000e+03
1.101200000000000000e+04
1.249900000000000000e+04
1.358000000000000000e+04
1.439000000000000000e+04
1.493100000000000000e+04
1.547100000000000000e+04
1.574200000000000000e+04
1.587700000000000000e+04
1.587700000000000000e+04
1.574200000000000000e+04
1.520100000000000000e+04
1.439000000000000000e+04
1.344400000000000000e+04
1.209300000000000000e+04
1.060700000000000000e+04
9.391000000000000000e+03
8.175000000000000000e+03
6.688000000000000000e+03
5.472000000000000000e+03
4.526000000000000000e+03
3.716000000000000000e+03
3.040000000000000000e+03
2.770000000000000000e+03
2.635000000000000000e+03
2.500000000000000000e+03
2.500000000000000000e+03
2.229000000000000000e+03
1.824000000000000000e+03
1.419000000000000000e+03
7.430000000000000000e+02
6.700000000000000000e+01
-6.080000000000000000e+02
-1.284000000000000000e+03
-1.959000000000000000e+03
-2.635000000000000000e+03
-3.311000000000000000e+03
-3.851000000000000000e+03
-4.256000000000000000e+03
-4.797000000000000000e+03
-5.202000000000000000e+03
-5.473000000000000000e+03
-5.743000000000000000e+03
-6.148000000000000000e+03
-6.418000000000000000e+03
-6.554000000000000000e+03
-6.689000000000000000e+03
-6.824000000000000000e+03
-6.824000000000000000e+03
-6.824000000000000000e+03
-6.824000000000000000e+03
-6.824000000000000000e+03
-6.824000000000000000e+03
-6.959000000000000000e+03
-7.094000000000000000e+03
-7.094000000000000000e+03
-7.094000000000000000e+03
-7.094000000000000000e+03
-7.094000000000000000e+03
-6.959000000000000000e+03
-6.959000000000000000e+03
-6.418000000000000000e+03
-5.743000000000000000e+03
-5.473000000000000000e+03
-5.337000000000000000e+03
-5.337000000000000000e+03
-5.337000000000000000e+03
-5.337000000000000000e+03
-5.337000000000000000e+03
-5.202000000000000000e+03
-4.932000000000000000e+03
-4.256000000000000000e+03
-2.770000000000000000e+03
-7.430000000000000000e+02
1.824000000000000000e+03
4.797000000000000000e+03
7.904000000000000000e+03
1.087700000000000000e+04
1.344400000000000000e+04
1.547100000000000000e+04
1.722800000000000000e+04
1.871400000000000000e+04
1.993000000000000000e+04
2.101100000000000000e+04
2.168700000000000000e+04
2.195700000000000000e+04
2.209200000000000000e+04
2.222700000000000000e+04
2.222700000000000000e+04
2.209200000000000000e+04
2.168700000000000000e+04
2.101100000000000000e+04
2.020100000000000000e+04
1.912000000000000000e+04
1.776800000000000000e+04
1.641700000000000000e+04
1.479600000000000000e+04
1.303900000000000000e+04
1.128300000000000000e+04
9.661000000000000000e+03
8.310000000000000000e+03
7.229000000000000000e+03
6.418000000000000000e+03
5.743000000000000000e+03
5.337000000000000000e+03
5.202000000000000000e+03
4.932000000000000000e+03
4.662000000000000000e+03
4.526000000000000000e+03
4.256000000000000000e+03
3.716000000000000000e+03
3.175000000000000000e+03
2.635000000000000000e+03
2.094000000000000000e+03
1.554000000000000000e+03
1.013000000000000000e+03
4.730000000000000000e+02
-2.030000000000000000e+02
-7.430000000000000000e+02
-1.284000000000000000e+03
-1.824000000000000000e+03
-2.365000000000000000e+03
-2.770000000000000000e+03
-3.446000000000000000e+03
-4.121000000000000000e+03
-4.662000000000000000e+03
-5.067000000000000000e+03
-5.473000000000000000e+03
-5.878000000000000000e+03
-6.013000000000000000e+03
-6.418000000000000000e+03
-6.689000000000000000e+03
-7.094000000000000000e+03
-7.364000000000000000e+03
-7.499000000000000000e+03
-7.499000000000000000e+03
-7.499000000000000000e+03
-7.229000000000000000e+03
-6.959000000000000000e+03
-6.689000000000000000e+03
-6.418000000000000000e+03
-6.283000000000000000e+03
-6.148000000000000000e+03
-6.148000000000000000e+03
-6.283000000000000000e+03
-6.418000000000000000e+03
-6.554000000000000000e+03
-6.824000000000000000e+03
-6.959000000000000000e+03
-6.959000000000000000e+03
-6.824000000000000000e+03
-6.418000000000000000e+03
-5.608000000000000000e+03
-4.527000000000000000e+03
-3.040000000000000000e+03
-1.014000000000000000e+03
1.554000000000000000e+03
4.256000000000000000e+03
6.824000000000000000e+03
9.391000000000000000e+03
1.155300000000000000e+04
1.344400000000000000e+04
1.493100000000000000e+04
1.601200000000000000e+04
1.695800000000000000e+04
1.763300000000000000e+04
1.776800000000000000e+04
1.790300000000000000e+04
1.790300000000000000e+04
1.776800000000000000e+04
1.736300000000000000e+04
1.682300000000000000e+04
1.601200000000000000e+04
1.506600000000000000e+04
1.371500000000000000e+04
1.209300000000000000e+04
1.047200000000000000e+04
8.715000000000000000e+03
7.229000000000000000e+03
6.148000000000000000e+03
5.202000000000000000e+03
4.391000000000000000e+03
3.581000000000000000e+03
3.040000000000000000e+03
2.770000000000000000e+03
2.635000000000000000e+03
2.500000000000000000e+03
2.364000000000000000e+03
1.824000000000000000e+03
1.284000000000000000e+03
7.430000000000000000e+02
2.030000000000000000e+02
-4.730000000000000000e+02
-1.149000000000000000e+03
-1.689000000000000000e+03
-2.230000000000000000e+03
-2.770000000000000000e+03
-3.446000000000000000e+03
-4.121000000000000000e+03
-4.662000000000000000e+03
-5.067000000000000000e+03
-5.473000000000000000e+03
-5.878000000000000000e+03
-6.148000000000000000e+03
-6.418000000000000000e+03
-6.554000000000000000e+03
-6.689000000000000000e+03
-6.689000000000000000e+03
-6.554000000000000000e+03
-6.554000000000000000e+03
-6.418000000000000000e+03
-6.148000000000000000e+03
-5.878000000000000000e+03
-5.608000000000000000e+03
-5.337000000000000000e+03
-5.337000000000000000e+03
-5.202000000000000000e+03
-5.202000000000000000e+03
-5.202000000000000000e+03
-5.202000000000000000e+03
-5.067000000000000000e+03
-5.202000000000000000e+03
-5.337000000000000000e+03
-5.608000000000000000e+03
-6.013000000000000000e+03
-6.283000000000000000e+03
-6.689000000000000000e+03
-7.094000000000000000e+03
-7.229000000000000000e+03
-7.094000000000000000e+03
-6.959000000000000000e+03
-6.554000000000000000e+03
-5.743000000000000000e+03
-4.662000000000000000e+03
-3.311000000000000000e+03
-1.419000000000000000e+03
8.780000000000000000e+02
3.445000000000000000e+03
5.878000000000000000e+03
8.175000000000000000e+03
1.006600000000000000e+04
1.141800000000000000e+04
1.276900000000000000e+04
1.398500000000000000e+04
1.506600000000000000e+04
1.587700000000000000e+04
1.641700000000000000e+04
1.682300000000000000e+04
1.668700000000000000e+04
1.655200000000000000e+04
1.614700000000000000e+04
1.520100000000000000e+04
1.398500000000000000e+04
1.263400000000000000e+04
1.128300000000000000e+04
9.661000000000000000e+03
8.040000000000000000e+03
6.553000000000000000e+03
5.067000000000000000e+03
3.986000000000000000e+03
3.040000000000000000e+03
2.229000000000000000e+03
1.554000000000000000e+03
1.148000000000000000e+03
8.780000000000000000e+02
7.430000000000000000e+02
7.430000000000000000e+02
4.730000000000000000e+02
2.030000000000000000e+02
-3.380000000000000000e+02
-8.780000000000000000e+02
-1.554000000000000000e+03
-2.230000000000000000e+03
-2.905000000000000000e+03
-3.581000000000000000e+03
-4.121000000000000000e+03
-4.662000000000000000e+03
-4.932000000000000000e+03
-5.202000000000000000e+03
-5.337000000000000000e+03
-5.608000000000000000e+03
-6.013000000000000000e+03
-6.283000000000000000e+03
-6.418000000000000000e+03
-6.418000000000000000e+03
-6.418000000000000000e+03
-6.418000000000000000e+03
-6.418000000000000000e+03
-6.283000000000000000e+03
-6.148000000000000000e+03
-5.878000000000000000e+03
-5.743000000000000000e+03
-5.608000000000000000e+03
-5.473000000000000000e+03
-5.202000000000000000e+03
-5.202000000000000000e+03
-5.067000000000000000e+03
-5.067000000000000000e+03
-5.067000000000000000e+03
-5.067000000000000000e+03
-5.067000000000000000e+03
-5.202000000000000000e+03
-5.337000000000000000e+03
-5.608000000000000000e+03
-5.743000000000000000e+03
-6.013000000000000000e+03
-6.283000000000000000e+03
-6.283000000000000000e+03
-6.013000000000000000e+03
-5.337000000000000000e+03
-4.121000000000000000e+03
-2.230000000000000000e+03
3.380000000000000000e+02
3.310000000000000000e+03
6.418000000000000000e+03
9.121000000000000000e+03
1.155300000000000000e+04
1.358000000000000000e+04
1.506600000000000000e+04
1.668700000000000000e+04
1.803900000000000000e+04
1.912000000000000000e+04
1.993000000000000000e+04
2.033600000000000000e+04
2.060600000000000000e+04
2.074100000000000000e+04
2.087600000000000000e+04
2.060600000000000000e+04
2.033600000000000000e+04
2.006500000000000000e+04
1.952500000000000000e+04
1.884900000000000000e+04
1.790300000000000000e+04
1.655200000000000000e+04
1.493100000000000000e+04
1.330900000000000000e+04
1.155300000000000000e+04
9.661000000000000000e+03
8.040000000000000000e+03
6.688000000000000000e+03
5.607000000000000000e+03
4.662000000000000000e+03
3.851000000000000000e+03
3.310000000000000000e+03
2.770000000000000000e+03
2.364000000000000000e+03
1.959000000000000000e+03
1.554000000000000000e+03
1.148000000000000000e+03
8.780000000000000000e+02
3.380000000000000000e+02
-6.800000000000000000e+01
-4.730000000000000000e+02
-8.780000000000000000e+02
-1.149000000000000000e+03
-1.554000000000000000e+03
-1.959000000000000000e+03
-2.635000000000000000e+03
-3.311000000000000000e+03
-3.851000000000000000e+03
-4.527000000000000000e+03
-5.067000000000000000e+03
-5.608000000000000000e+03
-6.148000000000000000e+03
-6.554000000000000000e+03
-6.824000000000000000e+03
-7.094000000000000000e+03
-7.229000000000000000e+03
-7.364000000000000000e+03
-7.364000000000000000e+03
-7.635000000000000000e+03
-7.770000000000000000e+03
-7.770000000000000000e+03
-7.905000000000000000e+03
-7.770000000000000000e+03
-7.635000000000000000e+03
-7.364000000000000000e+03
-7.229000000000000000e+03
-7.364000000000000000e+03
-7.364000000000000000e+03
-7.635000000000000000e+03
-7.905000000000000000e+03
-8.040000000000000000e+03
-8.310000000000000000e+03
-8.310000000000000000e+03
-8.445000000000000000e+03
-8.445000000000000000e+03
-8.310000000000000000e+03
-7.905000000000000000e+03
-7.229000000000000000e+03
-6.148000000000000000e+03
-4.797000000000000000e+03
-2.770000000000000000e+03
-2.030000000000000000e+02
2.635000000000000000e+03
5.472000000000000000e+03
8.175000000000000000e+03
1.074200000000000000e+04
1.290400000000000000e+04
1.452500000000000000e+04
1.560600000000000000e+04
1.655200000000000000e+04
1.695800000000000000e+04
1.709300000000000000e+04
1.722800000000000000e+04
1.722800000000000000e+04
1.709300000000000000e+04
1.695800000000000000e+04
1.668700000000000000e+04
1.628200000000000000e+04
1.560600000000000000e+04
1.493100000000000000e+04
1.371500000000000000e+04
1.236300000000000000e+04
1.047200000000000000e+04
8.580000000000000000e+03
6.824000000000000000e+03
5.067000000000000000e+03
3.581000000000000000e+03
2.364000000000000000e+03
1.419000000000000000e+03
7.430000000000000000e+02
3.380000000000000000e+02
-6.800000000000000000e+01
-6.080000000000000000e+02
-1.014000000000000000e+03
-1.554000000000000000e+03
-1.824000000000000000e+03
-2.095000000000000000e+03
-2.635000000000000000e+03
-3.176000000000000000e+03
-3.716000000000000000e+03
-4.121000000000000000e+03
-4.662000000000000000e+03
-5.067000000000000000e+03
-5.337000000000000000e+03
-5.743000000000000000e+03
-6.283000000000000000e+03
-6.689000000000000000e+03
-6.959000000000000000e+03
-7.229000000000000000e+03
-7.499000000000000000e+03
-7.770000000000000000e+03
-8.175000000000000000e+03
-8.445000000000000000e+03
-8.851000000000000000e+03
-9.256000000000000000e+03
-9.526000000000000000e+03
-9.796000000000000000e+03
-9.796000000000000000e+03
-9.932000000000000000e+03
-9.661000000000000000e+03
-9.391000000000000000e+03
-9.256000000000000000e+03
-9.391000000000000000e+03
-9.391000000000000000e+03
-9.526000000000000000e+03
-9.796000000000000000e+03
-9.932000000000000000e+03
-1.006700000000000000e+04
-1.020200000000000000e+04
-1.033700000000000000e+04
-1.047200000000000000e+04
-1.074200000000000000e+04
-1.101300000000000000e+04
-1.128300000000000000e+04
-1.141800000000000000e+04
-1.155300000000000000e+04
-1.141800000000000000e+04
-1.101300000000000000e+04
-1.006700000000000000e+04
-8.715000000000000000e+03
-6.689000000000000000e+03
-4.256000000000000000e+03
-1.419000000000000000e+03
1.419000000000000000e+03
4.121000000000000000e+03
6.418000000000000000e+03
8.175000000000000000e+03
1.006600000000000000e+04
1.182300000000000000e+04
1.330900000000000000e+04
1.439000000000000000e+04
1.506600000000000000e+04
1.533600000000000000e+04
1.533600000000000000e+04
1.506600000000000000e+04
1.479600000000000000e+04
1.439000000000000000e+04
1.385000000000000000e+04
1.317400000000000000e+04
1.236300000000000000e+04
1.141800000000000000e+04
1.020200000000000000e+04
8.715000000000000000e+03
7.094000000000000000e+03
5.337000000000000000e+03
3.851000000000000000e+03
2.500000000000000000e+03
1.419000000000000000e+03
6.080000000000000000e+02
-6.800000000000000000e+01
-3.380000000000000000e+02
-4.730000000000000000e+02
-6.080000000000000000e+02
-6.080000000000000000e+02
-6.080000000000000000e+02
-6.080000000000000000e+02
-8.780000000000000000e+02
-1.149000000000000000e+03
-1.554000000000000000e+03
-1.959000000000000000e+03
-2.635000000000000000e+03
-3.311000000000000000e+03
-3.986000000000000000e+03
-4.662000000000000000e+03
-5.202000000000000000e+03
-5.743000000000000000e+03
-6.283000000000000000e+03
-6.824000000000000000e+03
-7.229000000000000000e+03
-7.364000000000000000e+03
-7.499000000000000000e+03
-7.499000000000000000e+03
-7.364000000000000000e+03
-7.364000000000000000e+03
-7.364000000000000000e+03
-7.229000000000000000e+03
-7.364000000000000000e+03
-7.364000000000000000e+03
-7.499000000000000000e+03
-7.635000000000000000e+03
-7.635000000000000000e+03
-7.770000000000000000e+03
-7.770000000000000000e+03
-7.635000000000000000e+03
-7.635000000000000000e+03
-7.905000000000000000e+03
-8.175000000000000000e+03
-8.445000000000000000e+03
-8.715000000000000000e+03
-8.986000000000000000e+03
-9.256000000000000000e+03
-9.661000000000000000e+03
-9.796000000000000000e+03
-9.932000000000000000e+03
-9.932000000000000000e+03
-9.796000000000000000e+03
-9.526000000000000000e+03
-8.986000000000000000e+03
-8.040000000000000000e+03
-6.689000000000000000e+03
-5.202000000000000000e+03
-3.446000000000000000e+03
-1.149000000000000000e+03
1.419000000000000000e+03
3.851000000000000000e+03
6.418000000000000000e+03
8.850000000000000000e+03
1.087700000000000000e+04
1.249900000000000000e+04
1.371500000000000000e+04
1.439000000000000000e+04
1.452500000000000000e+04
1.452500000000000000e+04
1.425500000000000000e+04
1.371500000000000000e+04
1.303900000000000000e+04
1.236300000000000000e+04
1.141800000000000000e+04
1.020200000000000000e+04
8.715000000000000000e+03
7.094000000000000000e+03
5.607000000000000000e+03
4.391000000000000000e+03
3.445000000000000000e+03
2.635000000000000000e+03
1.959000000000000000e+03
1.554000000000000000e+03
1.284000000000000000e+03
1.284000000000000000e+03
1.148000000000000000e+03
8.780000000000000000e+02
6.080000000000000000e+02
2.030000000000000000e+02
-2.030000000000000000e+02
-7.430000000000000000e+02
-1.284000000000000000e+03
-1.689000000000000000e+03
-2.095000000000000000e+03
-2.500000000000000000e+03
-2.770000000000000000e+03
-3.040000000000000000e+03
-3.311000000000000000e+03
-3.716000000000000000e+03
-3.986000000000000000e+03
-4.392000000000000000e+03
-4.662000000000000000e+03
-5.067000000000000000e+03
-5.337000000000000000e+03
-5.473000000000000000e+03
-5.743000000000000000e+03
-5.878000000000000000e+03
-6.013000000000000000e+03
-6.283000000000000000e+03
-6.554000000000000000e+03
-6.824000000000000000e+03
-6.959000000000000000e+03
-6.959000000000000000e+03
-6.959000000000000000e+03
-6.824000000000000000e+03
-6.824000000000000000e+03
-6.824000000000000000e+03
-6.959000000000000000e+03
-6.959000000000000000e+03
-6.959000000000000000e+03
-6.689000000000000000e+03
-6.418000000000000000e+03
-6.148000000000000000e+03
-5.878000000000000000e+03
-5.878000000000000000e+03
-5.878000000000000000e+03
-5.878000000000000000e+03
-5.878000000000000000e+03
-5.743000000000000000e+03
-5.743000000000000000e+03
-5.608000000000000000e+03
-5.337000000000000000e+03
-4.797000000000000000e+03
-3.446000000000000000e+03
-1.419000000000000000e+03
1.148000000000000000e+03
3.851000000000000000e+03
6.824000000000000000e+03
9.796000000000000000e+03
1.263400000000000000e+04
1.493100000000000000e+04
1.682300000000000000e+04
1.817400000000000000e+04
1.898400000000000000e+04
1.952500000000000000e+04
1.979500000000000000e+04
1.993000000000000000e+04
2.006500000000000000e+04
2.006500000000000000e+04
2.006500000000000000e+04
1.979500000000000000e+04
1.925500000000000000e+04
1.871400000000000000e+04
1.790300000000000000e+04
1.695800000000000000e+04
1.574200000000000000e+04
1.466100000000000000e+04
1.344400000000000000e+04
1.195800000000000000e+04
1.047200000000000000e+04
9.121000000000000000e+03
7.904000000000000000e+03
6.824000000000000000e+03
5.878000000000000000e+03
5.067000000000000000e+03
4.662000000000000000e+03
4.256000000000000000e+03
3.716000000000000000e+03
3.310000000000000000e+03
2.905000000000000000e+03
2.364000000000000000e+03
1.824000000000000000e+03
1.284000000000000000e+03
7.430000000000000000e+02
3.380000000000000000e+02
-2.030000000000000000e+02
-7.430000000000000000e+02
-1.284000000000000000e+03
-1.824000000000000000e+03
-2.365000000000000000e+03
-2.905000000000000000e+03
-3.311000000000000000e+03
-3.851000000000000000e+03
-4.392000000000000000e+03
-4.932000000000000000e+03
-5.337000000000000000e+03
-5.608000000000000000e+03
-5.743000000000000000e+03
-6.013000000000000000e+03
-6.148000000000000000e+03
-6.283000000000000000e+03
-6.283000000000000000e+03
-6.283000000000000000e+03
-6.283000000000000000e+03
-6.013000000000000000e+03
-5.878000000000000000e+03
-5.878000000000000000e+03
-5.878000000000000000e+03
-6.013000000000000000e+03
-6.013000000000000000e+03
-6.013000000000000000e+03
-5.878000000000000000e+03
-5.878000000000000000e+03
-6.013000000000000000e+03
-6.148000000000000000e+03
-6.418000000000000000e+03
-6.554000000000000000e+03
-6.689000000000000000e+03
-6.824000000000000000e+03
-6.689000000000000000e+03
-6.418000000000000000e+03
-6.013000000000000000e+03
-5.337000000000000000e+03
-4.121000000000000000e+03
-2.365000000000000000e+03
-6.800000000000000000e+01
2.364000000000000000e+03
4.932000000000000000e+03
6.959000000000000000e+03
8.850000000000000000e+03
1.060700000000000000e+04
1.236300000000000000e+04
1.371500000000000000e+04
1.466100000000000000e+04
1.533600000000000000e+04
1.587700000000000000e+04
1.614700000000000000e+04
1.628200000000000000e+04
1.628200000000000000e+04
1.628200000000000000e+04
1.601200000000000000e+04
1.560600000000000000e+04
1.506600000000000000e+04
1.425500000000000000e+04
1.330900000000000000e+04
1.209300000000000000e+04
1.060700000000000000e+04
8.985000000000000000e+03
7.364000000000000000e+03
5.878000000000000000e+03
4.662000000000000000e+03
3.716000000000000000e+03
3.040000000000000000e+03
2.635000000000000000e+03
2.229000000000000000e+03
1.959000000000000000e+03
1.689000000000000000e+03
1.419000000000000000e+03
8.780000000000000000e+02
3.380000000000000000e+02
-3.380000000000000000e+02
-1.014000000000000000e+03
-1.689000000000000000e+03
-2.365000000000000000e+03
-3.040000000000000000e+03
-3.716000000000000000e+03
-4.256000000000000000e+03
-4.797000000000000000e+03
-5.337000000000000000e+03
-5.743000000000000000e+03
-6.013000000000000000e+03
-6.283000000000000000e+03
-6.554000000000000000e+03
-6.824000000000000000e+03
-7.229000000000000000e+03
-7.499000000000000000e+03
-7.905000000000000000e+03
-8.175000000000000000e+03
-8.445000000000000000e+03
-8.580000000000000000e+03
-8.580000000000000000e+03
-8.445000000000000000e+03
-8.175000000000000000e+03
-7.905000000000000000e+03
-7.770000000000000000e+03
-7.905000000000000000e+03
-7.905000000000000000e+03
-8.040000000000000000e+03
-8.040000000000000000e+03
-8.175000000000000000e+03
-8.310000000000000000e+03
-8.310000000000000000e+03
-8.175000000000000000e+03
-8.310000000000000000e+03
-8.445000000000000000e+03
-8.715000000000000000e+03
-8.986000000000000000e+03
-9.256000000000000000e+03
-9.526000000000000000e+03
-9.526000000000000000e+03
-9.391000000000000000e+03
-8.986000000000000000e+03
-8.040000000000000000e+03
-6.959000000000000000e+03
-5.608000000000000000e+03
-3.851000000000000000e+03
-1.554000000000000000e+03
1.013000000000000000e+03
3.581000000000000000e+03
6.013000000000000000e+03
8.175000000000000000e+03
1.006600000000000000e+04
1.168800000000000000e+04
1.290400000000000000e+04
1.398500000000000000e+04
1.466100000000000000e+04
1.506600000000000000e+04
1.520100000000000000e+04
1.533600000000000000e+04
1.533600000000000000e+04
1.506600000000000000e+04
1.466100000000000000e+04
1.385000000000000000e+04
1.290400000000000000e+04
1.141800000000000000e+04
9.796000000000000000e+03
8.175000000000000000e+03
6.418000000000000000e+03
5.202000000000000000e+03
4.391000000000000000e+03
3.581000000000000000e+03
2.905000000000000000e+03
2.364000000000000000e+03
2.094000000000000000e+03
1.959000000000000000e+03
1.689000000000000000e+03
1.284000000000000000e+03
1.013000000000000000e+03
4.730000000000000000e+02
-6.800000000000000000e+01
-6.080000000000000000e+02
-1.149000000000000000e+03
-1.689000000000000000e+03
-2.365000000000000000e+03
-2.905000000000000000e+03
-3.581000000000000000e+03
-4.256000000000000000e+03
-4.797000000000000000e+03
-5.337000000000000000e+03
-5.743000000000000000e+03
-6.148000000000000000e+03
-6.418000000000000000e+03
-6.824000000000000000e+03
-7.094000000000000000e+03
-7.229000000000000000e+03
-7.499000000000000000e+03
-7.905000000000000000e+03
-8.040000000000000000e+03
-8.175000000000000000e+03
-8.310000000000000000e+03
-8.310000000000000000e+03
-8.310000000000000000e+03
-8.175000000000000000e+03
-8.310000000000000000e+03
-8.310000000000000000e+03
-8.310000000000000000e+03
-8.445000000000000000e+03
-8.580000000000000000e+03
-8.715000000000000000e+03
-8.715000000000000000e+03
-8.851000000000000000e+03
-8.851000000000000000e+03
-8.851000000000000000e+03
-8.986000000000000000e+03
-9.121000000000000000e+03
-9.256000000000000000e+03
-9.391000000000000000e+03
-9.526000000000000000e+03
-9.391000000000000000e+03
-8.986000000000000000e+03
-8.310000000000000000e+03
-7.094000000000000000e+03
-5.337000000000000000e+03
-3.040000000000000000e+03
-2.030000000000000000e+02
2.905000000000000000e+03
5.878000000000000000e+03
8.850000000000000000e+03
1.141800000000000000e+04
1.358000000000000000e+04
1.493100000000000000e+04
1.587700000000000000e+04
1.655200000000000000e+04
1.695800000000000000e+04
1.722800000000000000e+04
1.736300000000000000e+04
1.722800000000000000e+04
1.695800000000000000e+04
1.668700000000000000e+04
1.628200000000000000e+04
1.587700000000000000e+04
1.533600000000000000e+04
1.452500000000000000e+04
1.371500000000000000e+04
1.276900000000000000e+04
1.141800000000000000e+04
9.796000000000000000e+03
8.175000000000000000e+03
6.824000000000000000e+03
5.743000000000000000e+03
4.797000000000000000e+03
4.256000000000000000e+03
3.986000000000000000e+03
3.581000000000000000e+03
3.310000000000000000e+03
3.175000000000000000e+03
2.905000000000000000e+03
2.770000000000000000e+03
2.364000000000000000e+03
1.824000000000000000e+03
1.419000000000000000e+03
8.780000000000000000e+02
3.380000000000000000e+02
-6.800000000000000000e+01
-6.080000000000000000e+02
-1.284000000000000000e+03
-1.824000000000000000e+03
-2.500000000000000000e+03
-3.176000000000000000e+03
-3.716000000000000000e+03
-4.256000000000000000e+03
-4.932000000000000000e+03
-5.202000000000000000e+03
-5.473000000000000000e+03
-5.473000000000000000e+03
-5.608000000000000000e+03
-5.608000000000000000e+03
-5.743000000000000000e+03
-5.878000000000000000e+03
-5.878000000000000000e+03
-5.878000000000000000e+03
-5.878000000000000000e+03
-5.878000000000000000e+03
-5.743000000000000000e+03
-5.743000000000000000e+03
-5.743000000000000000e+03
-5.743000000000000000e+03
-5.743000000000000000e+03
-5.878000000000000000e+03
-6.013000000000000000e+03
-6.148000000000000000e+03
-6.418000000000000000e+03
-6.554000000000000000e+03
-6.824000000000000000e+03
-6.824000000000000000e+03
-6.959000000000000000e+03
-6.824000000000000000e+03
-6.554000000000000000e+03
-6.013000000000000000e+03
-5.067000000000000000e+03
-3.716000000000000000e+03
-1.824000000000000000e+03
7.430000000000000000e+02
3.716000000000000000e+03
6.688000000000000000e+03
9.256000000000000000e+03
1.128300000000000000e+04
1.330900000000000000e+04
1.506600000000000000e+04
1.641700000000000000e+04
1.763300000000000000e+04
1.857900000000000000e+04
1.925500000000000000e+04
1.952500000000000000e+04
1.966000000000000000e+04
1.979500000000000000e+04
1.979500000000000000e+04
1.966000000000000000e+04
1.939000000000000000e+04
1.898400000000000000e+04
1.830900000000000000e+04
1.736300000000000000e+04
1.601200000000000000e+04
1.452500000000000000e+04
1.303900000000000000e+04
1.128300000000000000e+04
9.661000000000000000e+03
8.175000000000000000e+03
6.824000000000000000e+03
5.878000000000000000e+03
5.337000000000000000e+03
4.797000000000000000e+03
4.391000000000000000e+03
3.986000000000000000e+03
3.581000000000000000e+03
3.175000000000000000e+03
2.770000000000000000e+03
2.500000000000000000e+03
1.959000000000000000e+03
1.554000000000000000e+03
1.148000000000000000e+03
6.080000000000000000e+02
6.700000000000000000e+01
-3.380000000000000000e+02
-7.430000000000000000e+02
-1.284000000000000000e+03
-1.689000000000000000e+03
-2.230000000000000000e+03
-2.905000000000000000e+03
-3.581000000000000000e+03
-4.256000000000000000e+03
-4.797000000000000000e+03
-5.337000000000000000e+03
-5.743000000000000000e+03
-6.013000000000000000e+03
-6.013000000000000000e+03
-5.878000000000000000e+03
-5.743000000000000000e+03
-5.743000000000000000e+03
-5.608000000000000000e+03
-5.743000000000000000e+03
-5.878000000000000000e+03
-6.148000000000000000e+03
-6.554000000000000000e+03
-6.824000000000000000e+03
-7.094000000000000000e+03
-7.499000000000000000e+03
-7.770000000000000000e+03
-7.905000000000000000e+03
-7.905000000000000000e+03
-8.040000000000000000e+03
-8.040000000000000000e+03
-8.040000000000000000e+03
-8.040000000000000000e+03
-8.175000000000000000e+03
-8.310000000000000000e+03
-8.175000000000000000e+03
-8.040000000000000000e+03
-7.499000000000000000e+03
-6.554000000000000000e+03
-5.473000000000000000e+03
-3.986000000000000000e+03
-1.959000000000000000e+03
6.080000000000000000e+02
3.445000000000000000e+03
6.148000000000000000e+03
8.850000000000000000e+03
1.114700000000000000e+04
1.303900000000000000e+04
1.452500000000000000e+04
1.547100000000000000e+04
1.587700000000000000e+04
1.601200000000000000e+04
1.601200000000000000e+04
1.601200000000000000e+04
1.601200000000000000e+04
1.601200000000000000e+04
1.601200000000000000e+04
1.574200000000000000e+04
1.533600000000000000e+04
1.439000000000000000e+04
1.303900000000000000e+04
1.141800000000000000e+04
9.661000000000000000e+03
7.769000000000000000e+03
6.283000000000000000e+03
4.932000000000000000e+03
3.581000000000000000e+03
2.364000000000000000e+03
1.554000000000000000e+03
1.013000000000000000e+03
7.430000000000000000e+02
3.380000000000000000e+02
6.700000000000000000e+01
-2.030000000000000000e+02
-6.080000000000000000e+02
-1.014000000000000000e+03
-1.554000000000000000e+03
-2.095000000000000000e+03
-2.635000000000000000e+03
-3.176000000000000000e+03
-3.716000000000000000e+03
-4.256000000000000000e+03
-4.797000000000000000e+03
-5.202000000000000000e+03
-5.743000000000000000e+03
-6.013000000000000000e+03
-6.418000000000000000e+03
-6.824000000000000000e+03
-7.094000000000000000e+03
-7.364000000000000000e+03
-7.635000000000000000e+03
-7.770000000000000000e+03
-7.905000000000000000e+03
-7.905000000000000000e+03
-8.040000000000000000e+03
-8.040000000000000000e+03
-8.040000000000000000e+03
-8.040000000000000000e+03
-8.175000000000000000e+03
-8.310000000000000000e+03
-8.445000000000000000e+03
-8.580000000000000000e+03
-8.580000000000000000e+03
-8.310000000000000000e+03
-8.040000000000000000e+03
-7.770000000000000000e+03
-7.635000000000000000e+03
-7.499000000000000000e+03
-7.499000000000000000e+03
-7.635000000000000000e+03
-7.905000000000000000e+03
-8.175000000000000000e+03
-8.580000000000000000e+03
-8.851000000000000000e+03
-8.986000000000000000e+03
-8.986000000000000000e+03
-8.715000000000000000e+03
-8.310000000000000000e+03
-7.635000000000000000e+03
-6.418000000000000000e+03
-4.662000000000000000e+03
-2.365000000000000000e+03
4.730000000000000000e+02
3.581000000000000000e+03
6.824000000000000000e+03
1.006600000000000000e+04
1.276900000000000000e+04
1.493100000000000000e+04
1.682300000000000000e+04
1.830900000000000000e+04
1.925500000000000000e+04
1.993000000000000000e+04
2.020100000000000000e+04
2.033600000000000000e+04
2.006500000000000000e+04
1.952500000000000000e+04
1.884900000000000000e+04
1.790300000000000000e+04
1.682300000000000000e+04
1.574200000000000000e+04
1.452500000000000000e+04
1.303900000000000000e+04
1.155300000000000000e+04
1.006600000000000000e+04
8.850000000000000000e+03
7.769000000000000000e+03
6.688000000000000000e+03
6.013000000000000000e+03
5.743000000000000000e+03
5.607000000000000000e+03
5.472000000000000000e+03
5.472000000000000000e+03
5.337000000000000000e+03
5.337000000000000000e+03
5.337000000000000000e+03
5.337000000000000000e+03
5.337000000000000000e+03
5.337000000000000000e+03
5.337000000000000000e+03
5.337000000000000000e+03
5.337000000000000000e+03
5.337000000000000000e+03
5.337000000000000000e+03
5.337000000000000000e+03
5.337000000000000000e+03
5.067000000000000000e+03
4.662000000000000000e+03
4.121000000000000000e+03
3.581000000000000000e+03
2.905000000000000000e+03
2.364000000000000000e+03
1.824000000000000000e+03
1.419000000000000000e+03
8.780000000000000000e+02
3.380000000000000000e+02
-3.380000000000000000e+02
-7.430000000000000000e+02
-1.014000000000000000e+03
-1.149000000000000000e+03
-1.284000000000000000e+03
-1.419000000000000000e+03
-1.554000000000000000e+03
-1.959000000000000000e+03
-2.500000000000000000e+03
-2.905000000000000000e+03
-3.581000000000000000e+03
-4.121000000000000000e+03
-4.797000000000000000e+03
-5.202000000000000000e+03
-5.473000000000000000e+03
-5.743000000000000000e+03
-6.013000000000000000e+03
-6.418000000000000000e+03
-6.689000000000000000e+03
-7.094000000000000000e+03
-7.229000000000000000e+03
-7.229000000000000000e+03
-6.824000000000000000e+03
-6.283000000000000000e+03
-5.337000000000000000e+03
-3.851000000000000000e+03
-2.365000000000000000e+03
-6.080000000000000000e+02
1.689000000000000000e+03
3.986000000000000000e+03
6.013000000000000000e+03
7.904000000000000000e+03
9.526000000000000000e+03
1.074200000000000000e+04
1.168800000000000000e+04
1.236300000000000000e+04
1.263400000000000000e+04
1.263400000000000000e+04
1.236300000000000000e+04
1.209300000000000000e+04
1.141800000000000000e+04
1.060700000000000000e+04
9.526000000000000000e+03
8.040000000000000000e+03
6.418000000000000000e+03
4.662000000000000000e+03
2.770000000000000000e+03
8.780000000000000000e+02
-7.430000000000000000e+02
-2.230000000000000000e+03
-3.581000000000000000e+03
-4.527000000000000000e+03
-5.067000000000000000e+03
-5.608000000000000000e+03
-6.013000000000000000e+03
-6.283000000000000000e+03
-6.689000000000000000e+03
-6.959000000000000000e+03
-7.094000000000000000e+03
-7.229000000000000000e+03
-7.229000000000000000e+03
-7.229000000000000000e+03
-7.229000000000000000e+03
-7.364000000000000000e+03
-7.499000000000000000e+03
-7.635000000000000000e+03
-7.905000000000000000e+03
-8.175000000000000000e+03
-8.445000000000000000e+03
-8.580000000000000000e+03
-8.851000000000000000e+03
-9.256000000000000000e+03
-9.526000000000000000e+03
-9.932000000000000000e+03
-1.020200000000000000e+04
-1.060700000000000000e+04
-1.074200000000000000e+04
-1.074200000000000000e+04
-1.060700000000000000e+04
-1.060700000000000000e+04
-1.047200000000000000e+04
-1.047200000000000000e+04
-1.033700000000000000e+04
-1.033700000000000000e+04
-1.020200000000000000e+04
-1.020200000000000000e+04
-1.006700000000000000e+04
-1.006700000000000000e+04
-1.006700000000000000e+04
-9.932000000000000000e+03
-9.796000000000000000e+03
-9.796000000000000000e+03
-9.796000000000000000e+03
-9.796000000000000000e+03
-1.006700000000000000e+04
-1.033700000000000000e+04
-1.060700000000000000e+04
-1.060700000000000000e+04
-1.047200000000000000e+04
-1.006700000000000000e+04
-9.391000000000000000e+03
-8.445000000000000000e+03
-7.094000000000000000e+03
-5.067000000000000000e+03
-2.500000000000000000e+03
6.080000000000000000e+02
3.716000000000000000e+03
6.959000000000000000e+03
1.006600000000000000e+04
1.276900000000000000e+04
1.506600000000000000e+04
1.682300000000000000e+04
1.817400000000000000e+04
1.898400000000000000e+04
1.939000000000000000e+04
1.966000000000000000e+04
1.966000000000000000e+04
1.979500000000000000e+04
1.979500000000000000e+04
1.966000000000000000e+04
1.925500000000000000e+04
1.857900000000000000e+04
1.803900000000000000e+04
1.722800000000000000e+04
1.628200000000000000e+04
1.520100000000000000e+04
1.412000000000000000e+04
1.276900000000000000e+04
1.128300000000000000e+04
9.661000000000000000e+03
7.904000000000000000e+03
6.418000000000000000e+03
5.202000000000000000e+03
4.256000000000000000e+03
3.851000000000000000e+03
3.581000000000000000e+03
3.445000000000000000e+03
3.175000000000000000e+03
2.770000000000000000e+03
2.364000000000000000e+03
1.689000000000000000e+03
1.148000000000000000e+03
4.730000000000000000e+02
-2.030000000000000000e+02
-7.430000000000000000e+02
-1.149000000000000000e+03
-1.554000000000000000e+03
-2.095000000000000000e+03
-2.635000000000000000e+03
-3.176000000000000000e+03
-3.851000000000000000e+03
-4.392000000000000000e+03
-4.932000000000000000e+03
-5.337000000000000000e+03
-5.608000000000000000e+03
-5.743000000000000000e+03
-5.878000000000000000e+03
-6.013000000000000000e+03
-6.148000000000000000e+03
-6.148000000000000000e+03
-6.148000000000000000e+03
-6.148000000000000000e+03
-6.148000000000000000e+03
-6.148000000000000000e+03
-6.013000000000000000e+03
-6.148000000000000000e+03
-6.148000000000000000e+03
-6.283000000000000000e+03
-6.418000000000000000e+03
-6.418000000000000000e+03
-6.554000000000000000e+03
-6.554000000000000000e+03
-6.554000000000000000e+03
-6.554000000000000000e+03
-6.689000000000000000e+03
-6.824000000000000000e+03
-7.094000000000000000e+03
-7.229000000000000000e+03
-7.094000000000000000e+03
-6.689000000000000000e+03
-5.743000000000000000e+03
-4.662000000000000000e+03
-3.176000000000000000e+03
-1.284000000000000000e+03
1.284000000000000000e+03
4.121000000000000000e+03
6.959000000000000000e+03
9.796000000000000000e+03
1.209300000000000000e+04
1.385000000000000000e+04
1.547100000000000000e+04
1.695800000000000000e+04
1.803900000000000000e+04
1.898400000000000000e+04
1.966000000000000000e+04
2.033600000000000000e+04
2.060600000000000000e+04
2.074100000000000000e+04
2.060600000000000000e+04
2.020100000000000000e+04
1.966000000000000000e+04
1.912000000000000000e+04
1.830900000000000000e+04
1.736300000000000000e+04
1.628200000000000000e+04
1.520100000000000000e+04
1.385000000000000000e+04
1.236300000000000000e+04
1.101200000000000000e+04
9.661000000000000000e+03
8.445000000000000000e+03
7.364000000000000000e+03
6.688000000000000000e+03
6.148000000000000000e+03
5.878000000000000000e+03
5.878000000000000000e+03
5.743000000000000000e+03
5.337000000000000000e+03
4.797000000000000000e+03
4.256000000000000000e+03
3.581000000000000000e+03
3.040000000000000000e+03
2.364000000000000000e+03
1.689000000000000000e+03
1.148000000000000000e+03
6.080000000000000000e+02
2.030000000000000000e+02
-2.030000000000000000e+02
-6.080000000000000000e+02
-1.149000000000000000e+03
-1.689000000000000000e+03
-2.230000000000000000e+03
-2.770000000000000000e+03
-3.446000000000000000e+03
-3.986000000000000000e+03
-4.392000000000000000e+03
-4.797000000000000000e+03
-5.067000000000000000e+03
-5.202000000000000000e+03
-5.202000000000000000e+03
-5.202000000000000000e+03
-5.202000000000000000e+03
-5.067000000000000000e+03
-5.067000000000000000e+03
-5.067000000000000000e+03
-5.067000000000000000e+03
-5.202000000000000000e+03
-5.337000000000000000e+03
-5.473000000000000000e+03
-5.473000000000000000e+03
-5.473000000000000000e+03
-5.337000000000000000e+03
-5.202000000000000000e+03
-5.067000000000000000e+03
-5.067000000000000000e+03
-5.337000000000000000e+03
-5.473000000000000000e+03
-5.608000000000000000e+03
-5.608000000000000000e+03
-5.337000000000000000e+03
-5.067000000000000000e+03
-4.392000000000000000e+03
-3.446000000000000000e+03
-2.095000000000000000e+03
-6.080000000000000000e+02
1.689000000000000000e+03
4.121000000000000000e+03
6.824000000000000000e+03
9.391000000000000000e+03
1.168800000000000000e+04
1.371500000000000000e+04
1.533600000000000000e+04
1.641700000000000000e+04
1.722800000000000000e+04
1.776800000000000000e+04
1.817400000000000000e+04
1.817400000000000000e+04
1.817400000000000000e+04
1.817400000000000000e+04
1.803900000000000000e+04
1.763300000000000000e+04
1.709300000000000000e+04
1.628200000000000000e+04
1.533600000000000000e+04
1.398500000000000000e+04
1.249900000000000000e+04
1.087700000000000000e+04
9.256000000000000000e+03
7.769000000000000000e+03
6.553000000000000000e+03
5.337000000000000000e+03
4.391000000000000000e+03
3.581000000000000000e+03
2.770000000000000000e+03
2.094000000000000000e+03
1.689000000000000000e+03
1.554000000000000000e+03
1.284000000000000000e+03
8.780000000000000000e+02
4.730000000000000000e+02
2.030000000000000000e+02
-2.030000000000000000e+02
-7.430000000000000000e+02
-1.149000000000000000e+03
-1.689000000000000000e+03
-2.230000000000000000e+03
-2.770000000000000000e+03
-3.446000000000000000e+03
-3.986000000000000000e+03
-4.392000000000000000e+03
-4.797000000000000000e+03
-5.067000000000000000e+03
-5.337000000000000000e+03
-5.337000000000000000e+03
-5.473000000000000000e+03
-5.608000000000000000e+03
-5.878000000000000000e+03
-6.283000000000000000e+03
-6.554000000000000000e+03
-6.689000000000000000e+03
-6.824000000000000000e+03
-6.824000000000000000e+03
-6.689000000000000000e+03
-6.689000000000000000e+03
-6.824000000000000000e+03
-6.959000000000000000e+03
-7.094000000000000000e+03
-7.229000000000000000e+03
-7.499000000000000000e+03
-7.635000000000000000e+03
-7.770000000000000000e+03
-7.770000000000000000e+03
-8.040000000000000000e+03
-8.310000000000000000e+03
-8.580000000000000000e+03
-8.851000000000000000e+03
-9.256000000000000000e+03
-9.526000000000000000e+03
-9.796000000000000000e+03
-9.932000000000000000e+03
-9.932000000000000000e+03
-9.526000000000000000e+03
-8.851000000000000000e+03
-7.635000000000000000e+03
-6.283000000000000000e+03
-4.527000000000000000e+03
-2.500000000000000000e+03
-6.800000000000000000e+01
2.364000000000000000e+03
4.797000000000000000e+03
6.824000000000000000e+03
8.580000000000000000e+03
1.020200000000000000e+04
1.155300000000000000e+04
1.263400000000000000e+04
1.344400000000000000e+04
1.385000000000000000e+04
1.412000000000000000e+04
1.412000000000000000e+04
1.412000000000000000e+04
1.385000000000000000e+04
1.344400000000000000e+04
1.263400000000000000e+04
1.155300000000000000e+04
1.047200000000000000e+04
8.850000000000000000e+03
7.229000000000000000e+03
5.472000000000000000e+03
3.986000000000000000e+03
2.635000000000000000e+03
1.689000000000000000e+03
8.780000000000000000e+02
4.730000000000000000e+02
2.030000000000000000e+02
6.700000000000000000e+01
-2.030000000000000000e+02
-6.080000000000000000e+02
-8.780000000000000000e+02
-1.284000000000000000e+03
-1.824000000000000000e+03
-2.365000000000000000e+03
-3.040000000000000000e+03
-3.581000000000000000e+03
-4.121000000000000000e+03
-4.392000000000000000e+03
-4.797000000000000000e+03
-5.202000000000000000e+03
-5.473000000000000000e+03
-5.743000000000000000e+03
-6.013000000000000000e+03
-6.283000000000000000e+03
-6.554000000000000000e+03
-6.824000000000000000e+03
-7.229000000000000000e+03
-7.499000000000000000e+03
-7.905000000000000000e+03
-8.175000000000000000e+03
-8.310000000000000000e+03
-8.580000000000000000e+03
-8.580000000000000000e+03
-8.715000000000000000e+03
-8.715000000000000000e+03
-8.851000000000000000e+03
-8.986000000000000000e+03
-9.256000000000000000e+03
-9.526000000000000000e+03
-9.796000000000000000e+03
-9.932000000000000000e+03
-1.006700000000000000e+04
-1.006700000000000000e+04
-1.020200000000000000e+04
-1.033700000000000000e+04
-1.060700000000000000e+04
-1.087700000000000000e+04
-1.101300000000000000e+04
-1.141800000000000000e+04
-1.182300000000000000e+04
-1.222900000000000000e+04
-1.249900000000000000e+04
-1.276900000000000000e+04
-1.249900000000000000e+04
-1.195800000000000000e+04
-1.087700000000000000e+04
-9.256000000000000000e+03
-7.094000000000000000e+03
-5.067000000000000000e+03
-3.040000000000000000e+03
-7.430000000000000000e+02
1.824000000000000000e+03
4.256000000000000000e+03
6.418000000000000000e+03
8.310000000000000000e+03
1.006600000000000000e+04
1.168800000000000000e+04
1.290400000000000000e+04
1.385000000000000000e+04
1.439000000000000000e+04
1.452500000000000000e+04
1.439000000000000000e+04
1.385000000000000000e+04
1.317400000000000000e+04
1.249900000000000000e+04
1.155300000000000000e+04
1.060700000000000000e+04
9.391000000000000000e+03
8.040000000000000000e+03
6.824000000000000000e+03
5.743000000000000000e+03
4.797000000000000000e+03
3.986000000000000000e+03
3.310000000000000000e+03
2.770000000000000000e+03
2.364000000000000000e+03
2.094000000000000000e+03
1.689000000000000000e+03
1.554000000000000000e+03
1.284000000000000000e+03
8.780000000000000000e+02
6.080000000000000000e+02
3.380000000000000000e+02
-6.800000000000000000e+01
-3.380000000000000000e+02
-6.080000000000000000e+02
-8.780000000000000000e+02
-1.284000000000000000e+03
-1.554000000000000000e+03
-1.689000000000000000e+03
-1.824000000000000000e+03
-1.959000000000000000e+03
-2.230000000000000000e+03
-2.500000000000000000e+03
-2.770000000000000000e+03
-3.040000000000000000e+03
-3.311000000000000000e+03
-3.581000000000000000e+03
-3.851000000000000000e+03
-3.986000000000000000e+03
-4.256000000000000000e+03
-4.392000000000000000e+03
-4.527000000000000000e+03
-4.527000000000000000e+03
-4.527000000000000000e+03
-4.527000000000000000e+03
-4.527000000000000000e+03
-4.392000000000000000e+03
-4.392000000000000000e+03
-4.392000000000000000e+03
-4.527000000000000000e+03
-4.527000000000000000e+03
-4.527000000000000000e+03
-4.527000000000000000e+03
-4.527000000000000000e+03
-4.527000000000000000e+03
-4.527000000000000000e+03
-4.662000000000000000e+03
-4.932000000000000000e+03
-5.067000000000000000e+03
-5.067000000000000000e+03
-4.932000000000000000e+03
-4.527000000000000000e+03
-3.986000000000000000e+03
-3.040000000000000000e+03
-1.689000000000000000e+03
2.030000000000000000e+02
2.500000000000000000e+03
5.202000000000000000e+03
7.769000000000000000e+03
1.033700000000000000e+04
1.263400000000000000e+04
1.439000000000000000e+04
1.587700000000000000e+04
1.695800000000000000e+04
1.790300000000000000e+04
1.830900000000000000e+04
1.857900000000000000e+04
1.857900000000000000e+04
1.871400000000000000e+04
1.871400000000000000e+04
1.857900000000000000e+04
1.830900000000000000e+04
1.790300000000000000e+04
1.709300000000000000e+04
1.628200000000000000e+04
1.520100000000000000e+04
1.385000000000000000e+04
1.263400000000000000e+04
1.141800000000000000e+04
1.006600000000000000e+04
8.850000000000000000e+03
7.904000000000000000e+03
7.229000000000000000e+03
6.553000000000000000e+03
5.878000000000000000e+03
5.472000000000000000e+03
4.932000000000000000e+03
4.391000000000000000e+03
3.851000000000000000e+03
3.445000000000000000e+03
3.040000000000000000e+03
2.635000000000000000e+03
2.094000000000000000e+03
1.554000000000000000e+03
1.013000000000000000e+03
6.080000000000000000e+02
6.700000000000000000e+01
-3.380000000000000000e+02
-8.780000000000000000e+02
-1.284000000000000000e+03
-1.689000000000000000e+03
-2.095000000000000000e+03
-2.230000000000000000e+03
-2.500000000000000000e+03
-2.770000000000000000e+03
-2.905000000000000000e+03
-3.040000000000000000e+03
-3.176000000000000000e+03
-3.446000000000000000e+03
-3.716000000000000000e+03
-3.851000000000000000e+03
-3.986000000000000000e+03
-4.121000000000000000e+03
-4.121000000000000000e+03
-4.121000000000000000e+03
-4.121000000000000000e+03
-4.121000000000000000e+03
-4.121000000000000000e+03
-4.121000000000000000e+03
-4.256000000000000000e+03
-4.256000000000000000e+03
-4.392000000000000000e+03
-4.527000000000000000e+03
-4.662000000000000000e+03
-4.932000000000000000e+03
-5.202000000000000000e+03
-5.473000000000000000e+03
-5.608000000000000000e+03
-5.878000000000000000e+03
-6.013000000000000000e+03
-6.283000000000000000e+03
-6.418000000000000000e+03
-6.283000000000000000e+03
-5.473000000000000000e+03
-4.256000000000000000e+03
-2.500000000000000000e+03
-3.380000000000000000e+02
2.229000000000000000e+03
5.067000000000000000e+03
7.364000000000000000e+03
9.391000000000000000e+03
1.128300000000000000e+04
1.303900000000000000e+04
1.439000000000000000e+04
1.547100000000000000e+04
1.601200000000000000e+04
1.628200000000000000e+04
1.641700000000000000e+04
1.655200000000000000e+04
1.655200000000000000e+04
1.655200000000000000e+04
1.628200000000000000e+04
1.614700000000000000e+04
1.560600000000000000e+04
1.506600000000000000e+04
1.412000000000000000e+04
1.290400000000000000e+04
1.141800000000000000e+04
9.661000000000000000e+03
7.904000000000000000e+03
6.283000000000000000e+03
4.797000000000000000e+03
3.716000000000000000e+03
2.905000000000000000e+03
2.635000000000000000e+03
2.364000000000000000e+03
2.364000000000000000e+03
2.229000000000000000e+03
2.094000000000000000e+03
1.689000000000000000e+03
1.148000000000000000e+03
6.080000000000000000e+02
6.700000000000000000e+01
-4.730000000000000000e+02
-1.149000000000000000e+03
-1.554000000000000000e+03
-1.959000000000000000e+03
-2.230000000000000000e+03
-2.500000000000000000e+03
-2.770000000000000000e+03
-3.040000000000000000e+03
-3.311000000000000000e+03
-3.581000000000000000e+03
-3.851000000000000000e+03
-4.256000000000000000e+03
-4.527000000000000000e+03
-4.797000000000000000e+03
-5.067000000000000000e+03
-5.473000000000000000e+03
-5.608000000000000000e+03
-5.743000000000000000e+03
-5.878000000000000000e+03
-6.013000000000000000e+03
-6.013000000000000000e+03
-6.148000000000000000e+03
-6.283000000000000000e+03
-6.418000000000000000e+03
-6.554000000000000000e+03
-6.554000000000000000e+03
-6.418000000000000000e+03
-6.418000000000000000e+03
-6.418000000000000000e+03
-6.418000000000000000e+03
-6.418000000000000000e+03
-6.554000000000000000e+03
-6.689000000000000000e+03
-6.959000000000000000e+03
-7.229000000000000000e+03
-7.364000000000000000e+03
-7.635000000000000000e+03
-7.770000000000000000e+03
-7.635000000000000000e+03
-7.229000000000000000e+03
-6.554000000000000000e+03
-5.608000000000000000e+03
-4.527000000000000000e+03
-2.770000000000000000e+03
-6.080000000000000000e+02
1.824000000000000000e+03
4.391000000000000000e+03
6.824000000000000000e+03
9.121000000000000000e+03
1.114700000000000000e+04
1.276900000000000000e+04
1.412000000000000000e+04
1.520100000000000000e+04
1.574200000000000000e+04
1.614700000000000000e+04
1.628200000000000000e+04
1.628200000000000000e+04
1.601200000000000000e+04
1.547100000000000000e+04
1.466100000000000000e+04
1.344400000000000000e+04
1.209300000000000000e+04
1.060700000000000000e+04
9.121000000000000000e+03
7.769000000000000000e+03
6.418000000000000000e+03
5.337000000000000000e+03
4.526000000000000000e+03
3.851000000000000000e+03
3.175000000000000000e+03
2.364000000000000000e+03
1.284000000000000000e+03
6.080000000000000000e+02
3.380000000000000000e+02
-6.800000000000000000e+01
-4.730000000000000000e+02
-1.014000000000000000e+03
-1.689000000000000000e+03
-2.365000000000000000e+03
-3.040000000000000000e+03
-3.581000000000000000e+03
-3.986000000000000000e+03
-4.392000000000000000e+03
-4.797000000000000000e+03
-5.202000000000000000e+03
-5.608000000000000000e+03
-5.878000000000000000e+03
-6.283000000000000000e+03
-6.418000000000000000e+03
-6.824000000000000000e+03
-7.094000000000000000e+03
-7.364000000000000000e+03
-7.635000000000000000e+03
-7.905000000000000000e+03
-8.310000000000000000e+03
-8.715000000000000000e+03
-8.986000000000000000e+03
-9.391000000000000000e+03
-9.661000000000000000e+03
-9.796000000000000000e+03
-9.932000000000000000e+03
-9.932000000000000000e+03
-9.932000000000000000e+03
-9.932000000000000000e+03
-9.932000000000000000e+03
-9.932000000000000000e+03
-1.006700000000000000e+04
-1.006700000000000000e+04
-1.020200000000000000e+04
-1.020200000000000000e+04
-1.020200000000000000e+04
-1.020200000000000000e+04
-1.006700000000000000e+04
-1.006700000000000000e+04
-9.932000000000000000e+03
-9.661000000000000000e+03
-9.391000000000000000e+03
-8.851000000000000000e+03
-8.040000000000000000e+03
-6.554000000000000000e+03
-4.392000000000000000e+03
-1.689000000000000000e+03
1.419000000000000000e+03
4.797000000000000000e+03
8.310000000000000000e+03
1.155300000000000000e+04
1.479600000000000000e+04
1.736300000000000000e+04
1.939000000000000000e+04
2.060600000000000000e+04
2.141700000000000000e+04
2.182200000000000000e+04
2.209200000000000000e+04
2.222700000000000000e+04
2.209200000000000000e+04
2.155200000000000000e+04
2.101100000000000000e+04
2.033600000000000000e+04
1.979500000000000000e+04
1.898400000000000000e+04
1.803900000000000000e+04
1.695800000000000000e+04
1.574200000000000000e+04
1.398500000000000000e+04
1.209300000000000000e+04
1.020200000000000000e+04
8.715000000000000000e+03
7.364000000000000000e+03
6.418000000000000000e+03
5.878000000000000000e+03
5.607000000000000000e+03
5.202000000000000000e+03
4.662000000000000000e+03
4.121000000000000000e+03
3.581000000000000000e+03
2.905000000000000000e+03
2.364000000000000000e+03
1.824000000000000000e+03
1.284000000000000000e+03
7.430000000000000000e+02
2.030000000000000000e+02
-4.730000000000000000e+02
-1.284000000000000000e+03
-1.824000000000000000e+03
-2.500000000000000000e+03
-3.040000000000000000e+03
-3.581000000000000000e+03
-3.851000000000000000e+03
-4.121000000000000000e+03
-4.527000000000000000e+03
-4.797000000000000000e+03
-5.202000000000000000e+03
-5.608000000000000000e+03
-5.878000000000000000e+03
-6.283000000000000000e+03
-6.554000000000000000e+03
-6.824000000000000000e+03
-6.959000000000000000e+03
-6.824000000000000000e+03
-6.824000000000000000e+03
-6.824000000000000000e+03
-6.959000000000000000e+03
-7.094000000000000000e+03
-7.364000000000000000e+03
-7.364000000000000000e+03
-7.364000000000000000e+03
-7.364000000000000000e+03
-7.229000000000000000e+03
-7.094000000000000000e+03
-7.364000000000000000e+03
-7.635000000000000000e+03
-7.770000000000000000e+03
-8.040000000000000000e+03
-8.175000000000000000e+03
-8.175000000000000000e+03
-8.040000000000000000e+03
-7.770000000000000000e+03
