9.746169999999999334e+01
9.738159000000000276e+01
9.718322999999999467e+01
9.696196999999999377e+01
9.667206000000000188e+01
9.655379999999999541e+01
9.662247000000000696e+01
9.648131999999999664e+01
9.652329000000000292e+01
9.679412999999999556e+01
9.725189000000000306e+01
9.794235000000000468e+01
9.877396000000000242e+01
9.959412000000000376e+01
1.006126000000000005e+02
1.016884000000000015e+02
1.027145000000000010e+02
1.035384999999999991e+02
1.045952000000000055e+02
1.056252000000000066e+02
1.062964999999999947e+02
1.068915999999999968e+02
1.073264999999999958e+02
1.075630000000000024e+02
1.076316999999999950e+02
1.076735999999999933e+02
1.073418000000000063e+02
1.070708999999999946e+02
1.067390000000000043e+02
1.062317000000000036e+02
1.057738999999999976e+02
1.053276000000000039e+02
1.048203000000000031e+02
1.041641000000000048e+02
1.033401000000000067e+02
1.026115000000000066e+02
1.017570999999999941e+02
1.005973999999999933e+02
9.943389999999999418e+01
9.783172999999999320e+01
9.585190000000000055e+01
9.336472000000000548e+01
9.069823999999999842e+01
8.839798000000000400e+01
8.694458000000000197e+01
8.654022000000000503e+01
8.703995000000000459e+01
8.774948000000000548e+01
8.803940000000000055e+01
8.824921000000000504e+01
8.854675000000000296e+01
8.966065000000000396e+01
9.078216999999999359e+01
9.168242999999999654e+01
9.212112000000000478e+01
9.252930000000000632e+01
9.292983999999999867e+01
9.292983999999999867e+01
9.284972999999999388e+01
9.265518000000000143e+01
9.218215999999999610e+01
9.166335999999999729e+01
9.082412999999999670e+01
8.993529999999999802e+01
8.889388999999999896e+01
8.797835999999999501e+01
8.710479999999999734e+01
8.634949000000000296e+01
8.549117999999999995e+01
8.504868000000000450e+01
8.446502999999999872e+01
8.393097000000000207e+01
8.367538999999999305e+01
8.332824999999999704e+01
8.335495000000000232e+01
8.323668999999999585e+01
8.304595999999999378e+01
8.325576999999999828e+01
8.322525000000000261e+01
8.327483999999999753e+01
8.329009999999999536e+01
8.332824999999999704e+01
8.328247000000000355e+01
8.334731999999999630e+01
8.325576999999999828e+01
8.311844000000000676e+01
8.306122000000000583e+01
8.293152000000000612e+01
8.263016000000000361e+01
8.211517000000000621e+01
8.192444000000000415e+01
8.163833999999999946e+01
8.123398000000000252e+01
8.079147000000000389e+01
8.034896999999999423e+01
8.012390000000000612e+01
7.989883000000000379e+01
7.957457999999999743e+01
7.919692999999999472e+01
7.876205000000000211e+01
7.856749999999999545e+01
7.854461999999999477e+01
7.817458999999999492e+01
7.778548999999999580e+01
7.752608999999999639e+01
7.736588000000000420e+01
7.709122000000000696e+01
7.692718000000000700e+01
7.675552000000000419e+01
7.637404999999999688e+01
7.629394000000000631e+01
7.590865999999999758e+01
7.572937000000000296e+01
7.567215000000000202e+01
7.533263999999999783e+01
7.511139000000000010e+01
7.486724999999999852e+01
7.448578000000000543e+01
7.411956999999999596e+01
7.389449999999999363e+01
7.345963000000000420e+01
7.305907999999999447e+01
7.289122999999999308e+01
7.268143000000000598e+01
7.280349999999999966e+01
7.290268000000000370e+01
7.261657999999999902e+01
7.268905999999999779e+01
7.239914000000000271e+01
7.220077000000000567e+01
7.178497000000000128e+01
7.145309000000000310e+01
7.125091999999999359e+01
7.108307000000000642e+01
7.067489999999999384e+01
7.021331999999999596e+01
6.989288000000000523e+01
6.975554999999999950e+01
6.933974999999999511e+01
6.935500999999999294e+01
6.946563999999999339e+01
6.985474000000000672e+01
7.062912000000000035e+01
7.172775000000000034e+01
7.344055000000000177e+01
7.551574999999999704e+01
7.752991000000000099e+01
7.990645999999999560e+01
8.217620999999999754e+01
8.436965999999999610e+01
8.624648999999999432e+01
8.812713999999999714e+01
8.947372000000000014e+01
9.073256999999999550e+01
9.186172999999999433e+01
9.284592000000000667e+01
9.354401000000000010e+01
9.362793000000000632e+01
9.366226000000000340e+01
9.373856000000000677e+01
9.368134000000000583e+01
9.349060000000000059e+01
9.357833999999999719e+01
9.341812000000000182e+01
9.337233999999999412e+01
9.339905000000000257e+01
9.361266999999999427e+01
9.383011000000000479e+01
9.437179999999999325e+01
9.480666999999999689e+01
9.537125000000000341e+01
9.606933999999999685e+01
9.693908999999999310e+01
9.757995999999999981e+01
9.849548000000000059e+01
9.938430999999999926e+01
9.992981000000000336e+01
1.004104999999999990e+02
1.010207999999999942e+02
1.012801999999999936e+02
1.015204999999999984e+02
1.015662999999999982e+02
1.014022999999999968e+02
1.013489000000000004e+02
1.010054999999999978e+02
1.007004000000000019e+02
1.002005999999999943e+02
9.989166000000000167e+01
9.934615999999999758e+01
9.856032999999999333e+01
9.775543000000000404e+01
9.643173000000000172e+01
9.498215000000000430e+01
9.305571999999999377e+01
9.068680000000000518e+01
8.786773999999999774e+01
8.515166999999999575e+01
8.295059000000000538e+01
8.175659000000000276e+01
8.186722000000000321e+01
8.270645000000000380e+01
8.369826999999999373e+01
8.452606000000000108e+01
8.522033999999999310e+01
8.578109999999999502e+01
8.639145000000000607e+01
8.706664999999999566e+01
8.768081999999999709e+01
8.842467999999999506e+01
8.882523000000000479e+01
8.919907000000000608e+01
8.919525000000000148e+01
8.902741000000000327e+01
8.869553000000000509e+01
8.833695000000000164e+01
8.767319000000000528e+01
8.704757999999999640e+01
8.641433999999999571e+01
8.558655000000000257e+01
8.480071999999999832e+01
8.389664000000000499e+01
8.307265999999999906e+01
8.248520000000000607e+01
8.190918000000000632e+01
8.142852999999999497e+01
8.111571999999999605e+01
8.088684000000000651e+01
8.060836999999999364e+01
8.063889000000000351e+01
8.055495999999999412e+01
8.066939999999999600e+01
8.076095999999999719e+01
8.076476999999999862e+01
8.090972999999999615e+01
8.095932000000000528e+01
8.101654000000000622e+01
8.095932000000000528e+01
8.071899000000000513e+01
8.051681000000000665e+01
8.050155999999999779e+01
8.017731000000000563e+01
7.984542999999999324e+01
7.948685000000000400e+01
7.915877999999999304e+01
7.893371999999999389e+01
7.861328000000000316e+01
7.809448000000000434e+01
7.786178999999999917e+01
7.759856999999999516e+01
7.735824999999999818e+01
7.708359000000000094e+01
7.688903999999999428e+01
7.666778999999999655e+01
7.658768000000000598e+01
7.633208999999999378e+01
7.600403000000000020e+01
7.561874000000000251e+01
7.571030000000000371e+01
7.530594000000000676e+01
7.510756999999999550e+01
7.492828000000000088e+01
7.476044000000000267e+01
7.477951000000000192e+01
7.439803999999999462e+01
7.419968000000000075e+01
7.414245999999999981e+01
7.394409000000000276e+01
7.360076999999999714e+01
7.321549000000000262e+01
7.310103999999999758e+01
7.272338999999999487e+01
7.252120999999999640e+01
7.215117999999999654e+01
7.167816000000000543e+01
7.132340000000000657e+01
7.090377999999999759e+01
7.070541000000000054e+01
7.040023999999999660e+01
7.035446000000000311e+01
7.012940000000000396e+01
7.028579999999999472e+01
7.035446000000000311e+01
7.021712999999999738e+01
6.998824999999999363e+01
6.993483999999999412e+01
6.982040000000000646e+01
6.946944999999999482e+01
6.924438000000000670e+01
6.910706000000000415e+01
6.852721999999999980e+01
6.824111999999999512e+01
6.795883000000000607e+01
6.784820999999999458e+01
6.772231999999999630e+01
6.813430999999999926e+01
6.858444000000000074e+01
6.949616000000000327e+01
7.099915000000000020e+01
7.284927000000000419e+01
7.478713999999999373e+01
7.707214000000000453e+01
7.924271000000000242e+01
8.148193000000000552e+01
8.351897999999999911e+01
8.547592000000000212e+01
8.713150000000000261e+01
8.849335000000000662e+01
8.987807999999999709e+01
9.093474999999999397e+01
9.154510999999999399e+01
9.190749999999999886e+01
9.228134000000000015e+01
9.249496000000000606e+01
9.246062999999999477e+01
9.249496000000000606e+01
9.240340999999999383e+01
9.213638000000000261e+01
9.216308999999999685e+01
9.219360000000000355e+01
9.244536999999999694e+01
9.255218000000000700e+01
9.283446999999999605e+01
9.332657000000000380e+01
9.397888000000000375e+01
9.458541999999999916e+01
9.507370000000000232e+01
9.616852000000000089e+01
9.687424000000000035e+01
9.758377000000000123e+01
9.819411999999999807e+01
9.915542999999999552e+01
9.954833999999999605e+01
1.001701000000000050e+02
1.004410000000000025e+02
1.005134999999999934e+02
1.007690000000000055e+02
1.005707000000000022e+02
1.002768999999999977e+02
9.993362000000000478e+01
9.974670000000000414e+01
9.920502000000000464e+01
9.885025000000000261e+01
9.846877999999999531e+01
9.772490999999999417e+01
9.692763999999999669e+01
9.607314999999999827e+01
9.461593999999999482e+01
9.320068000000000552e+01
9.104918999999999585e+01
8.850861000000000445e+01
8.578109999999999502e+01
8.324814000000000647e+01
8.171845000000000425e+01
8.149719000000000335e+01
8.201599000000000217e+01
8.305358999999999980e+01
8.395386000000000593e+01
8.458328000000000202e+01
8.544159000000000503e+01
8.599472000000000094e+01
8.666611000000000331e+01
8.740997000000000128e+01
8.818435999999999808e+01
8.837127999999999872e+01
8.875275000000000603e+01
8.885192999999999586e+01
8.866500999999999522e+01
8.846282999999999674e+01
8.823775999999999442e+01
8.774184999999999945e+01
8.732604999999999507e+01
8.654784999999999684e+01
8.587264999999999304e+01
8.521652000000000271e+01
8.430862000000000478e+01
8.352280000000000371e+01
8.280182000000000642e+01
8.214569000000000187e+01
8.156586000000000070e+01
8.124160999999999433e+01
8.078766000000000247e+01
8.046721999999999753e+01
8.030319000000000074e+01
8.048247999999999536e+01
8.042144999999999300e+01
8.015442000000000178e+01
8.047866999999999393e+01
8.053969999999999629e+01
8.037566999999999950e+01
8.057022000000000617e+01
8.050536999999999921e+01
8.047104000000000212e+01
8.031082000000000676e+01
8.018874999999999886e+01
7.990645999999999560e+01
7.969284000000000390e+01
7.951735999999999649e+01
7.920456000000000074e+01
7.889937999999999363e+01
7.864761000000000024e+01
7.825851000000000113e+01
7.813263000000000602e+01
7.783508000000000493e+01
7.760238999999999976e+01
7.719803000000000281e+01
7.692337000000000558e+01
7.656860000000000355e+01
7.630920000000000414e+01
7.621002000000000010e+01
7.580185000000000173e+01
7.567215000000000202e+01
7.542418999999999585e+01
7.506942999999999699e+01
7.481383999999999901e+01
7.476806999999999448e+01
7.456207000000000562e+01
7.427215999999999951e+01
7.413482999999999379e+01
7.394790999999999315e+01
7.393264999999999532e+01
7.379149999999999920e+01
7.363509999999999422e+01
7.329178000000000281e+01
7.313537999999999784e+01
7.314682000000000528e+01
7.249451000000000533e+01
7.242583999999999378e+01
7.218170000000000641e+01
7.164002000000000692e+01
7.130813999999999453e+01
7.076263000000000147e+01
7.052612000000000592e+01
7.013321000000000538e+01
7.022095000000000198e+01
7.027434999999999832e+01
7.010268999999999551e+01
7.006453999999999382e+01
6.994247000000000014e+01
6.954574999999999818e+01
6.943511999999999773e+01
6.916428000000000509e+01
6.904601999999999862e+01
6.882094999999999629e+01
6.848144000000000631e+01
6.814956999999999709e+01
6.790542999999999552e+01
6.791304999999999836e+01
6.793213000000000079e+01
6.822585999999999729e+01
6.882858000000000231e+01
7.004928999999999917e+01
7.160187000000000523e+01
7.347870000000000346e+01
7.580185000000000173e+01
7.828902999999999679e+01
8.048247999999999536e+01
8.286284999999999457e+01
8.491898000000000479e+01
8.684539999999999793e+01
8.840560999999999581e+01
8.986281999999999925e+01
9.106826999999999828e+01
9.200668000000000291e+01
9.249115000000000464e+01
9.265137000000000000e+01
9.285354999999999848e+01
9.287642999999999915e+01
9.268188000000000670e+01
9.272384999999999877e+01
9.247589000000000681e+01
9.254073999999999955e+01
9.265900000000000603e+01
9.256744000000000483e+01
9.297562000000000637e+01
9.320830999999999733e+01
9.373474000000000217e+01
9.445953000000000088e+01
9.498977999999999611e+01
9.590529999999999688e+01
9.672164999999999679e+01
9.762954999999999472e+01
9.862136999999999887e+01
9.950637999999999295e+01
1.002693000000000012e+02
1.010589999999999975e+02
1.016045000000000016e+02
1.020775000000000006e+02
1.025657999999999959e+02
1.025580999999999960e+02
1.027031000000000063e+02
1.026534999999999940e+02
1.024360999999999962e+02
1.023636000000000053e+02
1.020317000000000007e+02
1.016426000000000016e+02
1.010780000000000030e+02
1.003837999999999937e+02
9.979630000000000223e+01
9.903717000000000326e+01
9.797287000000000035e+01
9.720611999999999853e+01
9.579467999999999961e+01
9.437941999999999609e+01
9.264373999999999398e+01
9.029770000000000607e+01
8.766173999999999467e+01
8.507537999999999556e+01
8.322525000000000261e+01
8.271407999999999561e+01
8.315277000000000385e+01
8.420944000000000074e+01
8.512878000000000611e+01
8.565520999999999674e+01
8.617400999999999556e+01
8.665466000000000690e+01
8.781815000000000282e+01
8.844756999999999891e+01
8.908844000000000563e+01
8.962631000000000370e+01
8.985900999999999783e+01
9.007263000000000375e+01
8.988571000000000311e+01
8.979416000000000508e+01
8.945465000000000089e+01
8.894729999999999848e+01
8.839798000000000400e+01
8.764266999999999541e+01
8.717346000000000572e+01
8.647919000000000267e+01
8.557129000000000474e+01
8.480454000000000292e+01
8.425140000000000384e+01
8.338927999999999940e+01
8.287811000000000661e+01
8.234404999999999575e+01
8.190537000000000489e+01
8.167647999999999797e+01
8.162689000000000306e+01
8.129120000000000346e+01
8.130263999999999669e+01
8.127594000000000563e+01
8.121872000000000469e+01
8.140945000000000675e+01
8.155441000000000429e+01
8.142471000000000458e+01
8.149719000000000335e+01
8.134842000000000439e+01
8.128356999999999744e+01
8.139419999999999789e+01
8.106231999999999971e+01
8.074187999999999477e+01
8.063125999999999749e+01
8.024979000000000440e+01
8.003997999999999990e+01
7.961272999999999911e+01
7.941818000000000666e+01
7.917404000000000508e+01
7.873153999999999542e+01
7.828140000000000498e+01
7.810974000000000217e+01
7.788085999999999842e+01
7.755280000000000484e+01
7.701111000000000217e+01
7.699966000000000577e+01
7.656860000000000355e+01
7.621765000000000612e+01
7.624053999999999576e+01
7.591248000000000218e+01
7.564163000000000636e+01
7.543944999999999368e+01
7.506180000000000518e+01
7.494736000000000331e+01
7.485580000000000211e+01
7.463455000000000439e+01
7.442473999999999990e+01
7.439803999999999462e+01
7.408141999999999427e+01
7.386780000000000257e+01
7.369231999999999516e+01
7.345963000000000420e+01
7.320404000000000622e+01
7.287597999999999843e+01
7.233047999999999433e+01
7.200623000000000218e+01
7.161713000000000306e+01
7.130051000000000272e+01
7.104492000000000473e+01
7.088088999999999373e+01
7.087326000000000192e+01
7.095717999999999392e+01
7.093048000000000286e+01
7.077788999999999930e+01
7.074356000000000222e+01
7.038497999999999877e+01
7.015609999999999502e+01
6.998824999999999363e+01
6.965255999999999403e+01
6.946182000000000301e+01
6.897736000000000445e+01
6.863785000000000025e+01
6.853104000000000440e+01
6.875991999999999393e+01
6.851578000000000657e+01
6.900786999999999694e+01
6.985092000000000212e+01
7.123184000000000538e+01
7.294464000000000681e+01
7.511139000000000010e+01
7.747650000000000148e+01
7.999420000000000641e+01
8.227921000000000618e+01
8.457183999999999457e+01
8.635711999999999477e+01
8.839034999999999798e+01
8.974456999999999596e+01
9.102249000000000478e+01
9.236145000000000493e+01
9.295273000000000252e+01
9.329604999999999393e+01
9.354401000000000010e+01
9.374236999999999398e+01
9.358214999999999861e+01
9.363936999999999955e+01
9.335708999999999946e+01
9.330367999999999995e+01
9.325790000000000646e+01
9.340286000000000399e+01
9.366988999999999521e+01
9.394835999999999387e+01
9.453583000000000425e+01
9.498215000000000430e+01
9.549712999999999852e+01
9.602737000000000478e+01
9.673690999999999462e+01
9.755325000000000557e+01
9.849930000000000518e+01
9.935760999999999399e+01
1.003379999999999939e+02
1.010932999999999993e+02
1.018829000000000065e+02
1.024895000000000067e+02
1.030579000000000036e+02
1.031684999999999945e+02
1.033020000000000067e+02
1.034012000000000029e+02
1.033058000000000050e+02
1.028481000000000023e+02
1.025962999999999994e+02
1.023750000000000000e+02
1.016731000000000051e+02
1.010512999999999977e+02
1.005019999999999953e+02
9.978485000000000582e+01
9.944153000000000020e+01
9.864807000000000414e+01
9.748458999999999719e+01
9.626389000000000351e+01
9.466934000000000538e+01
9.255599999999999739e+01
9.011840999999999724e+01
8.771514999999999418e+01
8.502960000000000207e+01
8.360671999999999571e+01
8.327102999999999611e+01
8.401108000000000686e+01
8.483887000000000000e+01
8.548354999999999393e+01
8.609009000000000356e+01
8.653258999999999901e+01
8.725356999999999630e+01
8.803176999999999452e+01
8.891678000000000281e+01
8.962250000000000227e+01
8.996962999999999511e+01
9.038925000000000409e+01
9.048842999999999392e+01
9.041213999999999373e+01
8.997726000000000113e+01
8.977509000000000583e+01
8.935927999999999827e+01
8.860778999999999428e+01
8.803557999999999595e+01
8.737945999999999458e+01
8.644867000000000701e+01
8.573151000000000010e+01
8.494186000000000547e+01
8.438110000000000355e+01
8.359909000000000390e+01
8.302307000000000414e+01
8.267212000000000671e+01
8.220291000000000281e+01
8.196259000000000583e+01
8.185577000000000680e+01
8.161163000000000523e+01
8.173369999999999891e+01
8.161544999999999561e+01
8.163070999999999344e+01
8.169937000000000182e+01
8.184432999999999936e+01
8.177948000000000661e+01
8.185958999999999719e+01
8.167266999999999655e+01
8.155822999999999467e+01
8.140945000000000675e+01
8.122253000000000611e+01
8.087921000000000049e+01
8.065796000000000276e+01
8.037185999999999808e+01
8.007049999999999557e+01
7.966995000000000005e+01
7.933426000000000045e+01
7.912063999999999453e+01
7.870483000000000118e+01
7.841110000000000468e+01
7.813643999999999323e+01
7.777405000000000257e+01
7.769393999999999778e+01
7.733916999999999575e+01
7.711029000000000622e+01
7.695389000000000124e+01
7.674026000000000636e+01
7.650374999999999659e+01
7.627487000000000705e+01
7.593917999999999324e+01
7.587433000000000050e+01
7.567977999999999383e+01
7.560348999999999364e+01
7.536696999999999491e+01
7.518386999999999887e+01
7.505416999999999916e+01
7.480240000000000578e+01
7.452392999999999290e+01
7.439803999999999462e+01
7.420349000000000217e+01
7.376861999999999853e+01
7.341003000000000611e+01
7.313918999999999926e+01
7.279967999999999506e+01
7.239150999999999669e+01
7.188415999999999428e+01
7.168961000000000183e+01
7.150269000000000119e+01
7.127379999999999427e+01
7.139206000000000074e+01
7.153319999999999368e+01
7.135390999999999906e+01
7.098770000000000380e+01
7.086562999999999590e+01
7.072830000000000439e+01
7.058715999999999724e+01
7.038115999999999417e+01
7.010268999999999551e+01
6.980895999999999901e+01
6.952666999999999575e+01
6.933593999999999369e+01
6.935120000000000573e+01
6.935882999999999754e+01
7.006073000000000661e+01
7.052612000000000592e+01
7.178115999999999985e+01
7.339858999999999867e+01
7.550048999999999921e+01
7.780455999999999506e+01
8.015442000000000178e+01
8.242034999999999911e+01
8.479309000000000651e+01
8.691406000000000631e+01
8.873748999999999398e+01
9.030913999999999930e+01
9.175872999999999990e+01
9.261321999999999832e+01
9.340667999999999438e+01
9.389495999999999754e+01
9.433745999999999299e+01
9.445571999999999946e+01
9.453964000000000567e+01
9.463500999999999408e+01
9.444428000000000623e+01
9.452819999999999823e+01
9.460448999999999842e+01
9.476090000000000657e+01
9.499741000000000213e+01
9.521483999999999526e+01
9.548569000000000528e+01
9.584807999999999595e+01
9.639359000000000322e+01
9.692001000000000488e+01
9.774017000000000621e+01
9.856032999999999333e+01
9.949492999999999654e+01
1.002768999999999977e+02
1.011847999999999956e+02
1.019363000000000028e+02
1.027107000000000028e+02
1.035537999999999954e+02
1.041336000000000013e+02
1.043434000000000026e+02
1.044350000000000023e+02
1.044883999999999986e+02
1.043166999999999973e+02
1.041030999999999977e+02
1.039658000000000015e+02
1.035347000000000008e+02
1.031456000000000017e+02
1.025391000000000048e+02
1.020775000000000006e+02
1.015167000000000002e+02
1.009177999999999997e+02
1.000443000000000069e+02
9.911727999999999383e+01
9.791564999999999941e+01
9.648514000000000124e+01
9.472275000000000489e+01
9.226990000000000691e+01
8.969115999999999644e+01
8.717346000000000572e+01
8.530044999999999789e+01
8.441161999999999921e+01
8.462905999999999551e+01
8.556365999999999872e+01
8.639525999999999328e+01
8.697127999999999304e+01
8.767319000000000528e+01
8.831405999999999779e+01
8.908463000000000420e+01
8.947372000000000014e+01
8.981704999999999472e+01
9.055710000000000548e+01
9.089279000000000508e+01
9.114838000000000306e+01
9.119796999999999798e+01
9.092712000000000216e+01
9.076309000000000538e+01
9.017943999999999960e+01
8.980942000000000291e+01
8.912277000000000271e+01
8.842467999999999506e+01
8.742905000000000371e+01
8.676528999999999314e+01
8.599472000000000094e+01
8.526229999999999620e+01
8.450316999999999723e+01
8.390045000000000641e+01
8.334731999999999630e+01
8.296966999999999359e+01
8.260726999999999975e+01
8.246231000000000222e+01
8.233261000000000251e+01
8.238219999999999743e+01
8.234404999999999575e+01
8.243941999999999837e+01
8.257294000000000267e+01
8.252715999999999497e+01
8.259963999999999373e+01
8.275603999999999871e+01
8.261490000000000578e+01
8.256911999999999807e+01
8.245086999999999477e+01
8.221817000000000064e+01
8.207321000000000311e+01
8.172988999999999749e+01
8.154677999999999827e+01
8.122634999999999650e+01
8.079147000000000389e+01
8.049393000000000598e+01
8.010483000000000686e+01
7.970427999999999713e+01
7.943344000000000449e+01
7.907867000000000246e+01
7.871627999999999759e+01
7.850266000000000588e+01
7.830428999999999462e+01
7.813643999999999323e+01
7.781220000000000425e+01
7.744217000000000439e+01
7.730101999999999407e+01
7.706450999999999851e+01
7.676697000000000060e+01
7.656860000000000355e+01
7.642364000000000601e+01
7.616043000000000518e+01
7.607650999999999897e+01
7.576370000000000005e+01
7.552338000000000306e+01
7.521438999999999453e+01
7.504273000000000593e+01
7.485580000000000211e+01
7.462691999999999837e+01
7.438660000000000139e+01
7.406998000000000104e+01
7.367705999999999733e+01
7.336807000000000301e+01
7.292175000000000296e+01
7.265090999999999610e+01
7.228087999999999624e+01
7.220458999999999605e+01
7.200240999999999758e+01
7.207488999999999635e+01
7.218170000000000641e+01
7.210921999999999343e+01
7.209395999999999560e+01
7.192611999999999739e+01
7.171249000000000251e+01
7.155608999999999753e+01
7.136916999999999689e+01
7.132720999999999378e+01
7.103347999999999729e+01
7.097244000000000597e+01
7.051467999999999847e+01
7.049559999999999604e+01
7.025909000000000049e+01
7.084655999999999665e+01
7.184981999999999402e+01
7.331467000000000667e+01
7.532882999999999640e+01
7.770538000000000523e+01
8.028793000000000291e+01
8.290863000000000227e+01
8.523178000000000054e+01
8.793259000000000469e+01
8.995055999999999585e+01
9.184646999999999650e+01
9.343720000000000425e+01
9.453200999999999965e+01
9.535599000000000558e+01
9.609221999999999753e+01
9.654617000000000360e+01
9.668731999999999971e+01
9.668731999999999971e+01
9.680176000000000158e+01
9.659194999999999709e+01
9.646605999999999881e+01
9.642792000000000030e+01
9.651565999999999690e+01
9.649276999999999305e+01
9.667206000000000188e+01
9.683226999999999407e+01
9.716034000000000503e+01
9.737395999999999674e+01
9.811020000000000607e+01
9.903336000000000183e+01
9.989548000000000627e+01
1.008491000000000071e+02
1.018790999999999940e+02
1.030579000000000036e+02
1.040878000000000014e+02
1.050644000000000062e+02
1.060370999999999952e+02
1.068268000000000058e+02
1.075211000000000041e+02
1.078949000000000069e+02
1.080474999999999994e+02
1.080780000000000030e+02
1.079102000000000032e+02
1.074942999999999955e+02
1.072502000000000066e+02
1.067810000000000059e+02
1.061821000000000055e+02
1.057663000000000011e+02
1.050986999999999938e+02
1.044197000000000060e+02
1.035995000000000061e+02
1.028481000000000023e+02
1.019095999999999975e+02
1.008529999999999944e+02
9.967422999999999433e+01
9.825516000000000361e+01
9.627532999999999674e+01
9.413909999999999911e+01
9.177398999999999774e+01
8.913803000000000054e+01
8.732223999999999364e+01
8.651733000000000118e+01
8.693313999999999453e+01
8.776093000000000188e+01
8.850861000000000445e+01
8.902741000000000327e+01
8.943175999999999704e+01
9.021759000000000128e+01
9.115219000000000449e+01
9.213257000000000119e+01
9.281158000000000641e+01
9.316254000000000701e+01
9.343337999999999965e+01
9.354782000000000153e+01
9.360886000000000706e+01
9.348296999999999457e+01
9.297942999999999358e+01
9.270095999999999492e+01
9.193420000000000414e+01
9.119796999999999798e+01
9.041976999999999975e+01
8.945465000000000089e+01
8.882141000000000020e+01
8.798217999999999961e+01
8.710860999999999876e+01
8.633041000000000054e+01
8.578109999999999502e+01
8.519745000000000346e+01
8.483887000000000000e+01
8.434296000000000504e+01
8.400726000000000226e+01
8.372115999999999758e+01
8.377075000000000671e+01
8.370589999999999975e+01
8.393097000000000207e+01
8.397674999999999557e+01
8.407974000000000103e+01
8.392714999999999748e+01
8.423995999999999640e+01
8.401108000000000686e+01
8.410263000000000488e+01
8.400345000000000084e+01
8.396529999999999916e+01
8.375930999999999926e+01
8.339691000000000543e+01
8.312606999999999857e+01
8.286666999999999916e+01
8.249663999999999930e+01
8.213424999999999443e+01
8.174514999999999532e+01
8.142471000000000458e+01
8.099747000000000696e+01
8.071899000000000513e+01
8.039475000000000193e+01
8.018874999999999886e+01
7.987976000000000454e+01
7.949828999999999724e+01
7.933426000000000045e+01
7.912063999999999453e+01
7.884597999999999729e+01
7.849884000000000128e+01
7.825087999999999511e+01
7.806395999999999447e+01
7.763671999999999684e+01
7.749939000000000533e+01
7.741164999999999452e+01
7.719803000000000281e+01
7.713698999999999728e+01
7.677840999999999383e+01
7.655334000000000572e+01
7.615662000000000376e+01
7.592772999999999683e+01
7.560348999999999364e+01
7.524490000000000123e+01
7.495498999999999512e+01
7.432174999999999443e+01
7.392883000000000493e+01
7.324981999999999971e+01
7.274245999999999412e+01
7.236099000000000103e+01
7.202911000000000286e+01
7.202147999999999683e+01
7.211303999999999803e+01
7.225799999999999557e+01
7.236099000000000103e+01
7.229233000000000686e+01
7.197951999999999373e+01
7.183455999999999619e+01
7.182312000000000296e+01
7.198714999999999975e+01
7.193375000000000341e+01
7.170104999999999507e+01
7.164382999999999413e+01
7.144928000000000168e+01
7.153701999999999828e+01
7.158279000000000281e+01
7.232285000000000252e+01
7.340622000000000469e+01
7.499312999999999363e+01
7.715224999999999511e+01
7.941818000000000666e+01
8.192444000000000415e+01
8.433150999999999442e+01
8.672333000000000425e+01
8.885573999999999728e+01
9.090805000000000291e+01
9.286879999999999313e+01
9.419249999999999545e+01
9.508132999999999413e+01
9.586333999999999378e+01
9.654236000000000217e+01
9.671402000000000498e+01
9.690475000000000705e+01
9.691620000000000346e+01
9.706497000000000241e+01
9.691237999999999886e+01
9.664534999999999343e+01
9.661101999999999634e+01
9.643555000000000632e+01
9.658813000000000670e+01
9.683608999999999867e+01
9.720992999999999995e+01
9.748839999999999861e+01
9.812163999999999930e+01
9.909820999999999458e+01
9.990691999999999950e+01
1.007613999999999947e+02
1.016463999999999999e+02
1.026954999999999956e+02
1.038932999999999964e+02
1.045609000000000037e+02
1.055297999999999945e+02
1.061440000000000055e+02
1.067771999999999935e+02
1.070289999999999964e+02
1.075057999999999936e+02
1.076774999999999949e+02
1.076316999999999950e+02
1.076851000000000056e+02
1.073113000000000028e+02
1.068534999999999968e+02
1.063346999999999980e+02
1.058311000000000064e+02
1.050872999999999990e+02
1.043128999999999991e+02
1.035729000000000042e+02
1.026764000000000010e+02
1.018752999999999957e+02
1.009788000000000068e+02
9.976578000000000657e+01
9.841155999999999437e+01
9.669875999999999294e+01
9.428024000000000626e+01
9.177016999999999314e+01
8.932113999999999976e+01
8.692551000000000272e+01
8.601761000000000479e+01
8.592986999999999398e+01
8.652495999999999299e+01
8.746719000000000221e+01
8.805083999999999378e+01
8.856583000000000538e+01
8.926773000000000025e+01
8.993148999999999660e+01
9.057617000000000473e+01
9.153748000000000218e+01
9.214019999999999300e+01
9.256363000000000341e+01
9.267043999999999926e+01
9.256363000000000341e+01
9.244919000000000153e+01
9.222794000000000381e+01
9.156036000000000286e+01
9.099960000000000093e+01
9.022521999999999309e+01
8.961867999999999768e+01
8.859252999999999645e+01
8.760071000000000652e+01
8.663558999999999344e+01
8.589553999999999689e+01
8.513259999999999650e+01
8.437346999999999753e+01
8.377456999999999709e+01
8.346558000000000277e+01
8.322906999999999300e+01
8.293152000000000612e+01
8.288192999999999699e+01
8.278274999999999295e+01
8.271790000000000020e+01
8.282851999999999748e+01
8.306122000000000583e+01
8.323668999999999585e+01
8.335112999999999772e+01
8.329009999999999536e+01
8.323287999999999442e+01
8.310317999999999472e+01
8.316803000000000168e+01
8.302688999999999453e+01
8.281708000000000425e+01
8.253861000000000558e+01
8.241271999999999309e+01
8.207321000000000311e+01
8.168792999999999438e+01
8.140564000000000533e+01
8.099365000000000236e+01
8.063506999999999891e+01
8.031463999999999714e+01
7.988738999999999635e+01
7.953643999999999892e+01
7.916640999999999906e+01
7.878113000000000454e+01
7.862471999999999639e+01
7.816315000000000168e+01
7.781601000000000568e+01
7.759094000000000335e+01
7.742310000000000514e+01
7.699585000000000434e+01
7.671738000000000568e+01
7.664108000000000231e+01
7.630539000000000271e+01
7.608414000000000499e+01
7.592010999999999399e+01
7.582855000000000700e+01
7.567596000000000345e+01
7.544707999999999970e+01
7.529831000000000074e+01
7.514190999999999576e+01
7.485580000000000211e+01
7.464600000000000080e+01
7.440949000000000524e+01
7.402039000000000613e+01
7.373046999999999684e+01
7.327652000000000498e+01
7.318115000000000236e+01
7.292556999999999334e+01
7.281113000000000568e+01
7.278060999999999581e+01
7.284927000000000419e+01
7.260894999999999300e+01
7.236099000000000103e+01
7.215500000000000114e+01
7.161713000000000306e+01
7.128525000000000489e+01
7.115936000000000661e+01
7.088088999999999373e+01
7.056807999999999481e+01
7.001877000000000351e+01
6.971741000000000099e+01
6.937027000000000498e+01
6.924057000000000528e+01
6.917190999999999690e+01
6.916046000000000049e+01
6.943511999999999773e+01
7.034301999999999566e+01
7.137299000000000149e+01
7.292937999999999477e+01
7.490540000000000020e+01
7.686615000000000464e+01
7.876205000000000211e+01
8.107375999999999294e+01
8.323668999999999585e+01
8.519745000000000346e+01
8.708571999999999491e+01
8.846282999999999674e+01
8.985138000000000602e+01
9.087372000000000583e+01
9.192275999999999669e+01
9.258651999999999305e+01
9.334564000000000306e+01
9.322356999999999516e+01
9.336472000000000548e+01
9.344101000000000568e+01
9.341812000000000182e+01
9.328461000000000070e+01
9.325028000000000361e+01
9.342194000000000642e+01
9.347153000000000134e+01
9.357071000000000538e+01
9.371184999999999832e+01
9.407425000000000637e+01
9.453583000000000425e+01
9.497451999999999828e+01
9.555817000000000405e+01
9.613419000000000381e+01
9.670257999999999754e+01
9.724425999999999704e+01
9.791946000000000083e+01
9.859847999999999502e+01
9.918594000000000221e+01
9.971618999999999744e+01
9.992217999999999734e+01
1.003609000000000009e+02
1.007193999999999932e+02
1.005324999999999989e+02
1.005439999999999969e+02
1.003264999999999958e+02
1.000366000000000071e+02
9.963988999999999407e+01
9.921645999999999788e+01
9.854125999999999408e+01
9.785460999999999387e+01
9.680176000000000158e+01
9.556579999999999586e+01
9.390259000000000356e+01
9.198761000000000365e+01
8.929824999999999591e+01
8.646393000000000484e+01
8.388900999999999897e+01
8.179474000000000444e+01
8.095168999999999926e+01
8.140564000000000533e+01
8.242034999999999911e+01
8.317184000000000310e+01
8.423233000000000459e+01
8.475875999999999522e+01
8.556747000000000014e+01
8.615493999999999630e+01
8.696747000000000583e+01
8.747863999999999862e+01
8.813477000000000317e+01
8.845520000000000493e+01
8.862305000000000632e+01
8.853911999999999694e+01
8.829116999999999393e+01
8.808517999999999404e+01
8.758544999999999447e+01
8.702469000000000676e+01
8.651733000000000118e+01
8.577347000000000321e+01
8.490372000000000696e+01
8.407210999999999501e+01
8.324814000000000647e+01
8.255004999999999882e+01
8.179474000000000444e+01
8.122634999999999650e+01
8.066177000000000419e+01
8.040237000000000478e+01
8.013916000000000395e+01
8.005523999999999774e+01
7.979964999999999975e+01
7.984923999999999467e+01
8.003997999999999990e+01
7.991791000000000622e+01
8.023071000000000197e+01
8.020019000000000631e+01
8.034134000000000242e+01
8.032227000000000317e+01
8.028793000000000291e+01
8.022307999999999595e+01
8.018493999999999744e+01
7.979583999999999833e+01
7.975768999999999664e+01
7.929610999999999876e+01
7.926559000000000310e+01
7.882308999999999344e+01
7.854842999999999620e+01
7.827376999999999896e+01
7.783889999999999532e+01
7.762145999999999901e+01
7.735442999999999358e+01
7.726668999999999699e+01
7.661820000000000164e+01
7.646560999999999808e+01
7.632828000000000657e+01
7.585143999999999664e+01
7.567596000000000345e+01
7.538223000000000695e+01
7.509232000000000085e+01
7.489776999999999418e+01
7.466888000000000147e+01
7.450866999999999507e+01
7.425307999999999709e+01
7.426071000000000311e+01
7.404708999999999719e+01
7.389830999999999506e+01
7.353592000000000439e+01
7.347487999999999886e+01
7.332229999999999848e+01
7.308579000000000292e+01
7.311629999999999541e+01
7.281875999999999749e+01
7.258606000000000336e+01
7.210541000000000622e+01
7.187653000000000247e+01
7.133101999999999521e+01
7.088851999999999975e+01
7.061005000000000109e+01
7.043837999999999511e+01
7.032775999999999783e+01
6.994247000000000014e+01
7.024002000000000123e+01
7.009506000000000370e+01
7.008742999999999768e+01
6.978225999999999374e+01
6.953049000000000035e+01
6.941604999999999848e+01
6.914139000000000124e+01
6.894302000000000419e+01
6.845474000000000103e+01
6.832504000000000133e+01
6.787108999999999526e+01
6.766509999999999536e+01
6.750870000000000459e+01
6.758118000000000336e+01
6.788254000000000588e+01
6.817244999999999777e+01
6.911468000000000700e+01
7.027434999999999832e+01
7.192230000000000700e+01
7.420349000000000217e+01
7.644652999999999565e+01
7.864761000000000024e+01
8.104323999999999728e+01
8.320235999999999876e+01
8.512116000000000327e+01
8.681488000000000227e+01
8.836745999999999412e+01
8.972930999999999813e+01
9.068298000000000059e+01
9.146500000000000341e+01
9.181212999999999624e+01
9.191132000000000346e+01
9.216689999999999827e+01
9.204102000000000317e+01
9.210967999999999734e+01
9.194182999999999595e+01
9.186172999999999433e+01
9.175872999999999990e+01
9.197997999999999763e+01
9.215927000000000646e+01
9.222794000000000381e+01
9.273529000000000622e+01
9.310150000000000148e+01
9.375382000000000460e+01
9.442139000000000237e+01
9.503173999999999921e+01
9.596634000000000242e+01
9.661101999999999634e+01
9.738540999999999315e+01
9.813308999999999571e+01
9.893798999999999921e+01
9.959793000000000518e+01
1.003494000000000028e+02
1.007042000000000002e+02
1.009598000000000013e+02
1.012573000000000008e+02
1.012801999999999936e+02
1.012535000000000025e+02
1.010589999999999975e+02
1.006774999999999949e+02
1.001548999999999978e+02
9.936141999999999541e+01
9.899138999999999555e+01
9.836960000000000548e+01
9.745407000000000153e+01
9.643935999999999353e+01
9.535599000000000558e+01
9.381104000000000553e+01
9.177016999999999314e+01
8.951569000000000642e+01
8.684157999999999333e+01
8.435439999999999827e+01
8.223342999999999847e+01
8.134078999999999837e+01
8.152007999999999299e+01
8.257294000000000267e+01
8.367157000000000266e+01
8.462143000000000370e+01
8.510971000000000686e+01
8.580398999999999887e+01
8.642197000000000173e+01
8.713531999999999300e+01
8.787154999999999916e+01
8.821487000000000478e+01
8.870315999999999690e+01
8.864212000000000558e+01
8.882523000000000479e+01
8.855819999999999936e+01
8.829116999999999393e+01
8.805846999999999980e+01
8.755111999999999739e+01
8.710860999999999876e+01
8.646774000000000626e+01
8.554458999999999946e+01
8.482742000000000360e+01
8.394622999999999990e+01
8.329390999999999678e+01
8.257294000000000267e+01
8.180617999999999768e+01
8.133316000000000656e+01
8.115767999999999915e+01
8.074951000000000079e+01
8.068847999999999843e+01
8.026505000000000223e+01
8.028793000000000291e+01
8.038711000000000695e+01
8.043289000000000044e+01
8.040237000000000478e+01
8.059691999999999723e+01
8.050536999999999921e+01
8.063889000000000351e+01
8.061599999999999966e+01
8.035660000000000025e+01
8.018112000000000705e+01
7.997512999999999295e+01
7.980347000000000435e+01
7.950592000000000326e+01
7.941055000000000064e+01
7.916259999999999764e+01
7.875060999999999467e+01
7.852935999999999694e+01
7.825469999999999970e+01
7.801055999999999813e+01
7.763290000000000646e+01
7.741928000000000054e+01
7.702254999999999541e+01
7.685089000000000681e+01
7.653808999999999685e+01
7.625198000000000320e+01
7.596587999999999852e+01
7.573699999999999477e+01
7.550048999999999921e+01
7.532882999999999640e+01
7.496643000000000256e+01
7.495117000000000473e+01
7.435608000000000573e+01
7.435226000000000113e+01
7.427215999999999951e+01
7.398224000000000444e+01
7.384872000000000014e+01
7.379913000000000523e+01
7.352066000000000656e+01
7.332993000000000450e+01
7.305526999999999305e+01
7.279586999999999364e+01
7.280349999999999966e+01
7.239914000000000271e+01
7.201766999999999541e+01
7.164002000000000692e+01
7.122420999999999935e+01
7.085800000000000409e+01
7.046890000000000498e+01
7.042694000000000187e+01
7.028960999999999615e+01
7.029724000000000217e+01
7.022476000000000340e+01
7.011794999999999334e+01
7.013702000000000680e+01
6.993865999999999872e+01
6.973266999999999882e+01
6.948471000000000686e+01
6.928252999999999417e+01
6.908034999999999570e+01
6.863785000000000025e+01
6.833266999999999314e+01
6.821823000000000548e+01
6.801605000000000700e+01
6.791304999999999836e+01
6.835938000000000159e+01
6.882858000000000231e+01
6.986236999999999853e+01
7.137680000000000291e+01
7.354354999999999620e+01
7.567215000000000202e+01
7.814025999999999783e+01
8.048247999999999536e+01
8.264542000000000144e+01
8.480454000000000292e+01
8.656310999999999467e+01
8.827971999999999753e+01
8.988952999999999349e+01
9.111404000000000281e+01
9.212874999999999659e+01
9.259796000000000049e+01
9.299850000000000705e+01
9.321213000000000193e+01
9.319687000000000410e+01
9.320830999999999733e+01
9.318541999999999348e+01
9.309005999999999403e+01
9.300995000000000346e+01
9.277724999999999511e+01
9.297942999999999358e+01
9.314727999999999497e+01
9.335708999999999946e+01
9.372329999999999472e+01
9.432219999999999516e+01
9.508896000000000015e+01
9.579849000000000103e+01
9.681319999999999482e+01
9.773254000000000019e+01
9.849548000000000059e+01
9.958266999999999314e+01
1.004065999999999974e+02
1.012382000000000062e+02
1.015129000000000019e+02
1.022797000000000054e+02
1.025962999999999994e+02
1.027755999999999972e+02
1.029282000000000039e+02
1.027184000000000026e+02
1.025429000000000030e+02
1.021423000000000059e+02
1.018752999999999957e+02
1.014098999999999933e+02
1.010857000000000028e+02
1.005324999999999989e+02
9.996414000000000044e+01
9.912108999999999526e+01
9.824752999999999759e+01
9.746932999999999936e+01
9.634018000000000370e+01
9.487152000000000385e+01
9.306334999999999980e+01
9.067534999999999457e+01
8.855819999999999936e+01
8.597182999999999709e+01
8.397674999999999557e+01
8.303069999999999595e+01
8.331680000000000064e+01
8.430481000000000336e+01
8.500670999999999822e+01
8.559036000000000399e+01
8.605194000000000187e+01
8.693694999999999595e+01
8.744048999999999694e+01
8.826447000000000287e+01
8.887863000000000113e+01
8.943175999999999704e+01
8.972548999999999353e+01
9.004973999999999990e+01
8.998488999999999294e+01
8.989715999999999951e+01
8.962250000000000227e+01
8.929443000000000552e+01
8.870315999999999690e+01
8.815001999999999782e+01
8.739090000000000202e+01
8.655167000000000144e+01
8.585738999999999521e+01
8.522033999999999310e+01
8.451842999999999506e+01
8.366774999999999807e+01
8.315658999999999423e+01
8.279036999999999580e+01
8.213424999999999443e+01
8.181381000000000370e+01
8.154296999999999684e+01
8.150863999999999976e+01
8.134459999999999980e+01
8.142471000000000458e+01
8.149719000000000335e+01
8.170319000000000642e+01
8.155060000000000286e+01
8.166122000000000014e+01
8.180617999999999768e+01
8.152007999999999299e+01
8.139419999999999789e+01
8.135985999999999763e+01
8.113479999999999848e+01
8.090210000000000434e+01
8.047866999999999393e+01
8.031082000000000676e+01
7.993698000000000548e+01
7.963943999999999335e+01
7.937241000000000213e+01
7.892990000000000350e+01
7.877349999999999852e+01
7.838057999999999481e+01
7.808303999999999689e+01
7.785034000000000276e+01
7.751465000000000316e+01
7.722854999999999848e+01
7.700728999999999758e+01
7.681655999999999551e+01
7.635880000000000223e+01
7.623672999999999433e+01
7.601928999999999803e+01
7.578278000000000247e+01
7.550430000000000064e+01
7.537842000000000553e+01
7.520293999999999812e+01
7.485199000000000069e+01
7.464600000000000080e+01
7.460784999999999911e+01
7.440949000000000524e+01
7.436370999999999754e+01
7.410430999999999813e+01
7.380675999999999704e+01
7.350539999999999452e+01
7.323456000000000188e+01
7.295990000000000464e+01
7.261275999999999442e+01
7.218932999999999822e+01
7.177352999999999383e+01
7.136916999999999689e+01
7.122039999999999793e+01
7.108687999999999363e+01
7.113266000000000133e+01
7.094191999999999609e+01
7.097244000000000597e+01
7.096863000000000454e+01
7.061767999999999290e+01
7.028960999999999615e+01
7.016754000000000246e+01
6.998444000000000642e+01
6.984328999999999610e+01
6.941604999999999848e+01
6.901550000000000296e+01
6.886292000000000257e+01
6.866836000000000695e+01
6.868362000000000478e+01
6.872177000000000646e+01
6.922912999999999784e+01
6.995391999999999655e+01
7.136535999999999547e+01
7.289504999999999768e+01
7.500839000000000567e+01
7.738112999999999886e+01
7.974242999999999881e+01
8.207321000000000311e+01
8.417130000000000223e+01
8.620834000000000685e+01
8.809279999999999688e+01
8.961867999999999768e+01
9.060286999999999580e+01
9.188079999999999359e+01
9.296416999999999575e+01
9.344101000000000568e+01
9.351349000000000444e+01
9.365462999999999738e+01
9.378432999999999709e+01
9.362412000000000489e+01
9.338760000000000616e+01
9.338379000000000474e+01
9.328842000000000212e+01
9.352492999999999768e+01
9.359740999999999644e+01
9.384918000000000404e+01
9.421538999999999930e+01
9.467315999999999576e+01
9.525298999999999694e+01
9.600830000000000553e+01
9.678650000000000375e+01
9.775543000000000404e+01
9.879303000000000168e+01
9.965134000000000469e+01
1.005211000000000041e+02
1.012840000000000060e+02
1.019859000000000009e+02
1.026992999999999938e+02
1.031150999999999982e+02
1.031799000000000035e+02
1.033820999999999941e+02
1.033211000000000013e+02
1.032142999999999944e+02
1.030006000000000057e+02
1.025657999999999959e+02
1.020737000000000023e+02
1.017304000000000030e+02
1.013489000000000004e+02
1.006736999999999966e+02
1.001358000000000033e+02
9.923935000000000173e+01
9.858321999999999719e+01
9.766388000000000602e+01
9.642792000000000030e+01
9.509277000000000157e+01
9.315872000000000241e+01
9.070968999999999482e+01
8.835219999999999629e+01
8.583831999999999596e+01
8.414458999999999378e+01
8.353042999999999552e+01
8.407974000000000103e+01
8.496093999999999369e+01
8.579636000000000706e+01
8.618926999999999339e+01
8.658980999999999995e+01
8.733749000000000251e+01
8.780289000000000499e+01
8.851622999999999308e+01
8.919525000000000148e+01
8.987426999999999566e+01
9.025191999999999837e+01
9.052276999999999418e+01
9.045028999999999542e+01
9.030913999999999930e+01
8.993148999999999660e+01
8.951569000000000642e+01
8.880234000000000094e+01
8.840941999999999723e+01
8.755492999999999881e+01
8.685684000000000538e+01
8.602523999999999660e+01
8.525467000000000439e+01
8.442687999999999704e+01
8.386611999999999512e+01
8.319092000000000553e+01
8.283615000000000350e+01
8.230971999999999866e+01
8.203507000000000460e+01
8.179091999999999985e+01
8.175278000000000134e+01
8.164597000000000548e+01
8.170319000000000642e+01
8.179855000000000587e+01
8.197784000000000049e+01
8.183669999999999334e+01
8.191680999999999813e+01
8.177185000000000059e+01
8.185958999999999719e+01
8.146286000000000627e+01
8.150100999999999374e+01
8.129120000000000346e+01
8.104323999999999728e+01
8.078002999999999645e+01
8.058548000000000400e+01
8.030319000000000074e+01
8.005523999999999774e+01
7.966231999999999402e+01
7.927321999999999491e+01
7.913970999999999378e+01
7.870483000000000118e+01
7.850266000000000588e+01
7.815932999999999709e+01
7.799912000000000489e+01
7.770919999999999561e+01
7.745360999999999763e+01
7.716750999999999294e+01
7.686996000000000606e+01
7.665634000000000015e+01
7.624817000000000178e+01
7.598494999999999777e+01
7.574844000000000221e+01
7.543944999999999368e+01
7.539368000000000336e+01
7.502365000000000350e+01
7.506942999999999699e+01
7.477570000000000050e+01
7.470703000000000316e+01
7.457352000000000203e+01
7.425690000000000168e+01
7.421492999999999540e+01
7.395553999999999917e+01
7.364655000000000484e+01
7.330321999999999605e+01
7.322311000000000547e+01
7.241057999999999595e+01
7.210541000000000622e+01
7.190703999999999496e+01
7.153701999999999828e+01
7.141113000000000000e+01
7.156753999999999394e+01
7.141876000000000602e+01
7.147217000000000553e+01
7.127761999999999887e+01
7.099151999999999418e+01
7.075499999999999545e+01
7.056046000000000618e+01
7.046890000000000498e+01
7.028960999999999615e+01
6.998824999999999363e+01
6.970215000000000316e+01
6.950759999999999650e+01
6.919097999999999615e+01
6.933974999999999511e+01
6.965255999999999403e+01
7.025145999999999447e+01
7.142257999999999640e+01
7.299805000000000632e+01
7.497786999999999580e+01
7.724379999999999313e+01
7.969284000000000390e+01
8.192825000000000557e+01
8.426666000000000167e+01
8.629989999999999384e+01
8.837509000000000015e+01
8.991240999999999417e+01
9.136580999999999619e+01
9.251403999999999428e+01
9.351349000000000444e+01
9.410477000000000203e+01
9.431458000000000652e+01
9.457778999999999314e+01
9.478759999999999764e+01
9.471511999999999887e+01
9.462738000000000227e+01
9.458923000000000059e+01
9.450149999999999295e+01
9.478377999999999304e+01
9.488678000000000168e+01
9.511185000000000400e+01
9.532927999999999713e+01
9.593201000000000533e+01
9.633254999999999768e+01
9.690094000000000563e+01
9.778594999999999970e+01
9.832381999999999778e+01
9.960938000000000159e+01
1.004218999999999937e+02
1.011276000000000010e+02
1.020354999999999990e+02
1.027450999999999937e+02
1.032753000000000014e+02
1.037865000000000038e+02
1.041907999999999959e+02
1.043242999999999938e+02
1.046180999999999983e+02
1.045570000000000022e+02
1.043777999999999935e+02
1.041411999999999978e+02
1.037292000000000058e+02
1.033324999999999960e+02
1.029509999999999934e+02
1.023444999999999965e+02
1.018790999999999940e+02
1.012535000000000025e+02
1.003684999999999974e+02
9.951018999999999437e+01
9.841536999999999580e+01
9.706497000000000241e+01
9.542464999999999975e+01
9.320830999999999733e+01
9.075545999999999935e+01
8.790970000000000084e+01
8.577347000000000321e+01
8.453750999999999749e+01
8.443832000000000448e+01
8.502960000000000207e+01
8.605194000000000187e+01
8.676909999999999457e+01
8.751677999999999713e+01
8.790206999999999482e+01
8.869553000000000509e+01
8.936310000000000286e+01
8.997344999999999970e+01
9.052276999999999418e+01
9.110259999999999536e+01
9.116745000000000232e+01
9.122086000000000183e+01
9.119796999999999798e+01
9.088515999999999906e+01
9.048462000000000671e+01
8.987807999999999709e+01
8.933638999999999442e+01
8.871079000000000292e+01
8.781815000000000282e+01
8.712769000000000119e+01
8.633041000000000054e+01
8.562470000000000425e+01
8.473968000000000700e+01
8.405684999999999718e+01
8.353804999999999836e+01
8.292770000000000152e+01
8.260726999999999975e+01
8.236312999999999818e+01
8.227158000000000015e+01
8.207702999999999349e+01
8.210754000000000019e+01
8.235930999999999358e+01
8.240891000000000588e+01
8.246231000000000222e+01
8.253096999999999639e+01
8.261108000000000118e+01
8.263397000000000503e+01
8.267212000000000671e+01
8.241652999999999452e+01
8.237076000000000420e+01
8.229446000000000083e+01
8.192061999999999955e+01
8.164978000000000691e+01
8.132935000000000514e+01
8.103561000000000547e+01
8.061599999999999966e+01
8.023453000000000657e+01
7.993317000000000405e+01
7.970810000000000173e+01
7.934189000000000647e+01
7.898712000000000444e+01
7.875060999999999467e+01
7.841872999999999649e+01
7.835007000000000232e+01
7.783127000000000351e+01
7.776641999999999655e+01
7.758330999999999733e+01
7.716750999999999294e+01
7.693480999999999881e+01
7.686615000000000464e+01
7.641602000000000317e+01
7.630920000000000414e+01
7.609557999999999822e+01
7.574080999999999619e+01
7.561493000000000109e+01
7.551193000000000666e+01
7.538604999999999734e+01
7.499312999999999363e+01
7.478713999999999373e+01
7.464217999999999620e+01
7.435608000000000573e+01
7.402800999999999476e+01
7.386016999999999655e+01
7.344817999999999358e+01
7.292556999999999334e+01
7.249069000000000074e+01
7.216262999999999295e+01
7.197189000000000192e+01
7.199097000000000435e+01
7.187270999999999788e+01
7.206726000000000454e+01
7.201385999999999399e+01
7.191085999999999956e+01
7.154846000000000572e+01
7.136154000000000508e+01
7.140731999999999857e+01
7.114028999999999314e+01
7.098770000000000380e+01
7.085800000000000409e+01
7.066344999999999743e+01
7.057189999999999941e+01
7.054900999999999556e+01
7.067108000000000345e+01
7.144545999999999708e+01
7.273102000000000089e+01
7.448578000000000543e+01
7.662201000000000306e+01
7.896805000000000518e+01
8.170319000000000642e+01
8.433914000000000044e+01
8.661651999999999418e+01
8.905410999999999433e+01
9.128570999999999458e+01
9.308243000000000222e+01
9.432219999999999516e+01
9.520340000000000202e+01
9.587096999999999980e+01
9.634399000000000513e+01
9.642028999999999428e+01
9.661865000000000236e+01
9.650803000000000509e+01
9.663009999999999877e+01
9.629058999999999457e+01
9.605025999999999442e+01
9.623717999999999506e+01
9.609221999999999753e+01
9.634399000000000513e+01
9.660720999999999492e+01
9.676743000000000450e+01
9.738540999999999315e+01
9.798812999999999818e+01
9.876251000000000602e+01
9.984588999999999714e+01
1.008071999999999946e+02
1.017532000000000068e+02
1.026877999999999957e+02
1.036719999999999970e+02
1.045227000000000004e+02
1.052895000000000039e+02
1.059608000000000061e+02
1.064719999999999942e+02
1.067543000000000006e+02
1.072235000000000014e+02
1.075211000000000041e+02
1.075324999999999989e+02
1.074676999999999936e+02
1.073341000000000065e+02
1.071396000000000015e+02
1.066283999999999992e+02
1.061744999999999948e+02
1.058922000000000025e+02
1.052360999999999933e+02
1.044769000000000005e+02
1.038284000000000020e+02
1.029320000000000022e+02
1.020164999999999935e+02
1.009368999999999943e+02
9.988402999999999565e+01
9.811400999999999328e+01
9.619522000000000617e+01
9.366607999999999379e+01
9.124374000000000251e+01
8.876418999999999926e+01
8.710098000000000695e+01
8.665847999999999729e+01
8.729171999999999798e+01
8.806991999999999621e+01
8.858109000000000322e+01
8.922195000000000675e+01
8.989333999999999492e+01
9.060669000000000040e+01
9.163284000000000162e+01
9.221648999999999319e+01
9.299088000000000420e+01
9.325790000000000646e+01
9.354782000000000153e+01
9.356307999999999936e+01
9.337615999999999872e+01
9.292601999999999407e+01
9.280396000000000356e+01
9.241486000000000445e+01
9.171295000000000641e+01
9.111023000000000138e+01
9.020995999999999526e+01
8.951949999999999363e+01
8.868026999999999305e+01
8.794021999999999650e+01
8.714676000000000045e+01
8.650588999999999373e+01
8.570480000000000587e+01
8.506775000000000375e+01
8.469391000000000247e+01
8.451461999999999364e+01
8.412170000000000414e+01
8.394622999999999990e+01
8.382034000000000162e+01
8.399200000000000443e+01
8.379744999999999777e+01
8.421326000000000533e+01
8.415604000000000440e+01
8.417892999999999404e+01
8.436203000000000429e+01
8.425140000000000384e+01
8.419037000000000148e+01
8.423614000000000601e+01
8.395766999999999314e+01
8.379744999999999777e+01
8.341979999999999507e+01
8.292006999999999550e+01
8.258820000000000050e+01
8.219910000000000139e+01
8.182526000000000010e+01
8.163070999999999344e+01
8.112717000000000667e+01
8.104323999999999728e+01
8.075333000000000538e+01
8.041763000000000261e+01
8.008194000000000301e+01
7.960891999999999769e+01
7.923507999999999640e+01
7.893371999999999389e+01
7.870483000000000118e+01
7.842255000000000109e+01
7.806777999999999906e+01
7.775115999999999872e+01
7.732773000000000252e+01
7.708359000000000094e+01
7.670211999999999364e+01
7.651519999999999300e+01
7.631682999999999595e+01
7.598494999999999777e+01
7.569504000000000588e+01
7.559586000000000183e+01
7.520293999999999812e+01
7.513045999999999935e+01
7.476425000000000409e+01
7.464217999999999620e+01
7.438660000000000139e+01
7.418823000000000434e+01
7.377242999999999995e+01
7.336043999999999699e+01
7.304381999999999664e+01
7.281494000000000710e+01
7.239150999999999669e+01
7.251358000000000459e+01
7.270431000000000665e+01
7.283782999999999674e+01
7.284927000000000419e+01
7.246017999999999404e+01
7.212067000000000405e+01
7.170104999999999507e+01
7.167435000000000400e+01
7.170485999999999649e+01
7.147979999999999734e+01
7.144545999999999708e+01
7.107161999999999580e+01
7.085800000000000409e+01
7.070541000000000054e+01
7.087708000000000652e+01
7.151412999999999442e+01
7.241057999999999595e+01
7.415770999999999447e+01
7.631301999999999452e+01
7.850646999999999309e+01
8.114243000000000450e+01
8.374786000000000286e+01
8.628844999999999743e+01
8.860397000000000389e+01
9.060286999999999580e+01
9.232711999999999364e+01
9.381485000000000696e+01
9.498596000000000572e+01
9.585190000000000055e+01
9.644317999999999813e+01
9.690475000000000705e+01
9.680938999999999339e+01
9.675597999999999388e+01
9.653472999999999615e+01
9.653853999999999758e+01
9.637451000000000079e+01
9.628677000000000419e+01
9.635544000000000153e+01
9.642409999999999570e+01
9.656143000000000143e+01
9.678650000000000375e+01
9.724425999999999704e+01
9.791946000000000083e+01
9.838867000000000473e+01
9.924697999999999354e+01
1.001701000000000050e+02
1.009635999999999996e+02
1.020469999999999970e+02
1.030197000000000003e+02
1.042289999999999992e+02
1.051140000000000043e+02
1.058044000000000011e+02
1.063842999999999961e+02
1.068687000000000040e+02
1.071891999999999996e+02
1.072768999999999977e+02
1.071013999999999982e+02
1.069641000000000020e+02
1.064911000000000030e+02
1.060143000000000058e+02
1.055031000000000034e+02
1.047630000000000052e+02
1.040229999999999961e+02
1.034393000000000029e+02
1.027489000000000061e+02
1.019668999999999954e+02
1.008148000000000053e+02
9.988021999999999423e+01
9.878920999999999708e+01
9.718703999999999610e+01
9.542464999999999975e+01
9.325028000000000361e+01
9.086226999999999521e+01
8.822632000000000119e+01
8.642578000000000316e+01
8.558272999999999797e+01
8.580398999999999887e+01
8.687210000000000321e+01
8.746719000000000221e+01
8.816146999999999423e+01
8.847427000000000419e+01
8.904648000000000252e+01
9.004210999999999387e+01
9.106444999999999368e+01
9.166335999999999729e+01
9.192656999999999812e+01
9.219360000000000355e+01
9.238433999999999457e+01
9.213257000000000119e+01
9.208678999999999348e+01
9.170914000000000499e+01
9.115219000000000449e+01
9.039306999999999448e+01
8.975220000000000198e+01
8.895874000000000592e+01
8.789444000000000301e+01
8.707809000000000310e+01
8.625029999999999575e+01
8.550261999999999318e+01
8.479309000000000651e+01
8.386611999999999512e+01
8.360290999999999428e+01
8.301926000000000272e+01
8.282089000000000567e+01
8.256911999999999807e+01
8.267212000000000671e+01
8.255768000000000484e+01
8.257294000000000267e+01
8.270264000000000237e+01
8.284758999999999673e+01
8.295059000000000538e+01
8.292389000000000010e+01
8.298492000000000246e+01
8.312606999999999857e+01
8.303069999999999595e+01
8.311081000000000074e+01
8.296204000000000178e+01
8.290099999999999625e+01
8.246231000000000222e+01
8.224106000000000449e+01
8.196639999999999304e+01
8.143616000000000099e+01
8.097839000000000453e+01
8.079528999999999428e+01
8.028793000000000291e+01
7.993698000000000548e+01
7.952118000000000109e+01
7.915115000000000123e+01
7.873153999999999542e+01
7.851027999999999452e+01
7.818222000000000094e+01
7.785796999999999457e+01
7.743834999999999980e+01
7.725142999999999915e+01
7.700728999999999758e+01
7.679367000000000587e+01
7.663344999999999629e+01
7.641602000000000317e+01
7.623291000000000395e+01
7.595444000000000528e+01
7.585524999999999807e+01
7.569504000000000588e+01
7.552719000000000449e+01
7.528305000000000291e+01
7.527160999999999547e+01
7.484816999999999609e+01
7.459641000000000588e+01
7.441710999999999387e+01
7.409668000000000632e+01
7.366943000000000552e+01
7.337951999999999941e+01
7.296752999999999645e+01
7.295609000000000322e+01
7.269286999999999921e+01
7.254410000000000025e+01
7.263564999999999827e+01
7.259368999999999517e+01
7.239914000000000271e+01
7.203292999999999324e+01
7.165146000000000015e+01
7.129668999999999812e+01
7.101439999999999486e+01
7.089615000000000578e+01
7.055283000000000015e+01
7.019805999999999813e+01
6.966400000000000148e+01
6.928634999999999877e+01
6.908034999999999570e+01
6.890106000000000108e+01
6.880570000000000164e+01
6.904601999999999862e+01
6.923293999999999926e+01
6.989669999999999561e+01
7.097625999999999635e+01
7.274627999999999872e+01
7.439803999999999462e+01
7.662201000000000306e+01
7.860564999999999714e+01
8.077240000000000464e+01
8.283615000000000350e+01
8.488083000000000311e+01
8.653258999999999901e+01
8.821487000000000478e+01
8.943175999999999704e+01
9.035492000000000701e+01
9.150314000000000192e+01
9.231185999999999581e+01
9.263228999999999758e+01
9.292601999999999407e+01
9.296035999999999433e+01
9.287642999999999915e+01
9.278870000000000573e+01
9.291076999999999941e+01
9.273529000000000622e+01
9.270859000000000094e+01
9.281920999999999822e+01
9.293366000000000327e+01
9.319687000000000410e+01
9.352492999999999768e+01
9.381104000000000553e+01
9.421157999999999788e+01
9.477233999999999980e+01
9.526824999999999477e+01
9.616469999999999629e+01
9.685898000000000252e+01
9.762192000000000291e+01
9.833526999999999418e+01
9.885406999999999300e+01
9.919356999999999402e+01
9.960174999999999557e+01
9.973525999999999669e+01
9.999084000000000572e+01
9.996414000000000044e+01
9.997177000000000646e+01
9.959412000000000376e+01
9.924697999999999354e+01
9.868240000000000123e+01
9.823608000000000118e+01
9.764861999999999398e+01
9.662247000000000696e+01
9.569930999999999699e+01
9.437560999999999467e+01
9.261321999999999832e+01
9.025191999999999837e+01
8.745193999999999335e+01
8.462524000000000513e+01
8.230209000000000685e+01
8.077240000000000464e+01
8.036041000000000167e+01
8.133316000000000656e+01
8.227921000000000618e+01
8.310317999999999472e+01
8.408737000000000705e+01
8.441544000000000381e+01
8.524321999999999377e+01
8.616257000000000232e+01
8.708190999999999349e+01
8.753203999999999496e+01
8.766937000000000069e+01
8.803557999999999595e+01
8.811951000000000533e+01
8.794402999999999793e+01
8.765792999999999324e+01
8.741759999999999309e+01
8.689499000000000706e+01
8.621979000000000326e+01
8.561705999999999506e+01
8.471298000000000172e+01
8.410644000000000631e+01
8.322144000000000119e+01
8.253861000000000558e+01
8.171845000000000425e+01
8.118819999999999482e+01
8.053207000000000448e+01
8.002089999999999748e+01
7.966995000000000005e+01
7.958602999999999383e+01
7.953261999999999432e+01
7.931136999999999659e+01
7.939910999999999319e+01
7.938765999999999678e+01
7.945632999999999413e+01
7.979201999999999373e+01
7.974242999999999881e+01
7.996750000000000114e+01
7.978439000000000192e+01
7.971572999999999354e+01
7.958602999999999383e+01
7.931900000000000261e+01
7.913208000000000197e+01
7.888030999999999437e+01
7.862854000000000099e+01
7.842636000000000251e+01
7.811356000000000677e+01
7.778548999999999580e+01
7.751082999999999856e+01
7.731247000000000469e+01
7.698821999999999832e+01
7.656096999999999753e+01
7.632446000000000197e+01
7.624817000000000178e+01
7.596970000000000312e+01
7.573318999999999335e+01
7.544707999999999970e+01
7.513809000000000538e+01
7.490157999999999561e+01
7.461166000000000054e+01
7.450866999999999507e+01
7.416916000000000508e+01
7.396317000000000519e+01
7.373427999999999827e+01
7.365798999999999808e+01
7.343674000000000035e+01
7.334900000000000375e+01
7.307434000000000651e+01
7.297897000000000389e+01
7.292937999999999477e+01
7.252120999999999640e+01
7.246017999999999404e+01
7.218551999999999680e+01
7.196808000000000050e+01
7.159041999999999462e+01
7.139587000000000216e+01
7.094574000000000069e+01
7.046890000000000498e+01
7.003020999999999674e+01
6.979752000000000578e+01
6.953812000000000637e+01
6.938553000000000281e+01
6.947326999999999941e+01
6.962967000000000439e+01
6.962584999999999980e+01
6.923676000000000386e+01
6.901931999999999334e+01
6.889724999999999966e+01
6.849289000000000271e+01
6.836319000000000301e+01
6.809234999999999616e+01
6.790923999999999694e+01
6.738662999999999670e+01
6.727599999999999625e+01
6.716919000000000040e+01
6.710053000000000623e+01
6.748962000000000216e+01
6.806564000000000192e+01
6.912613000000000341e+01
7.047271999999999537e+01
7.230377000000000010e+01
7.469177000000000533e+01
7.685470999999999719e+01
7.926559000000000310e+01
8.153915000000000646e+01
8.357238999999999862e+01
8.542632999999999299e+01
8.704376000000000602e+01
8.854294000000000153e+01
8.971023999999999887e+01
9.075928000000000395e+01
9.144974000000000558e+01
9.174347000000000207e+01
9.195708999999999378e+01
9.189224000000000103e+01
9.195708999999999378e+01
9.195328000000000657e+01
9.165573000000000548e+01
9.175490999999999531e+01
9.176254000000000133e+01
9.169768999999999437e+01
9.215164000000000044e+01
9.228516000000000474e+01
9.259032999999999447e+01
9.300995000000000346e+01
9.384537000000000262e+01
9.435272000000000503e+01
9.523772999999999911e+01
9.606171000000000504e+01
9.688187000000000637e+01
9.789275999999999556e+01
9.851073999999999842e+01
9.922409000000000390e+01
9.993743999999999517e+01
1.005019999999999953e+02
1.008644000000000034e+02
1.011620000000000061e+02
1.011620000000000061e+02
1.011886999999999972e+02
1.009711999999999961e+02
1.006316999999999950e+02
1.002730999999999995e+02
9.988021999999999423e+01
9.926986999999999739e+01
9.870148000000000366e+01
9.782791000000000281e+01
9.713363999999999976e+01
9.624099999999999966e+01
9.511947999999999581e+01
9.341431000000000040e+01
9.186172999999999433e+01
8.954619999999999891e+01
8.717346000000000572e+01
8.463669000000000153e+01
8.245467999999999620e+01
8.127213000000000420e+01
8.144759999999999422e+01
8.237457000000000562e+01
8.341598999999999364e+01
8.442687999999999704e+01
8.505629999999999313e+01
8.564758000000000493e+01
8.635330000000000439e+01
8.716965000000000430e+01
8.776474000000000331e+01
8.835602000000000089e+01
8.872986000000000217e+01
8.876801000000000386e+01
8.883284999999999343e+01
8.856964000000000681e+01
8.842467999999999506e+01
8.810043000000000291e+01
8.746338000000000079e+01
8.702469000000000676e+01
8.637238000000000682e+01
8.565520999999999674e+01
8.491898000000000479e+01
8.399962999999999624e+01
8.326340000000000430e+01
8.258056999999999448e+01
8.198166000000000508e+01
8.144379000000000701e+01
8.095932000000000528e+01
8.060074000000000183e+01
8.042525999999999442e+01
8.028029999999999688e+01
8.040999999999999659e+01
8.018493999999999744e+01
8.021545000000000414e+01
8.050919000000000381e+01
8.044433999999999685e+01
8.060074000000000183e+01
8.059310999999999581e+01
8.061217999999999506e+01
8.051681000000000665e+01
8.039475000000000193e+01
8.030319000000000074e+01
8.009337999999999624e+01
7.977294999999999447e+01
7.950592000000000326e+01
7.899093999999999482e+01
7.886123999999999512e+01
7.845687999999999818e+01
7.825087999999999511e+01
7.781982000000000710e+01
7.758330999999999733e+01
7.732773000000000252e+01
7.704543999999999926e+01
7.695389000000000124e+01
7.657241999999999393e+01
7.614516999999999314e+01
7.588576999999999373e+01
7.587814000000000192e+01
7.551574999999999704e+01
7.519531000000000631e+01
7.510756999999999550e+01
7.492446999999999946e+01
7.452392999999999290e+01
7.436751999999999896e+01
7.419204999999999472e+01
7.397841999999999985e+01
7.380294999999999561e+01
7.369613999999999976e+01
7.352446999999999377e+01
7.338333000000000084e+01
7.323837000000000330e+01
7.297897000000000389e+01
7.278824000000000183e+01
7.241821000000000197e+01
7.210159000000000162e+01
7.173919999999999675e+01
7.128525000000000489e+01
7.100296000000000163e+01
7.065201000000000420e+01
7.022476000000000340e+01
7.010268999999999551e+01
7.024384000000000583e+01
7.036208999999999492e+01
7.028960999999999615e+01
7.008742999999999768e+01
6.975554999999999950e+01
6.955719000000000563e+01
6.947708000000000084e+01
6.927490000000000236e+01
6.895064999999999600e+01
6.867600000000000193e+01
6.827164000000000499e+01
6.826018999999999437e+01
6.792449999999999477e+01
6.786346000000000345e+01
6.800842000000000098e+01
6.859969999999999857e+01
6.946563999999999339e+01
7.089233000000000118e+01
7.294845999999999719e+01
7.505034999999999457e+01
7.731628000000000611e+01
7.978439000000000192e+01
8.204650999999999783e+01
8.440780999999999779e+01
8.644104000000000099e+01
8.793640000000000612e+01
8.962250000000000227e+01
9.079361000000000104e+01
9.172440000000000282e+01
9.237288999999999817e+01
9.281158000000000641e+01
9.300612999999999886e+01
9.305953999999999837e+01
9.304428000000000054e+01
9.291840000000000543e+01
9.280013999999999896e+01
9.268188000000000670e+01
9.262466000000000577e+01
9.272384999999999877e+01
9.294509999999999650e+01
9.313582999999999856e+01
9.358597000000000321e+01
9.414291000000000054e+01
9.478759999999999764e+01
9.572220000000000084e+01
9.627532999999999674e+01
9.737395999999999674e+01
9.823226999999999975e+01
9.907150000000000034e+01
9.972763000000000488e+01
1.007270999999999930e+02
1.012382000000000062e+02
1.019478000000000009e+02
1.021346999999999952e+02
1.025657999999999959e+02
1.026000999999999976e+02
1.026764000000000010e+02
1.023598000000000070e+02
1.023216000000000037e+02
1.019440000000000026e+02
1.015892000000000053e+02
1.012648999999999972e+02
1.006354999999999933e+02
1.001243999999999943e+02
9.938812000000000069e+01
9.860611000000000104e+01
9.784317000000000064e+01
9.674835000000000207e+01
9.531403000000000247e+01
9.366226000000000340e+01
9.161377000000000237e+01
8.903503000000000611e+01
8.638763000000000147e+01
8.399581999999999482e+01
8.289337000000000444e+01
8.285903999999999314e+01
8.377456999999999709e+01
8.459090999999999383e+01
8.539199999999999591e+01
8.583069000000000415e+01
8.656691999999999609e+01
8.717346000000000572e+01
8.810424999999999329e+01
8.870315999999999690e+01
8.916092000000000439e+01
8.959960999999999842e+01
8.999251999999999896e+01
8.991240999999999417e+01
8.967208999999999719e+01
8.952712999999999965e+01
8.916854999999999620e+01
8.866119000000000483e+01
8.803940000000000055e+01
8.745193999999999335e+01
8.673859000000000208e+01
8.581923999999999353e+01
8.510971000000000686e+01
8.427048000000000627e+01
8.369826999999999373e+01
8.297347999999999502e+01
8.268355999999999995e+01
8.188248000000000104e+01
8.191680999999999813e+01
8.150100999999999374e+01
8.138275000000000148e+01
8.126830999999999960e+01
8.120346000000000686e+01
8.127213000000000420e+01
8.139419999999999789e+01
8.135604999999999620e+01
8.151627000000000578e+01
8.143997000000000241e+01
8.144379000000000701e+01
8.133696999999999377e+01
8.108521000000000356e+01
8.092879999999999541e+01
8.080292000000000030e+01
8.034134000000000242e+01
8.008956999999999482e+01
7.984161000000000286e+01
7.981873000000000218e+01
7.932662999999999442e+01
7.899474999999999625e+01
7.862090999999999497e+01
7.831192000000000064e+01
7.809067000000000291e+01
7.768631000000000597e+01
7.746124000000000365e+01
7.721710000000000207e+01
7.700728999999999758e+01
7.674407999999999674e+01
7.659530999999999779e+01
7.632065000000000055e+01
7.601928999999999803e+01
7.569504000000000588e+01
7.551193000000000666e+01
7.537460000000000093e+01
7.513045999999999935e+01
7.481002999999999759e+01
7.464217999999999620e+01
7.454680999999999358e+01
7.434844999999999970e+01
7.413863999999999521e+01
7.390212999999999965e+01
7.362747000000000241e+01
7.330704000000000065e+01
7.320784999999999343e+01
7.283401000000000636e+01
7.260894999999999300e+01
7.202530000000000143e+01
7.161713000000000306e+01
7.127379999999999427e+01
7.087326000000000192e+01
7.074356000000000222e+01
7.091903999999999542e+01
7.064818999999999960e+01
7.092284999999999684e+01
7.078933999999999571e+01
7.051848999999999990e+01
7.031632000000000460e+01
7.009506000000000370e+01
7.006453999999999382e+01
6.967162999999999329e+01
6.937027000000000498e+01
6.912994000000000483e+01
6.887435999999999581e+01
6.837462999999999624e+01
6.812667999999999324e+01
6.850051999999999452e+01
6.885528999999999655e+01
6.916428000000000509e+01
7.044601000000000113e+01
7.200240999999999758e+01
7.399367999999999768e+01
7.642364000000000601e+01
7.875441999999999609e+01
8.107757999999999754e+01
8.350754000000000588e+01
8.568192000000000519e+01
8.736800999999999817e+01
8.902741000000000327e+01
9.053803000000000623e+01
9.172440000000000282e+01
9.244919000000000153e+01
9.308243000000000222e+01
9.329986999999999853e+01
9.358597000000000321e+01
9.358978000000000463e+01
9.358597000000000321e+01
9.342194000000000642e+01
9.353256000000000370e+01
9.337615999999999872e+01
9.360886000000000706e+01
9.354401000000000010e+01
9.393692000000000064e+01
9.424590999999999497e+01
9.463120000000000687e+01
9.534453999999999496e+01
9.583664000000000271e+01
9.647750999999999522e+01
9.743117999999999768e+01
9.825133999999999901e+01
9.914397999999999911e+01
