5.969619999999999749e+01
6.142806999999999817e+01
6.282424999999999926e+01
6.410217000000000098e+01
6.545638999999999896e+01
6.657410000000000139e+01
6.773757999999999413e+01
6.889724999999999966e+01
6.976699999999999591e+01
7.071685999999999694e+01
7.160187000000000523e+01
7.233428999999999576e+01
7.283401000000000636e+01
7.308579000000000292e+01
7.346725000000000705e+01
7.324981999999999971e+01
7.313155999999999324e+01
7.299042000000000030e+01
7.229995999999999867e+01
7.212067000000000405e+01
7.156372000000000355e+01
7.104873999999999512e+01
7.052231000000000449e+01
7.007599000000000444e+01
6.962967000000000439e+01
6.901550000000000296e+01
6.845474000000000103e+01
6.792830999999999619e+01
6.724166999999999916e+01
6.679916000000000054e+01
6.623839999999999861e+01
6.552886999999999773e+01
6.509399000000000513e+01
6.472015000000000384e+01
6.415175999999999590e+01
6.381226000000000198e+01
6.343079000000000178e+01
6.314849999999999852e+01
6.294632000000000005e+01
6.264495999999999754e+01
6.257247999999999877e+01
6.243515000000000015e+01
6.223678999999999917e+01
6.222916000000000025e+01
6.192016999999999882e+01
6.191253999999999991e+01
6.200789999999999935e+01
6.171417000000000286e+01
6.160735999999999990e+01
6.150818000000000296e+01
6.107330000000000325e+01
6.077575999999999823e+01
6.027985000000000326e+01
5.954742000000000246e+01
5.863190000000000168e+01
5.755996999999999986e+01
5.662917999999999807e+01
5.562592000000000070e+01
5.452727999999999753e+01
5.382155999999999807e+01
5.304717999999999734e+01
5.264282000000000039e+01
5.207442999999999955e+01
5.191420999999999708e+01
5.177689000000000163e+01
5.168533000000000044e+01
5.138779000000000252e+01
5.121994000000000113e+01
5.122757000000000005e+01
5.110931000000000068e+01
5.095291000000000281e+01
5.073546999999999940e+01
5.084228000000000236e+01
5.101012999999999664e+01
5.101776000000000266e+01
5.136108000000000118e+01
5.157471000000000316e+01
5.193328999999999951e+01
5.231857000000000113e+01
5.244827000000000083e+01
5.271529999999999916e+01
5.311202999999999719e+01
5.318070000000000164e+01
5.311202999999999719e+01
5.321502999999999872e+01
5.347823999999999955e+01
5.329894999999999783e+01
5.332947000000000060e+01
5.325316999999999723e+01
5.326462000000000074e+01
5.311966000000000321e+01
5.303954999999999842e+01
5.283355999999999852e+01
5.252074999999999960e+01
5.227660999999999802e+01
5.215453999999999724e+01
5.178450999999999738e+01
5.138015999999999650e+01
5.106354000000000326e+01
5.065917999999999921e+01
5.033874999999999744e+01
4.996491000000000327e+01
4.962539999999999907e+01
4.940796000000000276e+01
4.908371000000000350e+01
4.861449999999999960e+01
4.839706000000000330e+01
4.805373999999999768e+01
4.772185999999999950e+01
4.735947000000000173e+01
4.708098999999999990e+01
4.692078000000000060e+01
4.663848999999999734e+01
4.637527999999999651e+01
4.610824999999999818e+01
4.605866000000000327e+01
4.579925999999999675e+01
4.547881999999999891e+01
4.534149000000000029e+01
4.531479000000000212e+01
4.523087000000000302e+01
4.497527999999999793e+01
4.504012999999999778e+01
4.467772999999999683e+01
4.478835999999999729e+01
4.467392000000000252e+01
4.462433000000000050e+01
4.463195999999999941e+01
4.457854999999999990e+01
4.438781999999999783e+01
4.424286000000000030e+01
4.424667000000000172e+01
4.426192999999999955e+01
4.399871999999999872e+01
4.401778999999999797e+01
4.381179999999999808e+01
4.395293999999999812e+01
4.368972999999999729e+01
4.367065000000000197e+01
4.349898999999999916e+01
4.360199000000000069e+01
4.323196000000000083e+01
4.332352000000000203e+01
4.336166000000000054e+01
4.314041000000000281e+01
4.301071000000000311e+01
4.288864000000000232e+01
4.276657000000000153e+01
4.265594999999999715e+01
4.248810000000000286e+01
4.240035999999999916e+01
4.211426000000000158e+01
4.206085000000000207e+01
4.200363000000000113e+01
4.201126000000000005e+01
4.191208000000000311e+01
4.196549000000000262e+01
4.204558999999999713e+01
4.241561999999999699e+01
4.269791000000000025e+01
4.319382000000000232e+01
4.434203999999999724e+01
4.555129999999999768e+01
4.679108000000000089e+01
4.850388000000000233e+01
5.027008000000000010e+01
5.210112999999999772e+01
5.406569999999999965e+01
5.606842000000000326e+01
5.788040000000000163e+01
5.970763999999999783e+01
6.151962000000000330e+01
6.304932000000000158e+01
6.462479000000000440e+01
6.595229999999999393e+01
6.729506999999999550e+01
6.853485000000000582e+01
6.971358999999999639e+01
7.084274000000000626e+01
7.188415999999999428e+01
7.301712000000000558e+01
7.367324999999999591e+01
7.446671000000000618e+01
7.472229000000000099e+01
7.522200999999999738e+01
7.534027000000000385e+01
7.503891000000000133e+01
7.509995000000000687e+01
7.476806999999999448e+01
7.444382000000000232e+01
7.377242999999999995e+01
7.342910999999999433e+01
7.284927000000000419e+01
7.243729000000000440e+01
7.177352999999999383e+01
7.122039999999999793e+01
7.067489999999999384e+01
6.992340000000000089e+01
6.948090000000000543e+01
6.903458000000000538e+01
6.837845000000000084e+01
6.803512999999999522e+01
6.743240000000000123e+01
6.702042000000000144e+01
6.660842999999999847e+01
6.628418000000000632e+01
6.601333999999999946e+01
6.561660999999999433e+01
6.530762000000000000e+01
6.505203000000000202e+01
6.482314999999999827e+01
6.464005000000000223e+01
6.443023999999999774e+01
6.443404999999999916e+01
6.435775999999999897e+01
6.433105999999999369e+01
6.432724000000000331e+01
6.443023999999999774e+01
6.420135999999999399e+01
6.412506000000000483e+01
6.406784000000000390e+01
6.380080999999999847e+01
6.348418999999999812e+01
6.317139000000000237e+01
6.241989000000000232e+01
6.170273000000000252e+01
6.085204999999999842e+01
5.973816000000000059e+01
5.857849000000000217e+01
5.739594000000000307e+01
5.663300000000000267e+01
5.587769000000000119e+01
5.532836999999999961e+01
5.486679000000000173e+01
5.447005999999999659e+01
5.429077000000000197e+01
5.403519000000000005e+01
5.387496999999999758e+01
5.368041999999999803e+01
5.321502999999999872e+01
5.312346999999999753e+01
5.277633999999999759e+01
5.259705000000000297e+01
5.245971999999999724e+01
5.221175999999999817e+01
5.244445999999999941e+01
5.241013000000000233e+01
5.278777999999999793e+01
5.298996000000000350e+01
5.316543999999999670e+01
5.358124000000000109e+01
5.380631000000000341e+01
5.394362999999999886e+01
5.403519000000000005e+01
5.405044999999999789e+01
5.395508000000000237e+01
5.404663000000000039e+01
5.407332999999999856e+01
5.404663000000000039e+01
5.405044999999999789e+01
5.399322999999999695e+01
5.392837999999999710e+01
5.369185999999999837e+01
5.376433999999999713e+01
5.348586999999999847e+01
5.352783000000000158e+01
5.326462000000000074e+01
5.295562999999999931e+01
5.258178999999999803e+01
5.245971999999999724e+01
5.205536000000000030e+01
5.169295999999999935e+01
5.112075999999999709e+01
5.068970000000000198e+01
5.061722000000000321e+01
5.027008000000000010e+01
4.995727999999999724e+01
4.953383999999999787e+01
4.917907999999999902e+01
4.888535000000000252e+01
4.869080000000000297e+01
4.835128999999999877e+01
4.806136999999999659e+01
4.768753000000000242e+01
4.716872999999999649e+01
4.712295000000000300e+01
4.687500000000000000e+01
4.684067000000000291e+01
4.634476000000000084e+01
4.631804999999999950e+01
4.628753999999999991e+01
4.602051000000000158e+01
4.600524999999999665e+01
4.581450999999999851e+01
4.573058999999999941e+01
4.547881999999999891e+01
4.547500999999999749e+01
4.531096999999999753e+01
4.514694000000000074e+01
4.527664000000000044e+01
4.502868999999999744e+01
4.496383999999999759e+01
4.483413999999999788e+01
4.485320999999999714e+01
4.475784000000000162e+01
4.468918000000000035e+01
4.469680999999999926e+01
4.423140999999999678e+01
4.430008000000000123e+01
4.432296999999999798e+01
4.423140999999999678e+01
4.394912999999999670e+01
4.397964000000000340e+01
4.385376000000000118e+01
4.378128000000000242e+01
4.356383999999999901e+01
4.371262000000000114e+01
4.350661999999999807e+01
4.341888000000000147e+01
4.323958999999999975e+01
4.320526000000000266e+01
4.306412000000000262e+01
4.294586000000000325e+01
4.278182999999999936e+01
4.272460999999999842e+01
4.234313999999999822e+01
4.231262000000000256e+01
4.212570000000000192e+01
4.197693000000000296e+01
4.206466999999999956e+01
4.211043999999999699e+01
4.224777000000000271e+01
4.258346999999999838e+01
4.318619000000000341e+01
4.377747000000000099e+01
4.474640000000000128e+01
4.604339999999999833e+01
4.757690000000000197e+01
4.922485000000000355e+01
5.121231000000000222e+01
5.314636000000000138e+01
5.508803999999999945e+01
5.724334999999999951e+01
5.942916999999999916e+01
6.120682000000000045e+01
6.275177000000000049e+01
6.460190000000000055e+01
6.608580999999999506e+01
6.770324999999999704e+01
6.905746000000000606e+01
7.038879000000000019e+01
7.162475999999999487e+01
7.284163999999999817e+01
7.387161000000000399e+01
7.495879999999999654e+01
7.571411000000000513e+01
7.640076000000000533e+01
7.680512000000000228e+01
7.707214000000000453e+01
7.704162999999999784e+01
7.714081000000000188e+01
7.669449000000000183e+01
7.631682999999999595e+01
7.596206999999999709e+01
7.552338000000000306e+01
7.503891000000000133e+01
7.440567000000000064e+01
7.382965000000000089e+01
7.324599999999999511e+01
7.256699000000000410e+01
7.181167999999999552e+01
7.121657999999999333e+01
7.051085999999999387e+01
6.987000000000000455e+01
6.935882999999999754e+01
6.871032999999999902e+01
6.828690000000000282e+01
6.768035999999999319e+01
6.725692999999999699e+01
6.700897000000000503e+01
6.651688000000000045e+01
6.629180999999999813e+01
6.620789000000000613e+01
6.590270999999999901e+01
6.567763999999999669e+01
6.561279000000000394e+01
6.555176000000000158e+01
6.544875999999999294e+01
6.540299000000000262e+01
6.521988000000000341e+01
6.523895000000000266e+01
6.515121000000000606e+01
6.512451000000000079e+01
6.496810999999999581e+01
6.500625999999999749e+01
6.481552000000000646e+01
6.477356000000000336e+01
6.444168000000000518e+01
6.412887999999999522e+01
6.357574000000000325e+01
6.266402999999999679e+01
6.168366000000000327e+01
6.058883999999999759e+01
5.958939000000000163e+01
5.868529999999999802e+01
5.740738000000000341e+01
5.678940000000000055e+01
5.593108999999999753e+01
5.529784999999999684e+01
5.474853000000000236e+01
5.428314000000000306e+01
5.397034000000000020e+01
5.366516000000000020e+01
5.339813000000000187e+01
5.331038999999999817e+01
5.327224999999999966e+01
5.292510999999999655e+01
5.314636000000000138e+01
5.311966000000000321e+01
5.313492000000000104e+01
5.332184000000000168e+01
5.350876000000000232e+01
5.382918999999999699e+01
5.409241000000000099e+01
5.418395999999999901e+01
5.466080000000000183e+01
5.466843000000000075e+01
5.490874999999999773e+01
5.514144999999999897e+01
5.513382000000000005e+01
5.519485000000000241e+01
5.510329999999999728e+01
5.490494000000000341e+01
5.495833999999999975e+01
5.480575999999999937e+01
5.457686999999999955e+01
5.430984999999999729e+01
5.420302999999999827e+01
5.411529999999999774e+01
5.370331000000000188e+01
5.340194999999999936e+01
5.318451000000000306e+01
5.276870999999999867e+01
5.236435000000000173e+01
5.193710000000000093e+01
5.151366999999999763e+01
5.127716000000000207e+01
5.081557999999999709e+01
5.054091999999999985e+01
5.013275000000000148e+01
4.972075999999999851e+01
4.940796000000000276e+01
4.902266999999999797e+01
4.886245999999999867e+01
4.846954000000000207e+01
4.827118000000000109e+01
4.791640999999999906e+01
4.755019999999999669e+01
4.741286999999999807e+01
4.723358000000000345e+01
4.701995999999999754e+01
4.662704999999999700e+01
4.660797000000000168e+01
4.625319999999999965e+01
4.606627999999999901e+01
4.598617999999999739e+01
4.582596000000000203e+01
4.566573999999999955e+01
4.552841000000000093e+01
4.549027000000000243e+01
4.527664000000000044e+01
4.518126999999999782e+01
4.513168000000000291e+01
4.499054000000000286e+01
4.490279999999999916e+01
4.494095000000000084e+01
4.466628999999999650e+01
4.456329000000000207e+01
4.465865999999999758e+01
4.454039999999999822e+01
4.443359000000000236e+01
4.422377999999999787e+01
4.422760000000000247e+01
4.394149999999999778e+01
4.390717000000000070e+01
4.390717000000000070e+01
4.354858000000000118e+01
4.357146999999999792e+01
4.350661999999999807e+01
4.323958999999999975e+01
4.320526000000000266e+01
4.314804000000000173e+01
4.286574999999999847e+01
4.278564999999999685e+01
4.265594999999999715e+01
4.255675999999999704e+01
4.257965000000000089e+01
4.222487999999999886e+01
4.231262000000000256e+01
4.210280999999999807e+01
4.195403999999999911e+01
4.183579000000000292e+01
4.164504999999999768e+01
4.158402000000000243e+01
4.137420999999999793e+01
4.146576000000000306e+01
4.144286999999999921e+01
4.153824000000000183e+01
4.154587000000000074e+01
4.198837000000000330e+01
4.228972999999999871e+01
4.292678999999999689e+01
4.385376000000000118e+01
4.491042999999999807e+01
4.634476000000000084e+01
4.785918999999999812e+01
4.965590999999999866e+01
5.150986000000000331e+01
5.339432000000000045e+01
5.519866999999999990e+01
5.707549999999999812e+01
5.881499999999999773e+01
6.045150999999999897e+01
6.222153000000000134e+01
6.362534000000000134e+01
6.502532999999999674e+01
6.632613999999999521e+01
6.765747000000000355e+01
6.875610000000000355e+01
6.974791999999999348e+01
7.077407999999999788e+01
7.159041999999999462e+01
7.236481000000000563e+01
7.291411999999999694e+01
7.318115000000000236e+01
7.357407000000000608e+01
7.367705999999999733e+01
7.369613999999999976e+01
7.341003000000000611e+01
7.307434000000000651e+01
7.275009000000000015e+01
7.236862000000000705e+01
7.174683000000000277e+01
7.119750999999999408e+01
7.074356000000000222e+01
7.024002000000000123e+01
6.961441000000000656e+01
6.901550000000000296e+01
6.848144000000000631e+01
6.760787999999999442e+01
6.699370999999999299e+01
6.658553999999999462e+01
6.593703999999999610e+01
6.529236000000000217e+01
6.473541000000000167e+01
6.418228000000000577e+01
6.376265999999999678e+01
6.328963999999999857e+01
6.304932000000000158e+01
6.266022000000000247e+01
6.238174000000000063e+01
6.219100999999999857e+01
6.197357000000000227e+01
6.180953999999999837e+01
6.177521000000000129e+01
6.150435999999999837e+01
6.137084999999999724e+01
6.126404000000000138e+01
6.116485999999999734e+01
6.077956999999999965e+01
6.030655000000000143e+01
6.000900000000000034e+01
5.958176000000000272e+01
5.880736999999999881e+01
5.805969000000000335e+01
5.701064999999999827e+01
5.590820000000000078e+01
5.509949000000000296e+01
5.435562000000000182e+01
5.370331000000000188e+01
5.315780999999999779e+01
5.241774999999999807e+01
5.209351000000000198e+01
5.184935999999999723e+01
5.173111000000000104e+01
5.151366999999999763e+01
5.145644999999999669e+01
5.099869000000000341e+01
5.084228000000000236e+01
5.073546999999999940e+01
5.069733000000000089e+01
5.048752000000000351e+01
5.058670000000000044e+01
5.061339999999999861e+01
5.074309999999999832e+01
5.101395000000000124e+01
5.117797999999999803e+01
5.150222999999999729e+01
5.195998999999999768e+01
5.197525000000000261e+01
5.236435000000000173e+01
5.242157000000000266e+01
5.272292999999999807e+01
5.284118999999999744e+01
5.282211000000000212e+01
5.287552000000000163e+01
5.282592999999999961e+01
5.297852000000000317e+01
5.286789000000000271e+01
5.270004000000000133e+01
5.255127000000000237e+01
5.244827000000000083e+01
5.222321000000000168e+01
5.203627999999999787e+01
5.165482000000000085e+01
5.149840999999999980e+01
5.103683999999999799e+01
5.089188000000000045e+01
5.054091999999999985e+01
5.033492999999999995e+01
5.007553000000000054e+01
4.956054999999999922e+01
4.935455000000000325e+01
4.902266999999999797e+01
4.854964999999999975e+01
4.823684999999999690e+01
4.800795999999999708e+01
4.778289999999999793e+01
4.757690000000000197e+01
4.713821000000000083e+01
4.683684999999999832e+01
4.674148999999999887e+01
4.621887000000000256e+01
4.616165000000000163e+01
4.577637000000000000e+01
4.573440999999999690e+01
4.549407999999999674e+01
4.521179000000000059e+01
4.506302000000000163e+01
4.489135999999999882e+01
4.482650999999999897e+01
4.468536000000000286e+01
4.452514999999999645e+01
4.435347999999999757e+01
4.414748999999999768e+01
4.412841999999999842e+01
4.413604999999999734e+01
4.399490000000000123e+01
4.397964000000000340e+01
4.382323999999999842e+01
4.363251000000000346e+01
4.360961999999999961e+01
4.368209999999999837e+01
4.344939999999999714e+01
4.336547999999999803e+01
4.344939999999999714e+01
4.333877999999999986e+01
4.325484999999999758e+01
4.310989000000000004e+01
4.288483000000000089e+01
4.289627000000000123e+01
4.288101000000000340e+01
4.261397999999999797e+01
4.245758000000000010e+01
4.232788000000000039e+01
4.222870000000000346e+01
4.233550999999999931e+01
4.209136999999999773e+01
4.195403999999999911e+01
4.190444999999999709e+01
4.172896999999999679e+01
4.168319999999999936e+01
4.151153999999999655e+01
4.143142999999999887e+01
4.135513000000000261e+01
4.124831999999999965e+01
4.113007000000000346e+01
4.099654999999999916e+01
4.087447999999999837e+01
4.091644000000000148e+01
4.096222000000000207e+01
4.076003999999999650e+01
4.103470000000000084e+01
4.093169999999999931e+01
4.095078000000000173e+01
4.135132000000000119e+01
4.199219000000000079e+01
4.268645999999999674e+01
4.378128000000000242e+01
4.487991000000000241e+01
4.628753999999999991e+01
4.795456000000000074e+01
4.964829000000000292e+01
5.146027000000000129e+01
5.314254999999999995e+01
5.474472000000000094e+01
5.643845000000000312e+01
5.788803000000000054e+01
5.947493999999999659e+01
6.072997999999999763e+01
6.195067999999999842e+01
6.315230999999999995e+01
6.446456999999999482e+01
6.541061000000000547e+01
6.637954999999999472e+01
6.745148000000000366e+01
6.819916000000000622e+01
6.883620999999999412e+01
6.950378000000000611e+01
6.989288000000000523e+01
7.028579999999999472e+01
7.025909000000000049e+01
7.030867999999999540e+01
7.013321000000000538e+01
6.983185000000000286e+01
6.962584999999999980e+01
6.915282999999999447e+01
6.864548000000000627e+01
6.811905000000000143e+01
6.771088000000000306e+01
6.709290000000000020e+01
6.671904999999999575e+01
6.584929999999999950e+01
6.521988000000000341e+01
6.470870999999999640e+01
6.405639999999999645e+01
6.344223000000000212e+01
6.275558999999999799e+01
6.223678999999999917e+01
6.170653999999999684e+01
6.097030999999999779e+01
6.043625000000000114e+01
5.994033999999999907e+01
5.944442999999999699e+01
5.917739999999999867e+01
5.881119000000000341e+01
5.831909000000000276e+01
5.811310000000000286e+01
5.783462999999999710e+01
5.762863000000000113e+01
5.720139000000000351e+01
5.712127999999999872e+01
5.669402999999999793e+01
5.635833999999999833e+01
5.581284000000000134e+01
5.524063000000000301e+01
5.442047000000000168e+01
5.367278999999999911e+01
5.271148999999999774e+01
5.204390999999999678e+01
5.118560999999999694e+01
5.057907000000000153e+01
4.986954000000000065e+01
4.945374000000000336e+01
4.888152999999999793e+01
4.862212999999999852e+01
4.822921999999999798e+01
4.814529000000000281e+01
4.791259999999999764e+01
4.785155999999999921e+01
4.771804999999999808e+01
4.772948999999999842e+01
4.762648999999999688e+01
4.774857000000000085e+01
4.787825999999999738e+01
4.801941000000000059e+01
4.821396000000000015e+01
4.872131000000000256e+01
4.890442000000000178e+01
4.926299999999999812e+01
4.951476999999999862e+01
4.991913000000000267e+01
5.032348999999999961e+01
5.038071000000000055e+01
5.065155000000000030e+01
5.097579999999999956e+01
5.098342999999999847e+01
5.103683999999999799e+01
5.113219999999999743e+01
5.109787000000000035e+01
5.128479000000000099e+01
5.091094999999999970e+01
5.103302000000000049e+01
5.087279999999999802e+01
5.087279999999999802e+01
5.072784000000000049e+01
5.045318999999999932e+01
5.011748999999999654e+01
4.982757999999999754e+01
4.960251000000000232e+01
4.950713999999999970e+01
4.907607999999999748e+01
4.870224000000000331e+01
4.841995000000000005e+01
4.833603000000000094e+01
4.786681999999999704e+01
4.749298000000000286e+01
4.724884000000000128e+01
4.682921999999999940e+01
4.660797000000000168e+01
4.634094000000000335e+01
4.572296000000000049e+01
4.554749000000000336e+01
4.555129999999999768e+01
4.513931000000000182e+01
4.492569000000000301e+01
4.479599000000000331e+01
4.456710999999999956e+01
4.445647999999999911e+01
4.416655999999999693e+01
4.401015999999999906e+01
4.388427999999999685e+01
4.371643000000000256e+01
4.350661999999999807e+01
4.346466000000000207e+01
4.342651000000000039e+01
4.318999999999999773e+01
4.316711000000000098e+01
4.303359999999999985e+01
4.301834000000000202e+01
4.285430999999999813e+01
4.290008000000000266e+01
4.275513000000000119e+01
4.267882999999999782e+01
4.276657000000000153e+01
4.257965000000000089e+01
4.265975999999999857e+01
4.246139999999999759e+01
4.241179999999999950e+01
4.226303000000000054e+01
4.206466999999999956e+01
4.196929999999999694e+01
4.197310999999999837e+01
4.179764000000000124e+01
4.173660000000000281e+01
4.156875999999999749e+01
4.167557000000000045e+01
4.142761000000000138e+01
4.135513000000000261e+01
4.129791000000000167e+01
4.123306000000000182e+01
4.112624999999999886e+01
4.104995999999999867e+01
4.098510999999999882e+01
4.072570999999999941e+01
4.068375000000000341e+01
4.046631000000000000e+01
4.064177999999999713e+01
4.055785999999999802e+01
4.056929999999999836e+01
4.064177999999999713e+01
4.033279000000000281e+01
4.056929999999999836e+01
4.060745000000000005e+01
4.081345000000000312e+01
4.108046999999999827e+01
4.161453000000000202e+01
4.227065999999999946e+01
4.340361999999999654e+01
4.458236999999999739e+01
4.596329000000000065e+01
4.759978999999999871e+01
4.943466000000000093e+01
5.114365000000000094e+01
5.315780999999999779e+01
5.478667999999999694e+01
5.644608000000000203e+01
5.823134999999999906e+01
5.964278999999999797e+01
6.109237999999999857e+01
6.232833999999999719e+01
6.365585000000000093e+01
6.492233000000000231e+01
6.595229999999999393e+01
6.693268000000000484e+01
6.785965000000000202e+01
6.874084000000000572e+01
6.941985999999999990e+01
7.013702000000000680e+01
7.038115999999999417e+01
7.112121999999999389e+01
7.111740000000000350e+01
7.118607000000000085e+01
7.104111000000000331e+01
7.079314999999999714e+01
7.043837999999999511e+01
7.006073000000000661e+01
6.965636999999999546e+01
6.902312999999999477e+01
6.834029999999999916e+01
6.786727999999999383e+01
6.721877999999999531e+01
6.669616999999999507e+01
6.605530000000000257e+01
6.538391000000000020e+01
6.480025999999999442e+01
6.428145999999999560e+01
6.355286000000000257e+01
6.285477000000000203e+01
6.258010999999999768e+01
6.202698000000000178e+01
6.145096000000000203e+01
6.083679000000000059e+01
6.052779999999999916e+01
6.009673999999999694e+01
5.982970999999999862e+01
5.939101999999999748e+01
5.927658000000000271e+01
5.912017999999999773e+01
5.875777999999999679e+01
5.872726000000000113e+01
5.847549000000000063e+01
5.818939000000000306e+01
5.798720999999999748e+01
5.789947999999999695e+01
5.761719000000000079e+01
5.705261000000000138e+01
5.642699999999999960e+01
5.576706000000000074e+01
5.487060000000000315e+01
5.405807999999999680e+01
5.297469999999999857e+01
5.210495000000000232e+01
5.120468000000000330e+01
5.059051999999999794e+01
4.996871999999999758e+01
4.981613000000000113e+01
4.958344000000000307e+01
4.928206999999999738e+01
4.940413999999999817e+01
4.930496000000000123e+01
4.935074000000000183e+01
4.922867000000000104e+01
4.919814999999999827e+01
4.908371000000000350e+01
4.898071000000000197e+01
4.904556000000000182e+01
4.903793000000000291e+01
4.909897000000000133e+01
4.927445000000000164e+01
4.961014000000000124e+01
4.982757999999999754e+01
4.999924000000000035e+01
5.027770999999999901e+01
5.061722000000000321e+01
5.099869000000000341e+01
5.116653000000000162e+01
5.126572000000000173e+01
5.144501000000000346e+01
5.159758999999999673e+01
5.150222999999999729e+01
5.155944999999999823e+01
5.133820000000000050e+01
5.142211999999999961e+01
5.132674999999999699e+01
5.126189999999999714e+01
5.095673000000000030e+01
5.102158000000000015e+01
5.079269000000000034e+01
5.065155000000000030e+01
5.058288999999999902e+01
5.043030000000000257e+01
5.011748999999999654e+01
4.977416999999999803e+01
4.950713999999999970e+01
4.929352000000000089e+01
4.884720000000000084e+01
4.851149999999999807e+01
4.804610999999999876e+01
4.776764000000000010e+01
4.748534999999999684e+01
4.715729000000000326e+01
4.687500000000000000e+01
4.632950000000000301e+01
4.624557999999999680e+01
4.587174000000000262e+01
4.567719000000000307e+01
4.536437999999999704e+01
4.515838999999999714e+01
4.488754000000000133e+01
4.461670000000000158e+01
4.455566000000000315e+01
4.440688999999999709e+01
4.420089999999999719e+01
4.411316000000000059e+01
4.393386999999999887e+01
4.375838999999999857e+01
4.368972999999999729e+01
4.370116999999999763e+01
4.374313000000000073e+01
4.352188000000000301e+01
4.347991999999999990e+01
4.336166000000000054e+01
4.335403000000000162e+01
4.328537000000000035e+01
4.327393000000000001e+01
4.327011000000000251e+01
4.317092999999999847e+01
4.298019000000000034e+01
4.282379000000000246e+01
4.291534000000000049e+01
4.290771999999999764e+01
4.259872000000000014e+01
4.265975999999999857e+01
4.263687000000000182e+01
4.242325000000000301e+01
4.228591999999999729e+01
4.224013999999999669e+01
4.212189000000000050e+01
4.199981999999999971e+01
4.195785999999999660e+01
4.186249000000000109e+01
4.164504999999999768e+01
4.173279000000000138e+01
4.144286999999999921e+01
4.137420999999999793e+01
4.139327999999999719e+01
4.111861999999999995e+01
4.102324999999999733e+01
4.095459000000000316e+01
4.099654999999999916e+01
4.082108000000000203e+01
4.091644000000000148e+01
4.100800000000000267e+01
4.109573000000000320e+01
4.157256999999999891e+01
4.185486000000000217e+01
4.273987000000000336e+01
4.355621000000000009e+01
4.479979999999999762e+01
4.618453999999999837e+01
4.761887000000000114e+01
4.943466000000000093e+01
5.132674999999999699e+01
5.324553999999999832e+01
5.509566999999999837e+01
5.690001999999999782e+01
5.862044999999999817e+01
6.020736999999999739e+01
6.167602999999999724e+01
6.311417000000000144e+01
6.440734999999999388e+01
6.559372000000000469e+01
6.671904999999999575e+01
6.795120000000000005e+01
6.893157999999999674e+01
6.983947999999999467e+01
7.072830000000000439e+01
7.117843999999999482e+01
7.180022999999999911e+01
7.247543000000000291e+01
7.245636000000000365e+01
7.265471999999999753e+01
7.254410000000000025e+01
7.225037000000000376e+01
7.195282000000000266e+01
7.164002000000000692e+01
7.111359000000000208e+01
7.064055999999999358e+01
7.005692000000000519e+01
6.954574999999999818e+01
6.901931999999999334e+01
6.843567000000000178e+01
6.782150000000000034e+01
6.730652000000000612e+01
6.669235000000000468e+01
6.610488999999999749e+01
6.562424000000000035e+01
6.507492000000000587e+01
6.461715999999999838e+01
6.406403000000000247e+01
6.358337000000000216e+01
6.331633999999999673e+01
6.288147000000000020e+01
6.246947999999999723e+01
6.219863999999999749e+01
6.193160999999999916e+01
6.163024999999999665e+01
6.143189000000000277e+01
6.126785000000000281e+01
6.109237999999999857e+01
6.088638000000000261e+01
6.095504999999999995e+01
6.072997999999999763e+01
6.055832000000000193e+01
6.042479999999999762e+01
6.006240999999999985e+01
5.986023000000000138e+01
5.939865000000000350e+01
5.886458999999999975e+01
5.816268999999999778e+01
5.740738000000000341e+01
5.645369999999999777e+01
5.541991999999999763e+01
5.427550999999999704e+01
5.335616999999999877e+01
5.271148999999999774e+01
5.200957999999999970e+01
5.157851999999999748e+01
5.134964000000000084e+01
5.130767999999999773e+01
5.113219999999999743e+01
5.110931000000000068e+01
5.101395000000000124e+01
5.099869000000000341e+01
5.075836000000000325e+01
5.070114000000000232e+01
5.058288999999999902e+01
5.050278000000000134e+01
5.064392000000000138e+01
5.058670000000000044e+01
5.071640000000000015e+01
5.088806000000000296e+01
5.123901000000000039e+01
5.162429999999999808e+01
5.168533000000000044e+01
5.207442999999999955e+01
5.226135000000000019e+01
5.242920000000000158e+01
5.251693999999999818e+01
5.248642000000000252e+01
5.270385999999999882e+01
5.268860000000000099e+01
5.252837999999999852e+01
5.237198000000000064e+01
5.226897999999999911e+01
5.224609000000000236e+01
5.223465000000000202e+01
5.208588000000000306e+01
5.187606999999999857e+01
5.175018000000000029e+01
5.139923000000000286e+01
5.159378000000000242e+01
5.112075999999999709e+01
5.093383999999999645e+01
5.046081000000000216e+01
5.042266999999999655e+01
4.999161000000000143e+01
4.959105999999999881e+01
4.927062999999999704e+01
4.906081999999999965e+01
4.859161000000000286e+01
4.823302999999999940e+01
4.803847999999999985e+01
4.759597999999999729e+01
4.743195000000000050e+01
4.701995999999999754e+01
4.653549000000000291e+01
4.623413000000000039e+01
4.608153999999999684e+01
4.591751000000000005e+01
4.557419000000000153e+01
4.533767999999999887e+01
4.514694000000000074e+01
4.508971999999999980e+01
4.488372999999999990e+01
4.473494999999999777e+01
4.454802999999999713e+01
4.435730000000000217e+01
4.429625999999999664e+01
4.413985999999999876e+01
4.414368000000000336e+01
4.382323999999999842e+01
4.406738000000000000e+01
4.383469000000000193e+01
4.380416999999999916e+01
4.364777000000000129e+01
4.375457999999999714e+01
4.368209999999999837e+01
4.338454999999999728e+01
4.351044000000000267e+01
4.325484999999999758e+01
4.342269999999999897e+01
4.315185000000000315e+01
4.316329999999999956e+01
4.307938000000000045e+01
4.288483000000000089e+01
4.296112000000000108e+01
4.285430999999999813e+01
4.262924000000000291e+01
4.260634999999999906e+01
4.253388000000000346e+01
4.248046999999999684e+01
4.236984000000000350e+01
4.231262000000000256e+01
4.217148000000000252e+01
4.197310999999999837e+01
4.188918999999999926e+01
4.182815999999999690e+01
4.174804999999999922e+01
4.143524000000000029e+01
4.158402000000000243e+01
4.139710000000000178e+01
4.165267999999999660e+01
4.146956999999999738e+01
4.164124000000000336e+01
4.204941000000000173e+01
4.252242999999999995e+01
4.346847000000000349e+01
4.459380999999999773e+01
4.559707999999999828e+01
4.718780000000000285e+01
4.884720000000000084e+01
5.074309999999999832e+01
5.259322999999999837e+01
5.445862000000000336e+01
5.651854999999999762e+01
5.810927999999999827e+01
5.984877999999999787e+01
6.136321999999999832e+01
6.311417000000000144e+01
6.430817000000000405e+01
6.578064000000000533e+01
6.706619000000000597e+01
6.816863999999999635e+01
6.924438000000000670e+01
7.037354000000000553e+01
7.122803000000000395e+01
7.215117999999999654e+01
7.277679000000000542e+01
7.332993000000000450e+01
7.378768999999999778e+01
7.402419999999999334e+01
7.412337999999999738e+01
7.410811999999999955e+01
7.381820999999999344e+01
7.349777000000000271e+01
7.307053000000000509e+01
7.268905999999999779e+01
7.216643999999999437e+01
7.172393999999999892e+01
7.110595999999999606e+01
7.056807999999999481e+01
7.020950000000000557e+01
6.956100000000000705e+01
6.909560999999999353e+01
6.847763000000000488e+01
6.780624000000000251e+01
6.747436999999999330e+01
6.681441999999999837e+01
6.642914000000000385e+01
6.590653000000000361e+01
6.555557000000000301e+01
6.507872999999999308e+01
6.465148999999999546e+01
6.442261000000000593e+01
6.409835999999999956e+01
6.407165999999999428e+01
6.371688999999999936e+01
6.368636999999999659e+01
6.351089000000000340e+01
6.329726999999999748e+01
6.314468000000000103e+01
6.293106000000000222e+01
6.294632000000000005e+01
6.272887999999999664e+01
6.275177000000000049e+01
6.242370999999999981e+01
6.232451999999999970e+01
6.218719999999999715e+01
6.188201999999999714e+01
6.156539999999999679e+01
6.066895000000000238e+01
5.977248999999999768e+01
5.869292999999999694e+01
5.755996999999999986e+01
5.644989000000000345e+01
5.560302999999999685e+01
5.466461000000000325e+01
5.408859000000000350e+01
5.372619999999999862e+01
5.345917000000000030e+01
5.350113000000000341e+01
5.324172999999999689e+01
5.327606000000000108e+01
5.305481000000000336e+01
5.271148999999999774e+01
5.260085999999999729e+01
5.242920000000000158e+01
5.210112999999999772e+01
5.210875999999999664e+01
5.188369999999999749e+01
5.192947000000000202e+01
5.204773000000000138e+01
5.225372000000000128e+01
5.256653000000000020e+01
5.274582000000000193e+01
5.314636000000000138e+01
5.355834999999999724e+01
5.378341999999999956e+01
5.366134999999999877e+01
5.389403999999999684e+01
5.396271000000000129e+01
5.379104999999999848e+01
5.381011999999999773e+01
5.373763999999999896e+01
5.370331000000000188e+01
5.342101999999999862e+01
5.342864999999999753e+01
5.336379999999999768e+01
5.334853999999999985e+01
5.314254999999999995e+01
5.302047999999999917e+01
5.288315000000000055e+01
5.241774999999999807e+01
5.229950000000000188e+01
5.182265999999999906e+01
5.157851999999999748e+01
5.108261000000000251e+01
5.076980999999999966e+01
5.037308000000000163e+01
4.998015999999999792e+01
4.962921000000000049e+01
4.934691999999999723e+01
4.907990000000000208e+01
4.877089999999999748e+01
4.855346999999999724e+01
4.832840000000000202e+01
4.790115000000000123e+01
4.771423000000000059e+01
4.745483000000000118e+01
4.727172999999999803e+01
4.663466999999999985e+01
4.640198000000000178e+01
4.629135000000000133e+01
4.608153999999999684e+01
4.584503000000000128e+01
4.580306999999999817e+01
4.565811000000000064e+01
4.553603999999999985e+01
4.524231000000000336e+01
4.531860000000000355e+01
4.515838999999999714e+01
4.499434999999999718e+01
4.500198000000000320e+01
4.475021000000000271e+01
4.468155000000000143e+01
4.473114000000000345e+01
4.456329000000000207e+01
4.453658999999999679e+01
4.457854999999999990e+01
4.442215000000000202e+01
4.425811999999999813e+01
4.431915000000000049e+01
4.394149999999999778e+01
4.402161000000000257e+01
4.388045999999999935e+01
4.391098000000000212e+01
4.373931999999999931e+01
4.372023999999999688e+01
4.365540000000000020e+01
4.353332000000000335e+01
4.343413999999999930e+01
4.343795999999999680e+01
4.317855999999999739e+01
4.336928999999999945e+01
4.308319000000000187e+01
4.288483000000000089e+01
4.284667999999999921e+01
4.265975999999999857e+01
4.256439000000000306e+01
4.236984000000000350e+01
4.217528999999999684e+01
4.228972999999999871e+01
4.214477999999999724e+01
4.212570000000000192e+01
4.235457999999999856e+01
4.246520999999999901e+01
4.281998000000000104e+01
4.349517999999999773e+01
4.431533999999999907e+01
4.555129999999999768e+01
4.696273999999999660e+01
4.863358000000000203e+01
5.035399999999999920e+01
5.229567999999999728e+01
5.430984999999999729e+01
5.627823000000000064e+01
5.819702000000000197e+01
6.005859000000000236e+01
6.173324999999999818e+01
6.341170999999999935e+01
6.506347999999999843e+01
6.659317000000000064e+01
6.803893999999999664e+01
6.927872000000000696e+01
7.039642000000000621e+01
7.181929999999999836e+01
7.274245999999999412e+01
7.368469000000000335e+01
7.454680999999999358e+01
7.521819999999999595e+01
7.584762999999999522e+01
7.599258000000000379e+01
7.632065000000000055e+01
7.624434999999999718e+01
7.596587999999999852e+01
7.569504000000000588e+01
7.536315999999999349e+01
7.490921000000000163e+01
7.441330000000000666e+01
7.400131000000000370e+01
7.345963000000000420e+01
7.273102000000000089e+01
7.224654999999999916e+01
7.159805000000000064e+01
7.108307000000000642e+01
7.028198000000000434e+01
6.972884999999999422e+01
6.919478999999999758e+01
6.867217999999999734e+01
6.815337999999999852e+01
6.782532000000000494e+01
6.741715000000000657e+01
6.704330000000000211e+01
6.678009000000000128e+01
6.639099000000000217e+01
6.602858999999999412e+01
6.568527000000000271e+01
6.546783000000000641e+01
6.537247000000000696e+01
6.526184000000000651e+01
6.533432000000000528e+01
6.517409999999999570e+01
6.519698999999999955e+01
6.526184000000000651e+01
6.522750999999999522e+01
6.492233000000000231e+01
6.490326000000000306e+01
6.470489000000000601e+01
6.447220000000000084e+01
6.425857000000000596e+01
6.384277000000000157e+01
6.338501000000000118e+01
6.274033000000000015e+01
6.233214999999999861e+01
6.155395999999999646e+01
6.063842999999999961e+01
5.970763999999999783e+01
5.863571000000000311e+01
5.769729999999999848e+01
5.693816999999999950e+01
5.607985999999999649e+01
5.548476999999999748e+01
5.466843000000000075e+01
5.446625000000000227e+01
5.417251999999999867e+01
5.381774999999999665e+01
5.378341999999999956e+01
5.354690999999999690e+01
5.355834999999999724e+01
5.332184000000000168e+01
5.322646999999999906e+01
5.310058999999999685e+01
5.321502999999999872e+01
5.338669000000000153e+01
5.355454000000000292e+01
5.368041999999999803e+01
5.404663000000000039e+01
5.427550999999999704e+01
5.456542999999999921e+01
5.478667999999999694e+01
5.490874999999999773e+01
5.495833999999999975e+01
5.513763000000000147e+01
5.512236999999999654e+01
5.513000000000000256e+01
5.495833999999999975e+01
5.485916000000000281e+01
5.483626999999999896e+01
5.469512999999999892e+01
5.454635999999999996e+01
5.430602999999999980e+01
5.418777999999999651e+01
5.401230000000000331e+01
5.385589999999999833e+01
5.365753000000000128e+01
5.326843000000000217e+01
5.281830000000000069e+01
5.258178999999999803e+01
5.213546999999999798e+01
5.179214000000000340e+01
5.144881999999999778e+01
5.089950999999999937e+01
5.071640000000000015e+01
5.026245000000000118e+01
4.985808999999999713e+01
4.955292000000000030e+01
4.925918999999999670e+01
4.901885999999999655e+01
4.869843000000000188e+01
4.849625000000000341e+01
4.826355000000000217e+01
4.789733999999999980e+01
4.767609000000000208e+01
4.745864999999999867e+01
4.723740000000000094e+01
4.696273999999999660e+01
4.678726000000000340e+01
4.657363999999999749e+01
4.634476000000000084e+01
4.621506000000000114e+01
4.616546999999999912e+01
4.587935999999999837e+01
4.606246999999999758e+01
4.600524999999999665e+01
4.580689000000000277e+01
4.571152000000000015e+01
4.566955999999999705e+01
4.548644999999999783e+01
4.548644999999999783e+01
4.534530999999999779e+01
4.516602000000000317e+01
4.506302000000000163e+01
4.492569000000000301e+01
4.485703000000000173e+01
4.500961000000000212e+01
4.489135999999999882e+01
4.462433000000000050e+01
4.477309999999999945e+01
4.450607000000000113e+01
4.441452000000000311e+01
4.436874000000000251e+01
4.405212000000000216e+01
4.404068000000000183e+01
4.387664999999999793e+01
4.381560999999999950e+01
4.376984000000000208e+01
4.352188000000000301e+01
4.345703000000000316e+01
4.335403000000000162e+01
4.320145000000000124e+01
4.297256999999999749e+01
4.301453000000000060e+01
4.270553999999999917e+01
4.259490999999999872e+01
4.240035999999999916e+01
4.234694999999999965e+01
4.214095999999999975e+01
4.206848000000000098e+01
4.210663000000000267e+01
4.224013999999999669e+01
4.233169999999999789e+01
4.278945999999999827e+01
4.338454999999999728e+01
4.421997000000000355e+01
4.558563000000000187e+01
4.708480999999999739e+01
4.882430999999999699e+01
5.066680999999999813e+01
5.261612000000000222e+01
5.462646999999999764e+01
5.661392000000000024e+01
5.856705000000000183e+01
6.042099000000000331e+01
6.248093000000000075e+01
6.381607000000000340e+01
6.548690999999999462e+01
6.710053000000000623e+01
6.832886000000000593e+01
7.003403000000000134e+01
7.118224999999999625e+01
7.237624999999999886e+01
7.342529000000000394e+01
7.436370999999999754e+01
7.515335000000000321e+01
7.586669999999999447e+01
7.621384000000000469e+01
7.653046000000000504e+01
7.662582000000000448e+01
7.646178999999999348e+01
7.633208999999999378e+01
7.586669999999999447e+01
7.551193000000000666e+01
7.488631999999999778e+01
7.426071000000000311e+01
7.379532000000000380e+01
7.321930000000000405e+01
7.238007000000000346e+01
7.185363999999999862e+01
7.117081000000000301e+01
7.041549999999999443e+01
6.964493000000000222e+01
6.897353999999999985e+01
6.838226000000000226e+01
6.792449999999999477e+01
6.730270000000000152e+01
6.682205000000000439e+01
6.646347000000000094e+01
6.597136999999999318e+01
6.570435000000000514e+01
6.528472999999999615e+01
6.501006999999999891e+01
6.482697000000000287e+01
6.476592999999999734e+01
6.454467999999999961e+01
6.454085999999999501e+01
6.452942000000000178e+01
6.440353000000000350e+01
6.474303999999999348e+01
6.459045000000000414e+01
6.441879000000000133e+01
6.441115999999999531e+01
6.415939000000000192e+01
6.419373000000000218e+01
6.381226000000000198e+01
6.359481999999999857e+01
6.309127999999999759e+01
6.253432999999999709e+01
6.187057999999999680e+01
6.094360000000000355e+01
5.992125999999999664e+01
5.890655000000000285e+01
5.793381000000000114e+01
5.677031999999999812e+01
5.614090000000000202e+01
5.545425000000000182e+01
5.475234999999999985e+01
5.427170000000000272e+01
5.382918999999999699e+01
5.366897999999999769e+01
5.324553999999999832e+01
5.298615000000000208e+01
5.279921999999999827e+01
5.245971999999999724e+01
5.243683000000000050e+01
5.245589999999999975e+01
5.236052999999999713e+01
5.226897999999999911e+01
5.231475999999999971e+01
5.253220000000000312e+01
5.269622999999999990e+01
5.294800000000000040e+01
5.330277000000000243e+01
5.348205999999999705e+01
5.379485999999999990e+01
5.389023000000000252e+01
5.411910999999999916e+01
5.427933000000000163e+01
5.443954999999999700e+01
5.445862000000000336e+01
5.441666000000000025e+01
5.447769000000000261e+01
5.419539999999999935e+01
5.399322999999999695e+01
5.382155999999999807e+01
5.370331000000000188e+01
5.345154000000000138e+01
5.309676999999999936e+01
5.293654999999999688e+01
5.251693999999999818e+01
5.241774999999999807e+01
5.204010000000000247e+01
5.178450999999999738e+01
5.122757000000000005e+01
5.089569000000000187e+01
5.069351000000000340e+01
5.016326999999999714e+01
5.009841999999999729e+01
4.948807000000000045e+01
4.939269999999999783e+01
4.911422999999999917e+01
4.848098999999999847e+01
4.841613999999999862e+01
4.796218999999999966e+01
4.774094000000000193e+01
4.738235000000000241e+01
4.727935999999999694e+01
4.696273999999999660e+01
4.661941000000000201e+01
4.649352999999999980e+01
4.631804999999999950e+01
4.614258000000000237e+01
4.594039999999999679e+01
4.587554999999999694e+01
4.557800000000000296e+01
4.562758999999999787e+01
4.538345000000000340e+01
4.525374999999999659e+01
4.498671999999999827e+01
4.495620999999999867e+01
4.483794999999999931e+01
4.466628999999999650e+01
4.471206999999999709e+01
4.453278000000000247e+01
4.454422000000000281e+01
4.443740999999999985e+01
4.427718999999999738e+01
4.429625999999999664e+01
4.417419000000000295e+01
4.387664999999999793e+01
4.408646000000000242e+01
4.379654000000000025e+01
4.364014000000000237e+01
4.344939999999999714e+01
4.360199000000000069e+01
4.343413999999999930e+01
4.331589000000000311e+01
4.307175000000000153e+01
4.289627000000000123e+01
