6.373214999999999719e+01
6.335067999999999699e+01
6.302261000000000024e+01
6.277465999999999724e+01
6.258391999999999911e+01
6.233977999999999753e+01
6.203079000000000320e+01
6.193923999999999808e+01
6.166458000000000084e+01
6.132506999999999664e+01
6.138611000000000217e+01
6.118773999999999802e+01
6.094742000000000104e+01
6.081009000000000242e+01
6.063461000000000212e+01
6.053542999999999807e+01
6.044006000000000256e+01
6.021880999999999773e+01
6.036757999999999669e+01
6.017685000000000173e+01
5.999374000000000251e+01
5.991745000000000232e+01
5.989074999999999704e+01
5.979919000000000295e+01
5.972290000000000276e+01
5.976104999999999734e+01
5.986786000000000030e+01
5.968093999999999966e+01
5.971146000000000242e+01
5.953217000000000070e+01
5.957793999999999812e+01
5.955886999999999887e+01
5.957412999999999670e+01
5.956268000000000029e+01
5.935287000000000290e+01
5.935669000000000040e+01
5.939484000000000208e+01
5.934143000000000256e+01
5.941391000000000133e+01
5.936813000000000073e+01
5.927277000000000129e+01
5.929184000000000054e+01
5.932999000000000223e+01
5.917739999999999867e+01
5.916976999999999975e+01
5.911254999999999882e+01
5.923843000000000103e+01
5.896759000000000128e+01
5.892181000000000068e+01
5.903625000000000256e+01
5.889130000000000109e+01
5.868148999999999660e+01
5.869292999999999694e+01
5.864334000000000202e+01
5.870819000000000187e+01
5.852508000000000266e+01
5.840682999999999936e+01
5.833053999999999917e+01
5.820083999999999946e+01
5.825043000000000148e+01
5.804061999999999699e+01
5.815888000000000346e+01
5.801773000000000025e+01
5.789184999999999803e+01
5.784226000000000312e+01
5.776214999999999833e+01
5.776595999999999975e+01
5.762100000000000222e+01
5.731201000000000079e+01
5.728911999999999694e+01
5.707932000000000272e+01
5.714417000000000257e+01
5.699920999999999793e+01
5.681228999999999729e+01
5.665207000000000193e+01
5.652237000000000222e+01
5.646132999999999669e+01
5.632018999999999664e+01
5.623245000000000005e+01
5.608749000000000251e+01
5.596542000000000172e+01
5.602646000000000015e+01
5.590057000000000187e+01
5.573272999999999655e+01
5.582428000000000168e+01
5.591201999999999828e+01
5.625914999999999822e+01
5.678558000000000305e+01
5.721663999999999817e+01
5.800247000000000241e+01
5.877685000000000315e+01
5.971909000000000134e+01
6.065368999999999744e+01
6.188582999999999856e+01
6.310654000000000252e+01
6.435012999999999295e+01
6.554031000000000518e+01
6.687546000000000390e+01
6.792449999999999477e+01
6.930159999999999343e+01
7.053757000000000232e+01
7.185363999999999862e+01
7.315444999999999709e+01
7.434081999999999368e+01
7.551574999999999704e+01
7.663727000000000089e+01
7.763671999999999684e+01
7.863997999999999422e+01
7.954025000000000034e+01
8.024596999999999980e+01
8.110428000000000281e+01
8.168411000000000399e+01
8.232880000000000109e+01
8.295059000000000538e+01
8.348465000000000202e+01
8.395004000000000133e+01
8.456038999999999817e+01
8.509826999999999941e+01
8.586120999999999981e+01
8.641052000000000533e+01
8.693313999999999453e+01
8.764266999999999541e+01
8.832169000000000381e+01
8.877182000000000528e+01
8.948897999999999797e+01
9.002684999999999604e+01
9.057236000000000331e+01
9.100342000000000553e+01
9.146500000000000341e+01
9.179688000000000159e+01
9.225463999999999487e+01
9.248351999999999862e+01
9.263992000000000360e+01
9.284972999999999388e+01
9.307479999999999620e+01
9.302902000000000271e+01
9.275436000000000547e+01
9.260178000000000509e+01
9.222030999999999779e+01
9.171295000000000641e+01
9.095763999999999783e+01
9.018326000000000420e+01
8.927155000000000484e+01
8.842086999999999364e+01
8.713912999999999442e+01
8.607863999999999294e+01
8.490752999999999417e+01
8.378982000000000596e+01
8.273696999999999946e+01
8.178710999999999842e+01
8.091353999999999758e+01
8.005523999999999774e+01
7.895278999999999314e+01
7.817077999999999349e+01
7.718658000000000641e+01
7.643509000000000242e+01
7.559203999999999724e+01
7.492446999999999946e+01
7.419204999999999472e+01
7.341765999999999792e+01
7.276917000000000257e+01
7.215500000000000114e+01
7.136154000000000508e+01
7.102203000000000088e+01
7.043076000000000647e+01
6.999587999999999965e+01
6.944656000000000518e+01
6.920242000000000360e+01
6.884002999999999872e+01
6.845856000000000563e+01
6.803131000000000483e+01
6.783675999999999817e+01
6.742476999999999521e+01
6.707000999999999635e+01
6.670380000000000109e+01
6.631851000000000340e+01
6.600951999999999487e+01
6.570816000000000656e+01
6.529617000000000360e+01
6.508254999999999768e+01
6.469727000000000317e+01
6.435393999999999437e+01
6.413649999999999807e+01
6.385040000000000049e+01
6.360625999999999891e+01
6.336975000000000335e+01
6.312180000000000035e+01
6.297684000000000282e+01
6.275177000000000049e+01
6.250000000000000000e+01
6.233597000000000321e+01
6.212997000000000014e+01
6.186675999999999931e+01
6.177902000000000271e+01
6.161117999999999739e+01
6.159591999999999956e+01
6.145859000000000094e+01
6.138611000000000217e+01
6.108474999999999966e+01
6.110381999999999891e+01
6.103134000000000015e+01
6.093216000000000321e+01
6.089401000000000153e+01
6.089401000000000153e+01
6.068039000000000271e+01
6.074141999999999797e+01
6.052017000000000024e+01
6.056595000000000084e+01
6.043625000000000114e+01
6.045150999999999897e+01
6.035233000000000203e+01
6.021500000000000341e+01
6.037140000000000128e+01
6.047440000000000282e+01
6.027221999999999724e+01
6.031799000000000177e+01
6.034087999999999852e+01
6.033706999999999709e+01
6.035994999999999777e+01
6.029892000000000252e+01
6.029128999999999650e+01
6.024933000000000050e+01
6.016922000000000281e+01
6.028365999999999758e+01
6.008529999999999660e+01
6.007385000000000019e+01
6.000900000000000034e+01
5.989074999999999704e+01
5.995940999999999832e+01
6.012725999999999971e+01
5.970000999999999891e+01
5.983353000000000321e+01
5.967712000000000216e+01
5.970000999999999891e+01
5.952835000000000321e+01
5.931853999999999871e+01
5.929184000000000054e+01
5.923843000000000103e+01
5.934906000000000148e+01
5.892562999999999818e+01
5.912017999999999773e+01
5.892562999999999818e+01
5.889511000000000251e+01
5.886840999999999724e+01
5.873870999999999754e+01
5.863953000000000060e+01
5.847167999999999921e+01
5.838776000000000010e+01
5.838394000000000261e+01
5.815124999999999744e+01
5.799866000000000099e+01
5.792235999999999763e+01
5.788421999999999912e+01
5.754088999999999743e+01
5.749893000000000143e+01
5.720139000000000351e+01
5.722809000000000168e+01
5.699539000000000044e+01
5.697632000000000119e+01
5.673217999999999961e+01
5.665970000000000084e+01
5.660629000000000133e+01
5.649566999999999695e+01
5.649947999999999837e+01
5.643845000000000312e+01
5.663300000000000267e+01
5.667114000000000118e+01
5.697632000000000119e+01
5.749130000000000251e+01
5.820083999999999946e+01
5.916214000000000084e+01
5.998230000000000217e+01
6.085204999999999842e+01
6.217193999999999932e+01
6.337357000000000085e+01
6.470108000000000459e+01
6.605147999999999797e+01
6.729125999999999408e+01
6.853866999999999621e+01
7.003784000000000276e+01
7.127379999999999427e+01
7.262802000000000646e+01
7.408523999999999887e+01
7.501220999999999606e+01
7.646178999999999348e+01
7.767104999999999393e+01
7.875441999999999609e+01
7.989502000000000237e+01
8.090972999999999615e+01
8.178328999999999382e+01
8.239364999999999384e+01
8.305358999999999980e+01
8.389664000000000499e+01
8.459472999999999843e+01
8.519745000000000346e+01
8.589553999999999689e+01
8.648681999999999448e+01
8.703231999999999857e+01
8.777236999999999512e+01
8.849335000000000662e+01
8.908080999999999960e+01
8.990479000000000553e+01
9.052276999999999418e+01
9.123229999999999507e+01
9.212493999999999517e+01
9.253310999999999353e+01
9.331511999999999318e+01
9.387969999999999970e+01
9.460448999999999842e+01
9.500884999999999536e+01
9.543228000000000577e+01
9.596251999999999782e+01
9.613800000000000523e+01
9.627532999999999674e+01
9.654236000000000217e+01
9.651946999999999832e+01
9.650803000000000509e+01
9.635925000000000296e+01
9.627151000000000636e+01
9.591293000000000291e+01
9.536361999999999739e+01
9.480285999999999547e+01
9.402084000000000685e+01
9.323120000000000118e+01
9.220504999999999995e+01
9.127808000000000277e+01
9.011459000000000685e+01
8.874512000000000000e+01
8.748245000000000005e+01
8.620453000000000543e+01
8.502579000000000065e+01
8.381653000000000020e+01
8.273696999999999946e+01
8.160399999999999920e+01
8.060455000000000325e+01
7.963179999999999836e+01
7.866669000000000267e+01
7.777786000000000399e+01
7.703018000000000143e+01
7.608795000000000641e+01
7.533646000000000242e+01
7.454300000000000637e+01
7.391738999999999749e+01
7.315825999999999851e+01
7.261657999999999902e+01
7.205581999999999709e+01
7.148743000000000336e+01
7.102203000000000088e+01
7.071304000000000656e+01
7.047652999999999679e+01
6.990050999999999704e+01
6.962584999999999980e+01
6.932448999999999728e+01
6.885909999999999798e+01
6.862640000000000384e+01
6.832504000000000133e+01
6.807326999999999373e+01
6.758118000000000336e+01
6.741333000000000197e+01
6.696701000000000192e+01
6.666564999999999941e+01
6.641388000000000602e+01
6.629561999999999955e+01
6.590653000000000361e+01
6.555557000000000301e+01
6.539154000000000622e+01
6.512069999999999936e+01
6.502151000000000636e+01
6.479263000000000261e+01
6.468963999999999714e+01
6.434631000000000256e+01
6.410217000000000098e+01
6.393433000000000277e+01
6.383896000000000015e+01
6.366729999999999734e+01
6.355286000000000257e+01
6.333541999999999916e+01
6.330490000000000350e+01
6.303023999999999916e+01
6.298447000000000173e+01
6.274795000000000300e+01
6.279755000000000109e+01
6.274414000000000158e+01
6.270598999999999990e+01
6.246947999999999723e+01
6.246184999999999832e+01
6.239699999999999847e+01
6.241608000000000089e+01
6.231689999999999685e+01
6.217193999999999932e+01
6.233597000000000321e+01
6.223678999999999917e+01
6.212615999999999872e+01
6.202315999999999718e+01
6.195830999999999733e+01
6.209946000000000055e+01
6.182860999999999763e+01
6.190872000000000241e+01
6.195450000000000301e+01
6.186294999999999789e+01
6.185913000000000039e+01
6.184006000000000114e+01
6.178665000000000163e+01
6.196213000000000193e+01
6.172180000000000177e+01
6.180190999999999946e+01
6.160735999999999990e+01
6.158447000000000315e+01
6.157303000000000281e+01
6.154632999999999754e+01
6.126785000000000281e+01
6.139755000000000251e+01
6.105803999999999832e+01
6.106186000000000291e+01
6.087111999999999767e+01
6.097793999999999670e+01
6.079482999999999748e+01
6.064224000000000103e+01
6.065368999999999744e+01
6.051254000000000133e+01
6.036757999999999669e+01
6.033324999999999960e+01
6.032562000000000069e+01
6.013870000000000005e+01
5.992125999999999664e+01
5.984497000000000355e+01
5.972670999999999708e+01
5.958939000000000163e+01
5.954742000000000246e+01
5.934523999999999688e+01
5.919265999999999650e+01
5.908203000000000316e+01
5.890274000000000143e+01
5.884933999999999799e+01
5.855942000000000291e+01
5.846023999999999887e+01
5.827712999999999965e+01
5.820846999999999838e+01
5.795288000000000039e+01
5.794144000000000005e+01
5.767058999999999713e+01
5.766295999999999822e+01
5.751800999999999675e+01
5.758666999999999803e+01
5.729294000000000153e+01
5.734633999999999787e+01
5.750274999999999892e+01
5.755234000000000094e+01
5.789947999999999695e+01
5.821990999999999872e+01
5.885314999999999941e+01
5.962371999999999872e+01
6.046676999999999680e+01
6.155395999999999646e+01
6.285477000000000203e+01
6.400679999999999836e+01
6.534194999999999709e+01
6.663513000000000375e+01
6.798935000000000173e+01
6.965636999999999546e+01
7.077407999999999788e+01
7.212448000000000548e+01
7.362747000000000241e+01
7.487105999999999995e+01
7.622910000000000252e+01
7.745743000000000222e+01
7.874679999999999325e+01
7.996750000000000114e+01
8.105468999999999369e+01
8.208083999999999492e+01
8.288192999999999699e+01
8.386230999999999369e+01
8.471680000000000632e+01
8.535004000000000701e+01
8.613967999999999847e+01
8.691787999999999670e+01
8.741759999999999309e+01
8.820342999999999734e+01
8.900833000000000084e+01
8.967972000000000321e+01
9.037780999999999665e+01
9.137726000000000681e+01
9.202194000000000074e+01
9.280396000000000356e+01
9.376143999999999323e+01
9.442520000000000380e+01
9.512328999999999724e+01
9.587860000000000582e+01
9.646224999999999739e+01
9.720611999999999853e+01
9.785842999999999847e+01
9.820556999999999448e+01
9.872817999999999472e+01
9.916687000000000296e+01
9.936141999999999541e+01
9.965134000000000469e+01
9.971237000000000705e+01
9.973906999999999812e+01
9.965515000000000612e+01
9.947204999999999586e+01
9.930038999999999305e+01
9.881973000000000695e+01
9.817122999999999422e+01
9.744262999999999408e+01
9.672545999999999822e+01
9.569549999999999557e+01
9.459305000000000518e+01
9.358597000000000321e+01
9.233474999999999966e+01
9.103394000000000119e+01
8.971405000000000030e+01
8.825683999999999685e+01
8.681870000000000687e+01
8.565520999999999674e+01
8.447266000000000474e+01
8.325576999999999828e+01
8.228301999999999339e+01
8.104706000000000188e+01
8.025741999999999621e+01
7.914351999999999521e+01
7.835769999999999413e+01
7.741546999999999912e+01
7.659530999999999779e+01
7.579802999999999713e+01
7.514571999999999719e+01
7.456588999999999601e+01
7.384872000000000014e+01
7.329178000000000281e+01
7.290268000000000370e+01
7.249069000000000074e+01
7.194518999999999664e+01
7.167052999999999940e+01
7.126236000000000104e+01
7.089995999999999299e+01
7.052231000000000449e+01
7.037735000000000696e+01
7.004165999999999315e+01
6.990433000000000163e+01
6.958388999999999669e+01
6.910323999999999955e+01
6.896972999999999843e+01
6.869888000000000261e+01
6.844710999999999501e+01
6.818389999999999418e+01
6.785201999999999600e+01
6.756210000000000093e+01
6.726837000000000444e+01
6.702423000000000286e+01
6.703949000000000069e+01
6.670380000000000109e+01
6.636428999999999689e+01
6.637954999999999472e+01
6.624222000000000321e+01
6.605530000000000257e+01
6.568527000000000271e+01
6.560898000000000252e+01
6.528091000000000577e+01
6.521605999999999881e+01
6.529236000000000217e+01
6.504822000000000060e+01
6.478118999999999517e+01
6.489181000000000665e+01
6.462096999999999980e+01
6.450271999999999650e+01
6.458664000000000271e+01
6.438827000000000567e+01
6.429291000000000622e+01
6.428145999999999560e+01
6.411742999999999881e+01
6.402588000000000079e+01
6.409835999999999956e+01
6.392287999999999926e+01
6.403351000000000681e+01
6.380843999999999738e+01
6.373214999999999719e+01
6.380843999999999738e+01
6.367873999999999768e+01
6.364059000000000310e+01
6.371307000000000187e+01
6.352615000000000123e+01
6.357574000000000325e+01
6.341170999999999935e+01
6.326294000000000040e+01
6.332397000000000276e+01
6.327056999999999931e+01
6.317519999999999669e+01
6.311034999999999684e+01
6.305695000000000050e+01
6.298064999999999714e+01
6.301498000000000133e+01
6.279755000000000109e+01
6.279372999999999649e+01
6.273651000000000266e+01
6.259917999999999694e+01
6.248855999999999966e+01
6.242752000000000123e+01
6.226729999999999876e+01
6.226729999999999876e+01
6.204605000000000103e+01
6.196213000000000193e+01
6.187438999999999822e+01
6.166458000000000084e+01
6.155013999999999896e+01
6.151962000000000330e+01
6.138228999999999758e+01
6.117249000000000336e+01
6.109619000000000000e+01
6.111907999999999674e+01
6.085204999999999842e+01
6.083297999999999917e+01
6.058883999999999759e+01
6.052779999999999916e+01
6.047057999999999822e+01
6.033324999999999960e+01
6.023787999999999698e+01
6.015014999999999645e+01
5.990218999999999738e+01
5.970383000000000351e+01
5.955505000000000138e+01
5.935669000000000040e+01
5.907822000000000173e+01
5.896377999999999986e+01
5.873870999999999754e+01
5.862044999999999817e+01
5.846023999999999887e+01
5.831145999999999674e+01
5.810164999999999935e+01
5.809020999999999901e+01
5.808258000000000010e+01
5.817031999999999670e+01
5.828475999999999857e+01
5.835723999999999734e+01
5.898284999999999911e+01
5.947493999999999659e+01
6.029128999999999650e+01
6.124497000000000213e+01
6.220244999999999891e+01
6.357193000000000183e+01
6.496048000000000400e+01
6.631470000000000198e+01
6.763457999999999970e+01
6.912994000000000483e+01
7.056807999999999481e+01
7.186508000000000607e+01
7.351303000000000054e+01
7.492446999999999946e+01
7.654953000000000429e+01
7.779312000000000182e+01
7.937622000000000355e+01
8.060836999999999364e+01
8.205031999999999925e+01
8.289718999999999482e+01
8.411025999999999669e+01
8.504485999999999990e+01
8.605194000000000187e+01
8.697127999999999304e+01
8.776474000000000331e+01
8.853149000000000513e+01
8.936691000000000429e+01
8.987807999999999709e+01
9.087752999999999304e+01
9.157180999999999926e+01
9.258651999999999305e+01
9.333800999999999704e+01
9.402846999999999866e+01
9.485245000000000459e+01
9.571456999999999482e+01
9.670257999999999754e+01
9.763335999999999615e+01
9.830855999999999995e+01
9.908294999999999675e+01
9.981154999999999688e+01
1.005745000000000005e+02
1.010589999999999975e+02
1.018371999999999957e+02
1.021346999999999952e+02
1.026115000000000066e+02
1.029625000000000057e+02
1.032219000000000051e+02
1.033286999999999978e+02
1.035233000000000061e+02
1.033744999999999976e+02
1.032639000000000067e+02
1.028404000000000025e+02
1.025580999999999960e+02
1.020545999999999935e+02
1.014518999999999949e+02
1.006774999999999949e+02
9.980011000000000365e+01
9.869384999999999764e+01
9.745789000000000613e+01
9.617233000000000231e+01
9.481811999999999330e+01
9.337233999999999412e+01
9.181976000000000226e+01
9.042358000000000118e+01
8.889007999999999754e+01
8.755875000000000341e+01
8.623505000000000109e+01
8.494948999999999728e+01
8.364867999999999881e+01
8.284377999999999531e+01
8.169937000000000182e+01
8.054733000000000231e+01
7.962798999999999694e+01
7.877349999999999852e+01
7.798766999999999427e+01
7.705688000000000670e+01
7.657241999999999393e+01
7.575988999999999862e+01
7.503508999999999673e+01
7.460402999999999452e+01
7.408905000000000030e+01
7.375336000000000070e+01
7.341384999999999650e+01
7.294464000000000681e+01
7.263947000000000287e+01
7.252120999999999640e+01
7.204437000000000069e+01
7.183455999999999619e+01
7.172775000000000034e+01
7.135773000000000366e+01
7.114791999999999916e+01
7.097625999999999635e+01
7.053374999999999773e+01
7.052231000000000449e+01
7.019423999999999353e+01
6.980513999999999442e+01
6.970596000000000458e+01
6.935882999999999754e+01
6.920623999999999398e+01
6.890488000000000568e+01
6.866074000000000410e+01
6.850051999999999452e+01
6.836700000000000443e+01
6.813048999999999467e+01
6.787490999999999985e+01
6.770705999999999847e+01
6.745910999999999547e+01
6.732940999999999576e+01
6.722641000000000133e+01
6.694411999999999807e+01
6.697463999999999373e+01
6.671904999999999575e+01
6.645965999999999951e+01
6.643295000000000528e+01
6.653976000000000113e+01
6.621550999999999476e+01
6.608199999999999363e+01
6.604385000000000616e+01
6.606673999999999580e+01
6.577300999999999931e+01
6.584929999999999950e+01
6.570053000000000054e+01
6.591796999999999684e+01
6.550979999999999848e+01
6.560134999999999650e+01
6.547545999999999822e+01
6.549835000000000207e+01
6.535720999999999492e+01
6.530379999999999541e+01
6.512833000000000538e+01
6.520081000000000415e+01
6.515883999999999787e+01
6.499099999999999966e+01
6.504439999999999600e+01
6.497955000000000325e+01
6.501389000000000351e+01
6.482314999999999827e+01
6.479644999999999300e+01
6.467819000000000074e+01
6.460571000000000197e+01
6.437301999999999680e+01
6.435012999999999295e+01
6.427764999999999418e+01
6.417464999999999975e+01
6.410980000000000700e+01
6.405258000000000607e+01
6.388855000000000217e+01
6.376265999999999678e+01
6.356810999999999723e+01
6.362915000000000276e+01
6.324004999999999654e+01
6.304549999999999699e+01
6.298447000000000173e+01
6.279755000000000109e+01
6.270980999999999739e+01
6.247711000000000325e+01
6.232070999999999827e+01
6.219863999999999749e+01
6.204605000000000103e+01
6.195450000000000301e+01
6.176758000000000237e+01
6.161117999999999739e+01
6.139755000000000251e+01
6.142425999999999675e+01
6.124497000000000213e+01
6.102371000000000123e+01
6.095504999999999995e+01
6.077956999999999965e+01
6.068039000000000271e+01
6.031036000000000286e+01
6.019973999999999847e+01
5.998230000000000217e+01
5.966949000000000325e+01
5.944060999999999950e+01
5.934143000000000256e+01
5.924605999999999995e+01
5.903244000000000113e+01
5.878067000000000064e+01
5.861663999999999675e+01
5.852508000000000266e+01
5.832291000000000025e+01
5.823516999999999655e+01
5.817031999999999670e+01
5.804442999999999842e+01
5.821609999999999729e+01
5.834197999999999951e+01
5.878067000000000064e+01
5.941391000000000133e+01
6.015778000000000247e+01
6.118773999999999802e+01
6.230163999999999902e+01
6.342696999999999719e+01
6.471251999999999782e+01
6.605530000000000257e+01
6.747436999999999330e+01
6.878661999999999921e+01
7.028960999999999615e+01
7.166671999999999798e+01
7.311629999999999541e+01
7.455062999999999818e+01
7.609176999999999680e+01
7.744217000000000439e+01
7.868576000000000192e+01
7.999801999999999680e+01
8.124924000000000035e+01
8.243179000000000656e+01
8.356856999999999402e+01
8.468246000000000606e+01
8.553695999999999344e+01
8.642578000000000316e+01
8.721541999999999462e+01
8.795547999999999433e+01
8.871841000000000577e+01
8.950806000000000040e+01
9.024429000000000656e+01
9.091567999999999472e+01
9.170532000000000039e+01
9.237671000000000276e+01
9.342955999999999506e+01
9.421538999999999930e+01
9.505463000000000306e+01
9.605407999999999902e+01
9.674454000000000065e+01
9.760284000000000049e+01
9.817886000000000024e+01
9.891128999999999394e+01
9.960174999999999557e+01
1.001358000000000033e+02
1.006966000000000037e+02
1.012535000000000025e+02
1.014633000000000038e+02
1.017836999999999961e+02
1.018562000000000012e+02
1.019172999999999973e+02
1.019859000000000009e+02
1.018486000000000047e+02
1.017379999999999995e+02
1.012725999999999971e+02
1.009177999999999997e+02
1.003151000000000010e+02
9.957504000000000133e+01
9.883880999999999517e+01
9.782410000000000139e+01
9.669875999999999294e+01
9.534453999999999496e+01
9.397124999999999773e+01
9.268569999999999709e+01
9.115981999999999630e+01
8.975220000000000198e+01
8.821487000000000478e+01
8.687972999999999502e+01
8.557129000000000474e+01
8.427048000000000627e+01
8.303069999999999595e+01
8.187484999999999502e+01
8.079147000000000389e+01
7.982254000000000360e+01
7.882308999999999344e+01
7.785415999999999315e+01
7.711029000000000622e+01
7.640457000000000676e+01
7.567215000000000202e+01
7.478333000000000652e+01
7.431793000000000404e+01
7.370377000000000578e+01
7.313537999999999784e+01
7.263564999999999827e+01
7.218551999999999680e+01
7.197571000000000652e+01
7.151793999999999585e+01
7.123184000000000538e+01
7.086181999999999448e+01
7.051848999999999990e+01
7.023238999999999521e+01
6.993103000000000691e+01
6.961441000000000656e+01
6.919861000000000217e+01
6.908798000000000172e+01
6.869124999999999659e+01
6.854630000000000223e+01
6.826782000000000039e+01
6.788634999999999309e+01
6.770705999999999847e+01
6.740188999999999453e+01
6.716155999999999437e+01
6.681824000000000296e+01
6.675338999999999601e+01
6.658172999999999320e+01
6.620407000000000153e+01
6.615067000000000519e+01
6.585312000000000410e+01
6.565856999999999744e+01
6.553267999999999915e+01
6.538773000000000479e+01
6.517792000000000030e+01
6.528091000000000577e+01
6.513595999999999719e+01
6.500625999999999749e+01
6.473923000000000627e+01
6.481933999999999685e+01
6.464767999999999404e+01
6.460571000000000197e+01
6.453323000000000320e+01
6.439589999999999748e+01
6.438827000000000567e+01
6.438446000000000424e+01
6.415175999999999590e+01
6.406020999999999788e+01
6.389999000000000251e+01
6.399918000000000262e+01
6.396865999999999985e+01
6.393433000000000277e+01
6.363678000000000168e+01
6.375502999999999787e+01
6.360244999999999749e+01
6.348801000000000272e+01
6.341170999999999935e+01
6.339264000000000010e+01
6.315612999999999744e+01
6.330872000000000099e+01
6.309508999999999901e+01
6.317139000000000237e+01
6.310271999999999792e+01
6.290053999999999945e+01
6.299972000000000349e+01
6.280518000000000001e+01
6.274795000000000300e+01
6.256103000000000236e+01
6.259154999999999802e+01
6.257247999999999877e+01
6.232833999999999719e+01
6.235123000000000104e+01
6.225204999999999700e+01
6.222916000000000025e+01
6.215285999999999689e+01
6.197357000000000227e+01
6.188582999999999856e+01
6.176758000000000237e+01
6.168746999999999758e+01
6.164551000000000158e+01
6.144333000000000311e+01
6.145859000000000094e+01
6.106949000000000183e+01
6.110000999999999749e+01
6.098557000000000272e+01
6.071090999999999838e+01
6.062317000000000178e+01
6.054688000000000159e+01
6.041718000000000188e+01
6.007766999999999769e+01
6.008910999999999802e+01
5.979155999999999693e+01
5.982207999999999970e+01
5.959320000000000306e+01
5.924987999999999744e+01
5.902481000000000222e+01
5.892562999999999818e+01
5.870438000000000045e+01
5.871200999999999937e+01
5.839157000000000153e+01
5.825043000000000148e+01
5.811690999999999718e+01
5.782318000000000069e+01
5.781174000000000035e+01
5.760956000000000188e+01
5.754088999999999743e+01
5.738830999999999705e+01
5.721282999999999674e+01
5.726624000000000336e+01
5.750274999999999892e+01
5.753708000000000311e+01
5.811690999999999718e+01
5.843352999999999753e+01
5.910110000000000241e+01
5.981063999999999936e+01
6.068419999999999703e+01
6.177902000000000271e+01
6.272124999999999773e+01
6.388472999999999757e+01
6.504822000000000060e+01
6.602097000000000548e+01
6.721496999999999389e+01
6.848144000000000631e+01
6.972884999999999422e+01
7.098770000000000380e+01
7.209778000000000020e+01
7.342529000000000394e+01
7.452011000000000251e+01
7.569504000000000588e+01
7.674407999999999674e+01
7.758713000000000193e+01
7.886504999999999654e+01
7.949828999999999724e+01
8.031463999999999714e+01
8.108521000000000356e+01
8.186722000000000321e+01
8.238219999999999743e+01
8.292770000000000152e+01
8.356094000000000221e+01
8.391190000000000282e+01
8.464050000000000296e+01
8.518981999999999744e+01
8.568192000000000519e+01
8.641052000000000533e+01
8.696365000000000123e+01
8.740997000000000128e+01
8.814620999999999640e+01
8.873367000000000360e+01
8.931350999999999374e+01
8.964539000000000613e+01
9.020614999999999384e+01
9.058762000000000114e+01
9.091186999999999330e+01
9.134673999999999694e+01
9.174347000000000207e+01
9.199523999999999546e+01
9.219741999999999393e+01
9.220504999999999995e+01
9.216689999999999827e+01
9.203338999999999714e+01
9.156417999999999324e+01
9.131622000000000128e+01
9.078597999999999502e+01
9.003449000000000524e+01
8.923721000000000458e+01
8.825302000000000646e+01
8.733368000000000109e+01
8.611297999999999320e+01
8.524321999999999377e+01
8.423233000000000459e+01
8.327866000000000213e+01
8.235550000000000637e+01
8.139419999999999789e+01
8.043671000000000504e+01
7.962036000000000513e+01
7.889175000000000182e+01
7.817458999999999492e+01
7.725142999999999915e+01
7.652282999999999902e+01
7.575988999999999862e+01
7.490921000000000163e+01
7.423400999999999783e+01
7.371520999999999901e+01
7.299423000000000172e+01
7.246779999999999688e+01
7.174683000000000277e+01
7.135390999999999906e+01
7.086181999999999448e+01
7.038879000000000019e+01
7.002258000000000493e+01
6.956862999999999886e+01
6.913756999999999664e+01
6.878661999999999921e+01
6.823730999999999369e+01
6.800842000000000098e+01
6.759644000000000119e+01
6.711196999999999946e+01
6.662368999999999630e+01
6.619643999999999551e+01
6.592560000000000286e+01
6.569289999999999452e+01
6.528853999999999758e+01
6.483840999999999610e+01
6.460190000000000055e+01
6.423950000000000671e+01
6.375122000000000355e+01
6.371307000000000187e+01
6.337357000000000085e+01
6.302642999999999773e+01
6.294250000000000256e+01
6.257247999999999877e+01
6.243515000000000015e+01
6.210327000000000197e+01
6.199264999999999759e+01
6.188582999999999856e+01
6.152344000000000079e+01
6.140518000000000143e+01
6.134033000000000158e+01
6.118773999999999802e+01
6.109619000000000000e+01
6.085967999999999734e+01
6.085204999999999842e+01
6.068039000000000271e+01
6.058502000000000010e+01
6.069946000000000197e+01
6.050110000000000099e+01
6.040955000000000297e+01
6.028748000000000218e+01
6.038665999999999912e+01
6.014632999999999896e+01
6.003571000000000168e+01
6.009293000000000262e+01
6.014251999999999754e+01
5.996323000000000292e+01
6.006622000000000128e+01
5.989838000000000306e+01
5.989455999999999847e+01
5.988692999999999955e+01
5.990601000000000198e+01
5.983353000000000321e+01
5.968475000000000108e+01
5.968856999999999857e+01
5.982589999999999719e+01
5.970000999999999891e+01
5.968475000000000108e+01
5.964661000000000257e+01
5.967331000000000074e+01
5.955505000000000138e+01
5.955505000000000138e+01
5.963897999999999655e+01
5.955123999999999995e+01
5.939865000000000350e+01
5.927658000000000271e+01
5.932236000000000331e+01
5.930709999999999837e+01
5.920409999999999684e+01
5.920792000000000144e+01
5.922317000000000320e+01
5.900574000000000296e+01
5.899047999999999803e+01
5.889893000000000001e+01
5.881119000000000341e+01
5.880355999999999739e+01
5.876541000000000281e+01
5.860137999999999892e+01
5.849074999999999847e+01
5.844879000000000246e+01
5.821990999999999872e+01
5.821609999999999729e+01
5.801391999999999882e+01
5.797576999999999714e+01
5.789184999999999803e+01
5.782318000000000069e+01
5.767058999999999713e+01
5.756378000000000128e+01
5.764770999999999646e+01
5.734633999999999787e+01
5.702210000000000178e+01
5.693435999999999808e+01
5.696106000000000336e+01
5.667877000000000010e+01
5.662917999999999807e+01
5.643845000000000312e+01
5.642318999999999818e+01
5.616378999999999877e+01
5.611037999999999926e+01
5.612183000000000277e+01
5.593491000000000213e+01
5.587386999999999659e+01
5.607605000000000217e+01
5.608749000000000251e+01
5.627441000000000315e+01
5.639647999999999683e+01
5.678940000000000055e+01
5.739211999999999847e+01
5.809783999999999793e+01
5.905151000000000039e+01
5.985640999999999678e+01
6.095886000000000138e+01
6.211090000000000089e+01
6.351089000000000340e+01
6.470489000000000601e+01
6.576537999999999329e+01
6.725692999999999699e+01
6.840515000000000612e+01
6.963348000000000582e+01
7.103347999999999729e+01
7.225418000000000518e+01
7.343674000000000035e+01
7.472992000000000701e+01
7.571030000000000371e+01
7.682036999999999694e+01
7.779312000000000182e+01
7.879256999999999778e+01
7.962417999999999552e+01
8.048247999999999536e+01
8.115004999999999313e+01
8.176803999999999917e+01
8.234404999999999575e+01
8.279036999999999580e+01
8.340453999999999724e+01
8.404160000000000252e+01
8.459090999999999383e+01
8.526610999999999763e+01
8.575057999999999936e+01
8.629989999999999384e+01
8.710860999999999876e+01
8.769226000000000454e+01
8.817291000000000167e+01
8.892059000000000424e+01
8.956528000000000134e+01
9.011459000000000685e+01
9.053803000000000623e+01
9.115219000000000449e+01
9.143066000000000315e+01
9.194565000000000055e+01
9.242629999999999768e+01
9.261704000000000292e+01
9.279250999999999294e+01
9.280396000000000356e+01
9.300995000000000346e+01
9.278106999999999971e+01
9.260178000000000509e+01
9.240722999999999843e+01
9.206009000000000242e+01
9.125900000000000034e+01
9.076309000000000538e+01
8.988190000000000168e+01
8.884811000000000547e+01
8.799362000000000705e+01
8.671950999999999965e+01
8.569716999999999985e+01
8.460997999999999308e+01
8.346175999999999817e+01
8.261870999999999299e+01
8.149719000000000335e+01
8.053588999999999487e+01
7.958983999999999526e+01
7.879639000000000237e+01
7.776260000000000616e+01
7.709884999999999877e+01
7.640457000000000676e+01
7.551193000000000666e+01
7.480240000000000578e+01
7.390212999999999965e+01
7.328414999999999679e+01
7.271957000000000448e+01
7.203673999999999467e+01
7.139969000000000676e+01
7.070159999999999911e+01
7.033920000000000528e+01
7.000351000000000568e+01
6.956862999999999886e+01
6.907653999999999428e+01
6.869124999999999659e+01
6.837081999999999482e+01
6.797409000000000390e+01
6.744002999999999304e+01
6.724930000000000518e+01
6.695175000000000409e+01
6.662749999999999773e+01
6.622315000000000396e+01
6.591415000000000646e+01
6.559753000000000611e+01
6.518555000000000632e+01
6.490326000000000306e+01
6.452942000000000178e+01
6.427383000000000379e+01
6.399918000000000262e+01
6.390762000000000143e+01
6.353759999999999764e+01
6.338118999999999659e+01
6.303786999999999807e+01
6.285858000000000345e+01
6.273651000000000266e+01
6.236267000000000138e+01
6.232451999999999970e+01
6.219100999999999857e+01
6.186294999999999789e+01
6.174468999999999852e+01
6.172943000000000069e+01
6.145096000000000203e+01
6.140137000000000000e+01
6.125641000000000247e+01
6.130980999999999881e+01
6.112671000000000276e+01
6.108093000000000217e+01
6.092452999999999719e+01
6.076050000000000040e+01
6.068419999999999703e+01
6.060027999999999793e+01
6.062317000000000178e+01
6.058883999999999759e+01
6.059646999999999650e+01
6.049347000000000207e+01
6.062317000000000178e+01
6.056595000000000084e+01
6.052017000000000024e+01
6.045913999999999788e+01
6.043242999999999654e+01
6.040572999999999837e+01
6.032180999999999926e+01
6.034087999999999852e+01
6.040191999999999695e+01
6.038665999999999912e+01
6.048964999999999748e+01
6.028748000000000218e+01
6.019973999999999847e+01
6.015014999999999645e+01
6.005096000000000345e+01
6.000137000000000143e+01
5.997847999999999757e+01
6.000900000000000034e+01
5.990982000000000340e+01
5.992508000000000123e+01
5.972290000000000276e+01
5.965805000000000291e+01
5.973053000000000168e+01
5.952454000000000178e+01
5.944442999999999699e+01
5.940628000000000242e+01
5.945206000000000301e+01
5.939484000000000208e+01
5.897903000000000162e+01
5.915451000000000192e+01
5.907439999999999714e+01
5.897903000000000162e+01
5.901718000000000330e+01
5.887221999999999866e+01
5.881119000000000341e+01
5.867766999999999911e+01
5.847167999999999921e+01
5.838013000000000119e+01
5.838013000000000119e+01
5.813980000000000103e+01
5.800247000000000241e+01
5.798720999999999748e+01
5.797957999999999856e+01
5.770492999999999739e+01
5.756759999999999877e+01
5.743789999999999907e+01
5.714417000000000257e+01
5.714034999999999798e+01
5.706405999999999779e+01
5.677414000000000271e+01
5.668258999999999759e+01
5.656432999999999822e+01
5.661010999999999882e+01
5.636596999999999724e+01
5.646515000000000128e+01
5.648803999999999803e+01
5.644608000000000203e+01
5.678940000000000055e+01
5.664824999999999733e+01
5.739594000000000307e+01
5.783462999999999710e+01
5.868529999999999802e+01
5.953598000000000212e+01
6.064605999999999852e+01
6.180953999999999837e+01
6.296920999999999680e+01
6.418228000000000577e+01
6.550979999999999848e+01
6.686020000000000607e+01
6.815720000000000312e+01
6.954574999999999818e+01
7.088469999999999516e+01
7.215117999999999654e+01
7.346725000000000705e+01
7.489395000000000380e+01
7.592772999999999683e+01
7.721329000000000065e+01
7.829285000000000139e+01
7.943725999999999487e+01
8.042525999999999442e+01
8.127975000000000705e+01
8.201218000000000075e+01
8.283615000000000350e+01
8.351897999999999911e+01
8.401488999999999407e+01
8.483123999999999398e+01
8.558272999999999797e+01
8.613967999999999847e+01
8.683395000000000152e+01
8.734511999999999432e+01
8.804321000000000197e+01
8.874893000000000143e+01
8.967208999999999719e+01
9.036254999999999882e+01
9.111404000000000281e+01
9.170914000000000499e+01
9.258270000000000266e+01
9.299469000000000563e+01
9.362030000000000030e+01
9.426117000000000701e+01
9.464645000000000152e+01
9.513473999999999364e+01
9.553528000000000020e+01
9.586715999999999838e+01
9.615707000000000448e+01
9.635925000000000296e+01
9.643173000000000172e+01
9.622574000000000183e+01
9.626389000000000351e+01
9.602356000000000336e+01
9.581757000000000346e+01
9.527588000000000079e+01
9.478759999999999764e+01
9.415816999999999837e+01
9.330750000000000455e+01
9.224701000000000306e+01
9.105301000000000045e+01
9.024048000000000513e+01
8.900833000000000084e+01
8.763123000000000218e+01
8.633041000000000054e+01
8.520888999999999669e+01
8.389282000000000039e+01
8.288573999999999842e+01
8.173369999999999891e+01
8.075333000000000538e+01
7.976532000000000266e+01
7.873153999999999542e+01
7.788085999999999842e+01
7.705688000000000670e+01
7.616424999999999557e+01
7.543182000000000187e+01
7.459641000000000588e+01
7.386397999999999797e+01
7.324218999999999369e+01
7.250594999999999857e+01
7.209395999999999560e+01
7.149886999999999659e+01
7.101439999999999486e+01
7.052993999999999630e+01
7.022095000000000198e+01
6.976318000000000552e+01
6.944656000000000518e+01
6.933593999999999369e+01
6.885147000000000617e+01
6.855011000000000365e+01
6.834029999999999916e+01
6.800842000000000098e+01
6.764983999999999753e+01
6.738281000000000631e+01
6.715774999999999295e+01
6.653594999999999970e+01
6.641007000000000460e+01
6.614685000000000059e+01
6.592177999999999827e+01
6.556701999999999941e+01
6.541823999999999728e+01
6.516266000000000247e+01
6.498717999999999506e+01
6.471251999999999782e+01
6.447601000000000226e+01
6.441497999999999990e+01
6.426238999999999635e+01
6.404495000000000005e+01
6.386184999999999690e+01
6.370544000000000295e+01
6.365966999999999842e+01
6.341170999999999935e+01
6.311798000000000286e+01
6.305313000000000301e+01
6.301498000000000133e+01
6.270980999999999739e+01
6.296157999999999788e+01
6.265258999999999645e+01
6.270217999999999847e+01
6.255722000000000094e+01
6.243896999999999764e+01
6.251144000000000034e+01
6.225966999999999985e+01
6.225585999999999842e+01
6.220244999999999891e+01
6.230926999999999794e+01
6.216431000000000040e+01
6.208420000000000272e+01
6.214905000000000257e+01
6.211471999999999838e+01
6.197738999999999976e+01
6.205749999999999744e+01
6.192016999999999882e+01
6.196594000000000335e+01
6.203842000000000212e+01
6.192016999999999882e+01
6.170653999999999684e+01
6.172943000000000069e+01
6.173705999999999960e+01
6.187438999999999822e+01
6.166458000000000084e+01
6.148528999999999911e+01
6.159973000000000098e+01
6.157303000000000281e+01
6.142806999999999817e+01
6.140518000000000143e+01
6.124877999999999645e+01
6.119536999999999694e+01
6.096267999999999887e+01
6.087874999999999659e+01
6.088257000000000119e+01
6.087494000000000227e+01
6.060410000000000252e+01
6.058883999999999759e+01
6.041335999999999729e+01
6.033706999999999709e+01
6.029128999999999650e+01
6.014251999999999754e+01
6.017302999999999713e+01
6.000900000000000034e+01
5.971146000000000242e+01
5.977631000000000228e+01
5.948639000000000010e+01
5.950164999999999793e+01
5.942154000000000025e+01
5.933762000000000114e+01
5.919646999999999792e+01
5.899428999999999945e+01
5.886077999999999832e+01
5.868148999999999660e+01
5.852890000000000015e+01
5.823134999999999906e+01
5.825806000000000040e+01
5.790328999999999837e+01
5.800247000000000241e+01
5.773543999999999699e+01
5.752181999999999817e+01
5.746459999999999724e+01
5.743789999999999907e+01
5.710220000000000340e+01
5.729294000000000153e+01
5.731963999999999970e+01
5.737304999999999922e+01
5.755234000000000094e+01
5.772399999999999665e+01
5.830002000000000351e+01
5.914307000000000158e+01
5.992508000000000123e+01
6.090926999999999936e+01
6.204605000000000103e+01
6.323241999999999763e+01
6.438827000000000567e+01
6.596375000000000455e+01
6.715012000000000114e+01
6.842803999999999576e+01
6.980513999999999442e+01
7.126236000000000104e+01
7.261657999999999902e+01
7.390976000000000568e+01
7.532501000000000602e+01
7.644271999999999423e+01
7.767867999999999995e+01
7.899857000000000085e+01
8.013152999999999793e+01
8.122634999999999650e+01
8.227539000000000158e+01
8.318710000000000093e+01
8.393097000000000207e+01
8.466720999999999719e+01
8.540725999999999374e+01
8.600235000000000696e+01
8.676148000000000593e+01
8.746338000000000079e+01
8.824921000000000504e+01
8.892059000000000424e+01
8.954619999999999891e+01
9.055710000000000548e+01
9.136199999999999477e+01
9.202957000000000676e+01
9.280396000000000356e+01
9.357833999999999719e+01
9.441756999999999778e+01
9.518050999999999817e+01
9.581757000000000346e+01
9.646224999999999739e+01
9.714888999999999442e+01
9.773636000000000479e+01
9.823226999999999975e+01
9.862518000000000029e+01
9.889983999999999753e+01
9.920120000000000005e+01
9.948349000000000331e+01
9.958648999999999774e+01
9.948730999999999369e+01
9.941101000000000454e+01
9.918594000000000221e+01
9.886551000000000045e+01
