5.181884999999999764e+01
5.167007000000000261e+01
5.136871000000000009e+01
5.125809000000000282e+01
5.132294000000000267e+01
5.129241999999999990e+01
5.088042999999999694e+01
5.094910000000000139e+01
5.091857999999999862e+01
5.060576999999999970e+01
5.071640000000000015e+01
5.052566000000000201e+01
5.035018999999999778e+01
5.027389999999999759e+01
5.026626999999999867e+01
5.001068000000000069e+01
4.988479999999999848e+01
4.973221000000000203e+01
4.959105999999999881e+01
4.943466000000000093e+01
4.924774000000000029e+01
4.912948999999999700e+01
4.871750000000000114e+01
4.873275999999999897e+01
4.854202000000000083e+01
4.853439000000000192e+01
4.848098999999999847e+01
4.850388000000000233e+01
4.829406999999999783e+01
4.836272999999999911e+01
4.806136999999999659e+01
4.818343999999999738e+01
4.810332999999999970e+01
4.830169999999999675e+01
4.878235000000000099e+01
4.974746999999999986e+01
5.073928999999999689e+01
5.200576999999999828e+01
5.379867999999999739e+01
5.552291999999999916e+01
5.706405999999999779e+01
5.893706999999999852e+01
6.049728000000000350e+01
6.183623999999999654e+01
6.338118999999999659e+01
6.478499999999999659e+01
6.591796999999999684e+01
6.677245999999999526e+01
6.766128999999999394e+01
6.839752000000000010e+01
6.869507000000000119e+01
6.917571999999999832e+01
6.953812000000000637e+01
6.988143999999999778e+01
7.001877000000000351e+01
7.029724000000000217e+01
7.041168000000000404e+01
7.060622999999999649e+01
7.093048000000000286e+01
7.120514000000000010e+01
7.150269000000000119e+01
7.164382999999999413e+01
7.217789000000000499e+01
7.262421000000000504e+01
7.318877999999999417e+01
7.363129000000000701e+01
7.423018999999999323e+01
7.473372999999999422e+01
7.526398000000000366e+01
7.593155000000000143e+01
7.659148999999999319e+01
7.723235999999999990e+01
7.799912000000000489e+01
7.859038999999999930e+01
7.937622000000000355e+01
7.968139999999999645e+01
8.023071000000000197e+01
8.080673000000000172e+01
8.104323999999999728e+01
8.138657000000000608e+01
8.148955999999999733e+01
8.152770999999999901e+01
8.175278000000000134e+01
8.173752000000000351e+01
8.128737999999999886e+01
8.109664999999999679e+01
8.066939999999999600e+01
8.029555999999999472e+01
7.954407000000000494e+01
7.862471999999999639e+01
7.793807999999999936e+01
7.683944999999999936e+01
7.561874000000000251e+01
7.439422999999999320e+01
7.305907999999999447e+01
7.203292999999999324e+01
7.118607000000000085e+01
7.018662000000000489e+01
6.978606999999999516e+01
6.916428000000000509e+01
6.868362000000000478e+01
6.841277999999999793e+01
6.830214999999999748e+01
6.788634999999999309e+01
6.748581000000000074e+01
6.730652000000000612e+01
6.707381999999999778e+01
6.671904999999999575e+01
6.661987000000000592e+01
6.641388000000000602e+01
6.628037000000000489e+01
6.615448000000000661e+01
6.598282000000000380e+01
6.581116000000000099e+01
6.559372000000000469e+01
6.527329000000000292e+01
6.486511000000000138e+01
6.451035000000000252e+01
6.407546999999999571e+01
6.373595999999999862e+01
6.347274999999999778e+01
6.277083999999999975e+01
6.234360000000000213e+01
6.180572999999999695e+01
6.132506999999999664e+01
6.071471999999999980e+01
6.018448000000000064e+01
5.987930000000000064e+01
5.939484000000000208e+01
5.916214000000000084e+01
5.859375000000000000e+01
5.827331000000000216e+01
5.812454000000000320e+01
5.775833000000000084e+01
5.772017999999999915e+01
5.734252999999999645e+01
5.728531000000000262e+01
5.718994000000000000e+01
5.709456999999999738e+01
5.688857999999999748e+01
5.691147000000000133e+01
5.693435999999999808e+01
5.686569000000000074e+01
5.680846999999999980e+01
5.672455000000000069e+01
5.664061999999999841e+01
5.683135999999999655e+01
5.650710999999999729e+01
5.670546999999999827e+01
5.641555999999999926e+01
5.649947999999999837e+01
5.622482000000000113e+01
5.615997000000000128e+01
5.606842000000000326e+01
5.598067999999999955e+01
5.597686999999999813e+01
5.581665000000000276e+01
5.586623999999999768e+01
5.578613000000000000e+01
5.548859000000000208e+01
5.551910000000000167e+01
5.535126000000000346e+01
5.509185999999999694e+01
5.505371000000000237e+01
5.486298000000000030e+01
5.463409000000000049e+01
5.464553999999999689e+01
5.445098999999999734e+01
5.451583999999999719e+01
5.429840000000000089e+01
5.417251999999999867e+01
5.413054999999999950e+01
5.395508000000000237e+01
5.381392999999999915e+01
5.371856999999999971e+01
5.376053000000000281e+01
5.359268000000000143e+01
5.342864999999999753e+01
5.313492000000000104e+01
5.308532999999999902e+01
5.309295999999999793e+01
5.289459000000000088e+01
5.256271000000000271e+01
5.252074999999999960e+01
5.255127000000000237e+01
5.229187000000000296e+01
5.225753999999999877e+01
5.201339999999999719e+01
5.185318000000000183e+01
5.181884999999999764e+01
5.170441000000000287e+01
5.133820000000000050e+01
5.142593000000000103e+01
5.118941999999999837e+01
5.111693999999999960e+01
5.084991999999999734e+01
5.076599000000000217e+01
5.068970000000000198e+01
5.042647999999999797e+01
5.024338000000000193e+01
5.002593999999999852e+01
4.992293999999999699e+01
4.967116999999999649e+01
4.960631999999999664e+01
4.970550999999999675e+01
4.942322000000000060e+01
4.930496000000000123e+01
4.930496000000000123e+01
4.937362999999999857e+01
4.933928999999999832e+01
4.933547999999999689e+01
4.962158000000000158e+01
4.993057000000000301e+01
5.073165999999999798e+01
5.190276999999999674e+01
5.332565000000000310e+01
5.484772000000000247e+01
5.665588000000000335e+01
5.848311999999999955e+01
6.026458999999999833e+01
6.191635000000000133e+01
6.366347999999999985e+01
6.524276999999999305e+01
6.666946000000000083e+01
6.798171999999999571e+01
6.893538999999999817e+01
6.972884999999999422e+01
7.049942000000000064e+01
7.086562999999999590e+01
7.144928000000000168e+01
7.170868000000000109e+01
7.206345000000000312e+01
7.229233000000000686e+01
7.232285000000000252e+01
7.268905999999999779e+01
7.300567999999999813e+01
7.300567999999999813e+01
7.339858999999999867e+01
7.364273000000000025e+01
7.407379000000000246e+01
7.455062999999999818e+01
7.502746999999999389e+01
7.552719000000000449e+01
7.598877000000000237e+01
7.654953000000000429e+01
7.735442999999999358e+01
7.780074999999999363e+01
7.854461999999999477e+01
7.926940999999999349e+01
7.990264999999999418e+01
8.055495999999999412e+01
8.119965000000000543e+01
8.189773999999999887e+01
8.241271999999999309e+01
8.285523000000000593e+01
8.331298999999999921e+01
8.378982000000000596e+01
8.401108000000000686e+01
8.434296000000000504e+01
8.428574000000000410e+01
8.432769999999999300e+01
8.415604000000000440e+01
8.410644000000000631e+01
8.400726000000000226e+01
8.348465000000000202e+01
8.297347999999999502e+01
8.243179000000000656e+01
8.176421999999999457e+01
8.091736000000000217e+01
7.994843000000000188e+01
7.891845999999999606e+01
7.743453999999999837e+01
7.617569000000000301e+01
7.493972999999999729e+01
7.354354999999999620e+01
7.251358000000000459e+01
7.163620000000000232e+01
7.091141000000000361e+01
7.043076000000000647e+01
6.987761999999999318e+01
6.943129999999999313e+01
6.888580000000000325e+01
6.828690000000000282e+01
6.790161000000000513e+01
6.764602999999999611e+01
6.740950999999999738e+01
6.705855999999999995e+01
6.681060999999999694e+01
6.663132000000000232e+01
6.628798999999999353e+01
6.614303999999999917e+01
6.592941000000000429e+01
6.552124000000000592e+01
6.528091000000000577e+01
6.519698999999999955e+01
6.482697000000000287e+01
6.445694000000000301e+01
6.403731999999999402e+01
6.358337000000000216e+01
6.332016000000000133e+01
6.276321000000000083e+01
6.223297000000000168e+01
6.185150000000000148e+01
6.129836999999999847e+01
6.080246000000000350e+01
6.052017000000000024e+01
6.006622000000000128e+01
5.957793999999999812e+01
5.937194999999999823e+01
5.892562999999999818e+01
5.857086000000000325e+01
5.843735000000000213e+01
5.820846999999999838e+01
5.800247000000000241e+01
5.785750999999999777e+01
5.768204000000000065e+01
5.755996999999999986e+01
5.746840999999999866e+01
5.737686000000000064e+01
5.740355999999999881e+01
5.726241999999999877e+01
5.733109000000000322e+01
5.732726999999999862e+01
5.710220000000000340e+01
5.721663999999999817e+01
5.726241999999999877e+01
5.707549999999999812e+01
5.698013000000000261e+01
5.698776000000000153e+01
5.712890999999999764e+01
5.695725000000000193e+01
5.691910000000000025e+01
5.669402999999999793e+01
5.682372999999999763e+01
5.665588000000000335e+01
5.647659000000000162e+01
5.630492999999999881e+01
5.632018999999999664e+01
5.632782000000000266e+01
5.619429999999999836e+01
5.596161000000000030e+01
5.590057000000000187e+01
5.570602000000000231e+01
5.569075999999999738e+01
5.541228999999999871e+01
5.516814999999999714e+01
5.500412000000000035e+01
5.500412000000000035e+01
5.498505000000000109e+01
5.476760999999999768e+01
5.466080000000000183e+01
5.461120999999999981e+01
5.445862000000000336e+01
5.441666000000000025e+01
5.433272999999999797e+01
5.418395999999999901e+01
5.415344000000000335e+01
5.404281999999999897e+01
5.393218999999999852e+01
5.365753000000000128e+01
5.356598000000000326e+01
5.338669000000000153e+01
5.339432000000000045e+01
5.313110000000000355e+01
5.312346999999999753e+01
5.288696000000000197e+01
5.274963000000000335e+01
5.284882000000000346e+01
5.274199999999999733e+01
5.240250000000000341e+01
5.236052999999999713e+01
5.216597999999999757e+01
5.204773000000000138e+01
5.191803000000000168e+01
5.190276999999999674e+01
5.179977000000000231e+01
5.154800000000000182e+01
5.120850000000000080e+01
5.106354000000000326e+01
5.080413999999999675e+01
5.077362000000000108e+01
5.058670000000000044e+01
5.041122000000000014e+01
5.005263999999999669e+01
5.007553000000000054e+01
5.004120000000000346e+01
5.009459999999999980e+01
5.004500999999999777e+01
4.992293999999999699e+01
4.999161000000000143e+01
5.006409000000000020e+01
5.014800999999999931e+01
5.059432999999999936e+01
5.134582000000000335e+01
5.262375000000000114e+01
5.422211000000000070e+01
5.593872000000000355e+01
5.770492999999999739e+01
5.977631000000000228e+01
6.163024999999999665e+01
6.363295999999999708e+01
6.528853999999999758e+01
6.707381999999999778e+01
6.863021999999999423e+01
6.981659000000000503e+01
7.094955000000000211e+01
7.173538000000000636e+01
7.241821000000000197e+01
7.279967999999999506e+01
7.344437000000000637e+01
7.382965000000000089e+01
7.425690000000000168e+01
7.421875000000000000e+01
7.453919000000000494e+01
7.468413999999999930e+01
7.490157999999999561e+01
7.512664999999999793e+01
7.559967000000000326e+01
7.588576999999999373e+01
7.627868999999999744e+01
7.678603999999999985e+01
7.725525000000000375e+01
7.762909000000000503e+01
7.830428999999999462e+01
7.905960000000000321e+01
7.960129000000000588e+01
8.019638000000000488e+01
8.100509999999999877e+01
8.166122000000000014e+01
8.244705000000000439e+01
8.332443000000000666e+01
8.396148999999999774e+01
8.447266000000000474e+01
8.522033999999999310e+01
8.570480000000000587e+01
8.646011000000000024e+01
8.673095999999999606e+01
8.713912999999999442e+01
8.732604999999999507e+01
8.744812000000000296e+01
8.758925999999999590e+01
8.753203999999999496e+01
8.745955999999999619e+01
8.710860999999999876e+01
8.693313999999999453e+01
8.631896999999999309e+01
8.560181000000000040e+01
8.491516000000000020e+01
8.416366999999999621e+01
8.314513999999999783e+01
8.211898999999999660e+01
8.084105999999999881e+01
7.956314000000000419e+01
7.809448000000000434e+01
7.654189999999999827e+01
7.513428000000000395e+01
7.402419999999999334e+01
7.318497000000000696e+01
7.229995999999999867e+01
7.148743000000000336e+01
7.090377999999999759e+01
7.071685999999999694e+01
7.028579999999999472e+01
7.000351000000000568e+01
6.932067999999999586e+01
6.887054000000000542e+01
6.868362000000000478e+01
6.835174999999999557e+01
6.819916000000000622e+01
6.806183000000000050e+01
6.781386999999999432e+01
6.771469000000000449e+01
6.752777000000000385e+01
6.720734000000000208e+01
6.706619000000000597e+01
6.667709000000000685e+01
6.633377000000000123e+01
6.594086000000000070e+01
6.570816000000000656e+01
6.536484000000000094e+01
6.485747999999999536e+01
6.433486999999999512e+01
6.402205999999999619e+01
6.364059000000000310e+01
6.293486999999999654e+01
6.240845000000000198e+01
6.204223999999999961e+01
6.164932000000000301e+01
6.128692999999999813e+01
6.084823999999999700e+01
6.044006000000000256e+01
6.024933000000000050e+01
5.985640999999999678e+01
5.962753000000000014e+01
5.939865000000000350e+01
5.915832000000000335e+01
5.902481000000000222e+01
5.893325999999999709e+01
5.873870999999999754e+01
5.865097000000000094e+01
5.858993000000000251e+01
5.849074999999999847e+01
5.842208999999999719e+01
5.841445999999999827e+01
5.834960999999999842e+01
5.840301999999999794e+01
5.822753999999999763e+01
5.810927999999999827e+01
5.812454000000000320e+01
5.820465000000000089e+01
5.825806000000000040e+01
5.814361999999999853e+01
5.809402999999999651e+01
5.800247000000000241e+01
5.796432999999999680e+01
5.780411000000000143e+01
5.762481999999999971e+01
5.756378000000000128e+01
5.739211999999999847e+01
5.735016000000000247e+01
5.719756999999999891e+01
5.704879999999999995e+01
5.678558000000000305e+01
5.684662000000000148e+01
5.668639999999999901e+01
5.648040999999999912e+01
5.637740999999999758e+01
5.623626999999999754e+01
5.614853000000000094e+01
5.593491000000000213e+01
5.567168999999999812e+01
5.556488000000000227e+01
5.550383999999999673e+01
5.538940000000000197e+01
5.519866999999999990e+01
5.509185999999999694e+01
5.514526000000000039e+01
5.494308999999999799e+01
5.477141999999999911e+01
5.469512999999999892e+01
5.454254000000000246e+01
5.433655000000000257e+01
5.429458999999999946e+01
5.413817999999999842e+01
5.396652000000000271e+01
5.374526999999999788e+01
5.363083000000000311e+01
5.353164999999999907e+01
5.329131999999999891e+01
5.331038999999999817e+01
5.310822000000000287e+01
5.291367000000000331e+01
5.289840999999999838e+01
5.276870999999999867e+01
5.255507999999999669e+01
5.265426999999999680e+01
5.222702000000000311e+01
5.212021000000000015e+01
5.197525000000000261e+01
5.181121999999999872e+01
5.155563000000000073e+01
5.115890000000000271e+01
5.105208999999999975e+01
5.093001999999999896e+01
5.068587999999999738e+01
5.057526000000000010e+01
5.040359999999999729e+01
5.039215000000000089e+01
5.022048999999999808e+01
5.037308000000000163e+01
5.031204000000000320e+01
5.035399999999999920e+01
5.067824999999999847e+01
5.093383999999999645e+01
5.179596000000000089e+01
5.293274000000000257e+01
5.451583999999999719e+01
5.635452000000000083e+01
5.850601000000000340e+01
6.048203000000000173e+01
6.247330000000000183e+01
6.447983000000000686e+01
6.640625000000000000e+01
6.817244999999999777e+01
6.976699999999999591e+01
7.106018000000000256e+01
7.237624999999999886e+01
7.323456000000000188e+01
7.397841999999999985e+01
7.456207000000000562e+01
7.507323999999999842e+01
7.560348999999999364e+01
7.592010999999999399e+01
7.617569000000000301e+01
7.636261000000000365e+01
7.672881999999999891e+01
7.676697000000000060e+01
7.723618000000000450e+01
7.746505999999999403e+01
7.782744999999999891e+01
7.819747999999999877e+01
7.866669000000000267e+01
7.905960000000000321e+01
7.961655000000000371e+01
8.009337999999999624e+01
8.090972999999999615e+01
8.161544999999999561e+01
8.213043000000000404e+01
8.288956000000000301e+01
8.376312000000000069e+01
8.451461999999999364e+01
8.531951999999999714e+01
8.626937999999999818e+01
8.675766000000000133e+01
8.737564000000000419e+01
8.795547999999999433e+01
8.873367000000000360e+01
8.901976999999999407e+01
8.928298999999999808e+01
8.947372000000000014e+01
8.959960999999999842e+01
8.950806000000000040e+01
8.945847000000000548e+01
8.930588000000000193e+01
8.921050999999999931e+01
8.867645000000000266e+01
8.811951000000000533e+01
8.742522999999999911e+01
8.662796000000000163e+01
8.592224000000000217e+01
8.483123999999999398e+01
8.358002000000000464e+01
8.232116999999999507e+01
8.101273000000000479e+01
7.973861999999999739e+01
7.821654999999999802e+01
7.694244000000000483e+01
7.547378999999999394e+01
7.446671000000000618e+01
7.350158999999999310e+01
7.292175000000000296e+01
7.230759000000000469e+01
7.159423999999999921e+01
7.103728999999999871e+01
7.054900999999999556e+01
7.002639999999999532e+01
6.956862999999999886e+01
6.922150000000000603e+01
6.899262000000000228e+01
6.898497999999999308e+01
6.858444000000000074e+01
6.817627000000000237e+01
6.809998000000000218e+01
6.803131000000000483e+01
6.765747000000000355e+01
6.737900000000000489e+01
6.728745000000000687e+01
6.687163999999999930e+01
6.673050000000000637e+01
6.630325000000000557e+01
6.590270999999999901e+01
6.531525000000000603e+01
6.485366999999999393e+01
6.436539000000000499e+01
6.368256000000000228e+01
6.330872000000000099e+01
6.293106000000000222e+01
6.226348999999999734e+01
6.171417000000000286e+01
6.143189000000000277e+01
6.102371000000000123e+01
6.049347000000000207e+01
6.012725999999999971e+01
5.974960000000000093e+01
5.953217000000000070e+01
5.910110000000000241e+01
5.907822000000000173e+01
5.881119000000000341e+01
5.885696000000000083e+01
5.870056000000000296e+01
5.868912000000000262e+01
5.856705000000000183e+01
5.857849000000000217e+01
5.847549000000000063e+01
5.846023999999999887e+01
5.837250000000000227e+01
5.834579999999999700e+01
5.828094999999999715e+01
5.825424000000000291e+01
5.825424000000000291e+01
5.803679999999999950e+01
5.804061999999999699e+01
5.783843999999999852e+01
5.786896000000000129e+01
5.775070000000000192e+01
5.762863000000000113e+01
5.765151999999999788e+01
5.751418999999999926e+01
5.715561000000000291e+01
5.705642999999999887e+01
5.691910000000000025e+01
5.681228999999999729e+01
5.669785000000000252e+01
5.665588000000000335e+01
5.651854999999999762e+01
5.623245000000000005e+01
5.596161000000000030e+01
5.601500999999999664e+01
5.588913000000000153e+01
5.559920999999999935e+01
5.547713999999999857e+01
5.551147000000000276e+01
5.524826000000000192e+01
5.506134000000000128e+01
5.488967999999999847e+01
5.478287000000000262e+01
5.464934999999999832e+01
5.459595000000000198e+01
5.429840000000000089e+01
5.423355000000000103e+01
5.419158999999999793e+01
5.382155999999999807e+01
5.369185999999999837e+01
5.373382999999999754e+01
5.349349999999999739e+01
5.311585000000000178e+01
5.312729000000000212e+01
5.284499999999999886e+01
5.279921999999999827e+01
5.280304000000000286e+01
5.253983000000000203e+01
5.249022999999999683e+01
5.244827000000000083e+01
5.202103000000000321e+01
5.213546999999999798e+01
5.180358999999999980e+01
5.181121999999999872e+01
5.149078000000000088e+01
5.150986000000000331e+01
5.111312999999999818e+01
5.094527999999999679e+01
5.072402999999999906e+01
5.053710999999999842e+01
5.024338000000000193e+01
5.014419999999999789e+01
5.015182999999999680e+01
4.991530999999999807e+01
5.005646000000000129e+01
4.986954000000000065e+01
4.964446999999999832e+01
4.963683999999999941e+01
4.957580999999999705e+01
4.975891000000000020e+01
4.991530999999999807e+01
5.056763000000000119e+01
5.155563000000000073e+01
5.279921999999999827e+01
5.429840000000000089e+01
5.596923999999999921e+01
5.781936999999999927e+01
5.949020000000000152e+01
6.148147999999999769e+01
6.290816999999999837e+01
6.466293000000000291e+01
6.619262999999999408e+01
6.752013999999999783e+01
6.863402999999999565e+01
6.972884999999999422e+01
7.049942000000000064e+01
7.106399999999999295e+01
7.157515999999999678e+01
7.194518999999999664e+01
7.247543000000000291e+01
7.268905999999999779e+01
7.310867000000000360e+01
7.313537999999999784e+01
7.346344000000000563e+01
7.369995000000000118e+01
7.398224000000000444e+01
7.390212999999999965e+01
7.455826000000000420e+01
7.487105999999999995e+01
7.521438999999999453e+01
7.546616000000000213e+01
7.603073000000000548e+01
7.651900999999999442e+01
7.715606999999999971e+01
7.777022999999999797e+01
7.825469999999999970e+01
7.858657999999999788e+01
7.931519000000000119e+01
7.998275999999999897e+01
8.057784999999999798e+01
8.138657000000000608e+01
8.160018999999999778e+01
8.229064999999999941e+01
8.262252999999999759e+01
8.317184000000000310e+01
8.324432000000000187e+01
8.361435000000000173e+01
8.385468000000000188e+01
8.368683000000000050e+01
8.377075000000000671e+01
8.356094000000000221e+01
8.335112999999999772e+01
8.276367000000000473e+01
8.232880000000000109e+01
8.153915000000000646e+01
8.062363000000000568e+01
7.966995000000000005e+01
7.851409999999999911e+01
7.735824999999999818e+01
7.597732000000000596e+01
7.475661999999999807e+01
7.341384999999999650e+01
7.234192000000000178e+01
7.174300999999999817e+01
7.089233000000000118e+01
7.058715999999999724e+01
6.996917999999999438e+01
6.952285999999999433e+01
6.897736000000000445e+01
6.849289000000000271e+01
6.806946000000000652e+01
6.753920999999999708e+01
6.724166999999999916e+01
6.708526999999999418e+01
6.684493999999999403e+01
6.660080000000000666e+01
6.637573000000000434e+01
6.581879000000000701e+01
6.560898000000000252e+01
6.533432000000000528e+01
6.510161999999999694e+01
6.487273999999999319e+01
6.453323000000000320e+01
6.418990999999999758e+01
6.380463000000000306e+01
6.316376000000000346e+01
6.274414000000000158e+01
6.228255999999999659e+01
6.164168999999999699e+01
6.108856000000000108e+01
6.074904999999999688e+01
6.023024999999999807e+01
5.991745000000000232e+01
5.937575999999999965e+01
5.891799999999999926e+01
5.847167999999999921e+01
5.825806000000000040e+01
5.776214999999999833e+01
5.755234000000000094e+01
5.737304999999999922e+01
5.727767999999999660e+01
5.703354000000000212e+01
5.689240000000000208e+01
5.671309999999999718e+01
5.682755000000000223e+01
5.670165999999999684e+01
5.652237000000000222e+01
5.664444000000000301e+01
5.651854999999999762e+01
5.632018999999999664e+01
5.655669999999999931e+01
5.637740999999999758e+01
5.635070999999999941e+01
5.619812000000000296e+01
5.614471000000000345e+01
5.616760000000000019e+01
5.607985999999999649e+01
5.592728000000000321e+01
5.604171999999999798e+01
5.578613000000000000e+01
5.577468999999999966e+01
5.561066000000000287e+01
5.552291999999999916e+01
5.528640999999999650e+01
5.526351999999999975e+01
5.525589000000000084e+01
5.506897000000000020e+01
5.487060000000000315e+01
5.474853000000000236e+01
5.477523999999999660e+01
5.467605999999999966e+01
5.443191000000000201e+01
5.439377000000000351e+01
5.422973999999999961e+01
5.412673999999999808e+01
5.398178000000000054e+01
5.394745000000000346e+01
5.382918999999999699e+01
5.371475000000000222e+01
5.362319999999999709e+01
5.364609000000000094e+01
5.343247000000000213e+01
5.318451000000000306e+01
5.324936000000000291e+01
5.318831999999999738e+01
5.289077999999999946e+01
5.283736999999999995e+01
5.274963000000000335e+01
5.256271000000000271e+01
5.242157000000000266e+01
5.236435000000000173e+01
5.230713000000000079e+01
5.223082999999999743e+01
5.213546999999999798e+01
5.193710000000000093e+01
5.175780999999999921e+01
5.168914999999999793e+01
5.162429999999999808e+01
5.156707999999999714e+01
5.132674999999999699e+01
5.122375000000000256e+01
5.100632000000000232e+01
5.081557999999999709e+01
5.080794999999999817e+01
5.059051999999999794e+01
5.022811999999999699e+01
5.005646000000000129e+01
4.991913000000000267e+01
4.990386999999999773e+01
4.969787999999999784e+01
4.963683999999999941e+01
4.957961999999999847e+01
4.949569999999999936e+01
4.936599999999999966e+01
4.920197000000000287e+01
4.919433999999999685e+01
4.924774000000000029e+01
4.921721999999999753e+01
4.958724999999999739e+01
5.008315999999999946e+01
5.105208999999999975e+01
5.208588000000000306e+01
5.340194999999999936e+01
5.505371000000000237e+01
5.664444000000000301e+01
5.826568999999999932e+01
5.977631000000000228e+01
6.154251000000000005e+01
6.308364999999999867e+01
6.459807999999999595e+01
6.571959999999999980e+01
6.687546000000000390e+01
6.776046999999999798e+01
6.858444000000000074e+01
6.906891000000000247e+01
6.980513999999999442e+01
7.020569000000000415e+01
7.039642000000000621e+01
7.074738000000000682e+01
7.105254999999999654e+01
7.119370000000000687e+01
7.132720999999999378e+01
7.158660999999999319e+01
7.173538000000000636e+01
7.186889999999999645e+01
7.222365999999999531e+01
7.255553999999999348e+01
7.297133999999999787e+01
7.317734000000000094e+01
7.357787999999999329e+01
7.396317000000000519e+01
7.452392999999999290e+01
7.502365000000000350e+01
7.577133000000000607e+01
7.616043000000000518e+01
7.692718000000000700e+01
7.721710000000000207e+01
7.783127000000000351e+01
7.838057999999999481e+01
7.867812999999999590e+01
7.917785999999999547e+01
7.957840000000000202e+01
7.986450000000000671e+01
8.024596999999999980e+01
8.015823000000000320e+01
8.040237000000000478e+01
8.034515000000000384e+01
8.027267999999999404e+01
7.993698000000000548e+01
7.955550999999999817e+01
7.911301000000000272e+01
7.844544000000000494e+01
7.738876000000000488e+01
7.632446000000000197e+01
7.535553000000000168e+01
7.415389999999999304e+01
7.294464000000000681e+01
7.169342000000000326e+01
7.073975000000000080e+01
6.988907000000000380e+01
6.932831000000000188e+01
6.883240000000000691e+01
6.844710999999999501e+01
6.801224000000000558e+01
6.780624000000000251e+01
6.741715000000000657e+01
6.718444999999999823e+01
