7.758713000000000193e+01
7.789230000000000587e+01
7.835769999999999413e+01
7.868958000000000652e+01
7.928848000000000695e+01
8.022307999999999595e+01
8.048629999999999995e+01
8.094787999999999784e+01
8.127594000000000563e+01
8.203507000000000460e+01
8.256149000000000626e+01
8.234404999999999575e+01
8.323287999999999442e+01
8.309555000000000291e+01
8.372879000000000360e+01
8.370972000000000435e+01
8.338546999999999798e+01
8.346558000000000277e+01
8.355330999999999619e+01
8.346939000000000419e+01
8.296966999999999359e+01
8.251953000000000316e+01
8.209229000000000553e+01
8.190155000000000030e+01
8.105849999999999511e+01
8.030319000000000074e+01
7.972335999999999956e+01
7.855988000000000682e+01
7.804870999999999981e+01
7.633208999999999378e+01
7.534408999999999423e+01
7.365416999999999348e+01
7.215117999999999654e+01
7.073975000000000080e+01
6.879425000000000523e+01
6.775664999999999338e+01
6.657027999999999679e+01
6.617736999999999625e+01
6.575011999999999546e+01
6.505203000000000202e+01
6.440353000000000350e+01
6.413268999999999664e+01
6.370544000000000295e+01
6.332016000000000133e+01
6.291199000000000296e+01
6.261444000000000187e+01
6.271361999999999881e+01
6.278992000000000218e+01
6.305313000000000301e+01
6.281662000000000035e+01
6.285477000000000203e+01
6.301116999999999990e+01
6.289291000000000054e+01
6.281280000000000285e+01
6.251525999999999783e+01
6.255340999999999951e+01
6.264495999999999754e+01
6.223678999999999917e+01
6.185531999999999897e+01
6.141281000000000034e+01
6.122970999999999719e+01
6.087111999999999767e+01
6.050491000000000241e+01
5.939101999999999748e+01
5.917358000000000118e+01
5.878829999999999956e+01
5.834197999999999951e+01
5.792998999999999654e+01
5.717087000000000074e+01
5.681992000000000331e+01
5.632399999999999807e+01
5.614853000000000094e+01
5.559920999999999935e+01
5.509949000000000296e+01
5.472182999999999709e+01
5.450057999999999936e+01
5.461502000000000123e+01
5.417633000000000010e+01
5.381011999999999773e+01
5.349730999999999881e+01
5.352783000000000158e+01
5.368804999999999694e+01
5.316543999999999670e+01
5.294800000000000040e+01
5.286406999999999812e+01
5.306244000000000227e+01
5.274963000000000335e+01
5.266190000000000282e+01
5.244827000000000083e+01
5.242920000000000158e+01
5.229950000000000188e+01
5.228423999999999694e+01
5.207442999999999955e+01
5.174636999999999887e+01
5.174636999999999887e+01
5.162429999999999808e+01
5.194091999999999842e+01
5.126572000000000173e+01
5.106354000000000326e+01
5.123519999999999897e+01
5.104064999999999941e+01
5.097198000000000206e+01
5.059051999999999794e+01
5.076599000000000217e+01
5.064010999999999996e+01
5.038452000000000197e+01
4.999924000000000035e+01
5.028152999999999651e+01
5.022048999999999808e+01
5.002593999999999852e+01
4.988860999999999990e+01
4.936599999999999966e+01
4.957961999999999847e+01
4.950332999999999828e+01
4.928970000000000340e+01
4.909897000000000133e+01
4.911041000000000167e+01
4.947661999999999694e+01
4.933167000000000257e+01
4.956817999999999813e+01
4.970931999999999817e+01
5.067824999999999847e+01
5.190659000000000134e+01
5.375289999999999679e+01
5.577087000000000216e+01
5.820465000000000089e+01
6.104278999999999655e+01
6.312561000000000178e+01
6.531905999999999324e+01
6.678771999999999309e+01
6.846618999999999744e+01
7.035065000000000168e+01
7.166671999999999798e+01
7.299042000000000030e+01
7.407761000000000706e+01
7.516861000000000104e+01
7.626342999999999961e+01
7.662582000000000448e+01
7.670592999999999506e+01
7.695389000000000124e+01
7.722092000000000667e+01
7.732773000000000252e+01
7.717132999999999754e+01
7.711791999999999803e+01
7.759094000000000335e+01
7.720946999999999605e+01
7.752227999999999497e+01
7.719039999999999679e+01
7.720946999999999605e+01
7.773590000000000089e+01
7.767486999999999853e+01
7.789230000000000587e+01
7.800673999999999353e+01
7.861709999999999354e+01
7.908629999999999427e+01
7.944487999999999772e+01
7.996750000000000114e+01
8.038330000000000553e+01
8.116912999999999556e+01
8.172988999999999749e+01
8.218765000000000498e+01
8.253861000000000558e+01
8.297347999999999502e+01
8.377837999999999852e+01
8.413315000000000055e+01
8.428191999999999950e+01
8.430862000000000478e+01
8.486938000000000670e+01
8.469008999999999787e+01
8.477401999999999305e+01
8.448792000000000257e+01
8.425521999999999423e+01
8.407974000000000103e+01
8.364486999999999739e+01
8.308029000000000508e+01
8.248900999999999328e+01
8.223342999999999847e+01
8.131408999999999310e+01
8.029937999999999931e+01
7.925033999999999423e+01
7.827376999999999896e+01
7.711791999999999803e+01
7.572554999999999836e+01
7.409287000000000489e+01
7.228087999999999624e+01
7.094574000000000069e+01
6.938170999999999822e+01
6.798552999999999713e+01
6.695937999999999590e+01
6.618117999999999768e+01
6.608199999999999363e+01
6.524276999999999305e+01
6.481171000000000504e+01
6.429291000000000622e+01
6.422423999999999467e+01
6.370544000000000295e+01
6.329346000000000316e+01
6.348418999999999812e+01
6.340408000000000044e+01
6.376265999999999678e+01
6.357956000000000074e+01
6.374741000000000213e+01
6.383896000000000015e+01
6.392669999999999675e+01
6.391525000000000034e+01
6.331633999999999673e+01
6.335448999999999842e+01
6.302261000000000024e+01
6.309890999999999650e+01
6.283950999999999709e+01
6.235123000000000104e+01
6.206513000000000346e+01
6.157303000000000281e+01
6.133652000000000015e+01
6.065368999999999744e+01
6.009293000000000262e+01
5.947113000000000227e+01
5.925751000000000346e+01
5.846023999999999887e+01
5.813980000000000103e+01
5.735016000000000247e+01
5.665970000000000084e+01
5.663300000000000267e+01
5.618285999999999802e+01
5.591582999999999970e+01
5.500412000000000035e+01
5.492401000000000266e+01
5.474472000000000094e+01
5.439377000000000351e+01
5.438231999999999999e+01
5.369568000000000296e+01
5.371475000000000222e+01
5.354308999999999941e+01
5.356978999999999758e+01
5.324553999999999832e+01
5.308914000000000044e+01
5.293274000000000257e+01
5.287169999999999703e+01
5.287552000000000163e+01
5.268478000000000350e+01
5.269622999999999990e+01
5.233764999999999645e+01
5.227279999999999660e+01
5.193710000000000093e+01
5.170058999999999827e+01
5.157088999999999857e+01
5.168914999999999793e+01
5.150603999999999871e+01
5.111312999999999818e+01
5.105971999999999866e+01
5.076980999999999966e+01
5.099869000000000341e+01
5.088042999999999694e+01
5.039977999999999980e+01
5.041503999999999763e+01
5.018997000000000241e+01
5.044937000000000182e+01
4.957961999999999847e+01
4.995727999999999724e+01
4.990767999999999915e+01
4.987335000000000207e+01
4.946898999999999802e+01
4.914856000000000336e+01
4.935837000000000074e+01
4.893874999999999886e+01
4.931259000000000015e+01
4.876709000000000316e+01
4.868697999999999837e+01
4.872513000000000005e+01
4.885864000000000118e+01
4.888915999999999684e+01
4.870604999999999762e+01
4.883194000000000301e+01
4.888915999999999684e+01
4.957580999999999705e+01
5.027008000000000010e+01
5.148696999999999946e+01
5.334091000000000093e+01
5.546188000000000073e+01
5.791855000000000331e+01
5.956268000000000029e+01
6.181716999999999729e+01
6.334304999999999808e+01
6.543349999999999511e+01
6.672287000000000035e+01
6.805038999999999305e+01
6.954955999999999960e+01
7.074738000000000682e+01
7.234192000000000178e+01
7.296371000000000606e+01
7.357025000000000148e+01
7.409668000000000632e+01
7.448578000000000543e+01
7.461166000000000054e+01
7.451630000000000109e+01
7.447051999999999339e+01
7.439422999999999320e+01
7.455062999999999818e+01
7.435608000000000573e+01
7.437896999999999537e+01
7.409287000000000489e+01
7.424545000000000528e+01
7.458877999999999986e+01
7.435608000000000573e+01
7.465743999999999403e+01
7.427215999999999951e+01
7.477951000000000192e+01
7.493210000000000548e+01
7.542418999999999585e+01
7.559967000000000326e+01
7.589339999999999975e+01
7.649231000000000336e+01
7.704543999999999926e+01
7.764052999999999827e+01
7.740402000000000271e+01
7.798766999999999427e+01
7.848358000000000345e+01
7.912825999999999738e+01
7.939148000000000138e+01
7.921981999999999857e+01
7.981873000000000218e+01
7.973861999999999739e+01
8.011627000000000010e+01
7.981490999999999758e+01
7.946777000000000157e+01
7.953261999999999432e+01
7.907486000000000104e+01
7.882689999999999486e+01
7.788849000000000444e+01
7.728576999999999941e+01
7.643509000000000242e+01
7.589339999999999975e+01
7.477951000000000192e+01
7.348632999999999527e+01
7.208252000000000237e+01
7.074356000000000222e+01
6.927109000000000094e+01
6.772995000000000232e+01
6.641007000000000460e+01
6.522750999999999522e+01
6.507111000000000445e+01
6.447601000000000226e+01
6.422423999999999467e+01
6.343079000000000178e+01
6.286240000000000094e+01
6.278609999999999758e+01
6.227875000000000227e+01
6.214141999999999655e+01
6.153488000000000113e+01
6.162642999999999915e+01
6.187819999999999965e+01
6.169127999999999901e+01
6.203842000000000212e+01
6.158447000000000315e+01
6.167602999999999724e+01
6.179428000000000054e+01
6.168366000000000327e+01
6.138228999999999758e+01
6.120300000000000296e+01
6.090545999999999793e+01
6.071853999999999729e+01
6.051635999999999882e+01
6.000137000000000143e+01
5.952454000000000178e+01
5.913924999999999699e+01
5.889130000000000109e+01
5.838394000000000261e+01
5.767058999999999713e+01
5.731201000000000079e+01
5.690001999999999782e+01
5.649947999999999837e+01
5.566787999999999670e+01
5.509566999999999837e+01
5.481719999999999970e+01
5.456924000000000063e+01
5.444716999999999985e+01
5.377579000000000065e+01
5.339813000000000187e+01
5.323028999999999655e+01
5.316924999999999812e+01
5.245971999999999724e+01
5.247498000000000218e+01
5.216597999999999757e+01
5.218887000000000143e+01
5.227660999999999802e+01
5.160522000000000276e+01
5.175399999999999778e+01
5.140686000000000178e+01
5.167770000000000152e+01
5.129623000000000133e+01
5.099869000000000341e+01
5.094147000000000247e+01
5.094910000000000139e+01
5.118560999999999694e+01
5.073928999999999689e+01
5.034638000000000346e+01
5.036545000000000272e+01
5.063629000000000246e+01
5.027770999999999901e+01
5.013656999999999897e+01
4.985045999999999822e+01
4.958724999999999739e+01
4.979323999999999728e+01
4.903793000000000291e+01
4.934691999999999723e+01
4.934311000000000291e+01
4.936981000000000108e+01
4.914856000000000336e+01
4.879379000000000133e+01
4.890442000000000178e+01
4.897690000000000055e+01
4.875945999999999714e+01
4.840850999999999971e+01
4.851912999999999698e+01
4.809951999999999828e+01
4.831313999999999709e+01
4.792786000000000257e+01
4.774857000000000085e+01
4.766082999999999714e+01
4.753876000000000346e+01
4.779816000000000287e+01
4.745864999999999867e+01
4.751586999999999961e+01
4.749298000000000286e+01
4.748154000000000252e+01
4.781342000000000070e+01
4.750442000000000320e+01
4.794693000000000183e+01
4.838179999999999836e+01
4.977799000000000262e+01
5.123138000000000147e+01
5.267714999999999748e+01
5.457686999999999955e+01
5.641555999999999926e+01
5.849837999999999738e+01
6.012344000000000221e+01
6.162642999999999915e+01
6.277846999999999866e+01
6.439208999999999605e+01
6.564330999999999960e+01
6.689834999999999354e+01
6.760025000000000261e+01
6.850051999999999452e+01
6.938553000000000281e+01
6.958388999999999669e+01
6.998824999999999363e+01
6.985092000000000212e+01
7.007216999999999985e+01
7.029343000000000075e+01
6.991576999999999487e+01
6.959152000000000271e+01
6.927872000000000696e+01
6.961821999999999377e+01
6.930159999999999343e+01
6.935882999999999754e+01
6.900405999999999551e+01
6.901550000000000296e+01
6.913756999999999664e+01
6.916428000000000509e+01
6.926345999999999492e+01
6.901169000000000153e+01
6.949233999999999867e+01
6.975937000000000410e+01
7.011032000000000153e+01
7.014847000000000321e+01
7.037354000000000553e+01
7.099532999999999561e+01
7.129287999999999670e+01
7.149505999999999517e+01
7.170104999999999507e+01
7.218551999999999680e+01
7.255935999999999808e+01
7.281494000000000710e+01
7.250213999999999714e+01
7.277298000000000400e+01
7.303619000000000483e+01
7.307053000000000509e+01
7.277298000000000400e+01
7.217789000000000499e+01
7.215881000000000256e+01
7.174300999999999817e+01
7.077788999999999930e+01
7.022095000000000198e+01
6.867981000000000336e+01
6.796645999999999788e+01
6.625748000000000104e+01
6.474303999999999348e+01
6.342696999999999719e+01
6.259917999999999694e+01
6.220627000000000351e+01
6.167602999999999724e+01
6.110764000000000351e+01
6.081009000000000242e+01
6.085204999999999842e+01
6.042099000000000331e+01
6.013107000000000113e+01
5.953979000000000354e+01
5.962371999999999872e+01
5.970763999999999783e+01
5.926894999999999669e+01
5.937957999999999714e+01
5.928040000000000020e+01
5.955505000000000138e+01
5.953979000000000354e+01
5.939484000000000208e+01
5.938721000000000316e+01
5.918502999999999759e+01
5.938338999999999857e+01
5.914688000000000301e+01
5.874251999999999896e+01
5.821227999999999980e+01
5.825424000000000291e+01
5.786896000000000129e+01
5.755615000000000236e+01
5.689240000000000208e+01
5.645369999999999777e+01
5.634689000000000192e+01
5.549240000000000350e+01
5.525970000000000226e+01
5.438613999999999749e+01
5.422592000000000212e+01
5.364990000000000236e+01
5.317307000000000272e+01
5.269622999999999990e+01
5.215073000000000292e+01
5.214309999999999690e+01
5.155181999999999931e+01
5.145644999999999669e+01
5.093764999999999787e+01
5.068970000000000198e+01
5.075072999999999723e+01
5.035018999999999778e+01
5.028152999999999651e+01
4.983138999999999896e+01
4.976272999999999769e+01
4.979323999999999728e+01
4.971694999999999709e+01
4.936981000000000108e+01
4.904556000000000182e+01
4.941176999999999708e+01
4.930496000000000123e+01
4.946517999999999660e+01
4.885864000000000118e+01
4.885101000000000226e+01
4.885482999999999976e+01
4.884338000000000335e+01
4.890059999999999718e+01
4.854583999999999833e+01
4.836272999999999911e+01
4.829787999999999926e+01
4.821777000000000157e+01
4.780196999999999719e+01
4.779816000000000287e+01
4.767609000000000208e+01
4.776764000000000010e+01
4.771041999999999916e+01
4.706954999999999956e+01
4.748154000000000252e+01
4.711151000000000266e+01
4.714202999999999832e+01
4.702758999999999645e+01
4.688262999999999892e+01
4.695510999999999768e+01
4.691315000000000168e+01
4.684447999999999723e+01
4.632950000000000301e+01
4.633330999999999733e+01
4.631423999999999808e+01
4.637908999999999793e+01
4.568099999999999739e+01
4.579162999999999784e+01
4.583359000000000094e+01
4.590606999999999971e+01
4.615021000000000129e+01
4.581450999999999851e+01
4.617309999999999803e+01
4.631042999999999665e+01
4.677582000000000306e+01
4.725647000000000020e+01
4.807663000000000153e+01
4.963302999999999798e+01
5.138015999999999650e+01
5.346679999999999922e+01
5.549622000000000099e+01
5.770110999999999990e+01
5.956649999999999778e+01
6.134796000000000049e+01
6.297684000000000282e+01
6.393050999999999817e+01
6.546783000000000641e+01
6.647110000000000696e+01
6.789780000000000371e+01
6.856154999999999688e+01
6.917571999999999832e+01
6.966019000000000005e+01
7.008361999999999625e+01
7.028960999999999615e+01
7.005310000000000059e+01
6.962967000000000439e+01
6.939315999999999462e+01
6.949997000000000469e+01
6.914901999999999305e+01
6.920242000000000360e+01
6.888580000000000325e+01
6.922150000000000603e+01
6.914139000000000124e+01
6.899643000000000370e+01
6.896210000000000662e+01
6.876372999999999536e+01
6.914139000000000124e+01
6.940460000000000207e+01
6.920242000000000360e+01
6.956481999999999744e+01
6.978988999999999976e+01
7.069777999999999452e+01
7.096480999999999995e+01
7.107925000000000182e+01
7.163620000000000232e+01
7.211684999999999945e+01
7.268905999999999779e+01
7.278060999999999581e+01
7.298659999999999570e+01
7.335281000000000518e+01
7.376479999999999393e+01
7.405089999999999861e+01
7.434462999999999511e+01
7.424926999999999566e+01
7.400131000000000370e+01
7.382201999999999487e+01
7.374953999999999610e+01
7.344055000000000177e+01
7.264328000000000429e+01
7.212067000000000405e+01
7.128906000000000631e+01
7.067108000000000345e+01
6.958771000000000129e+01
6.830978000000000350e+01
6.680679000000000656e+01
6.525803000000000509e+01
6.433105999999999369e+01
6.295394999999999897e+01
6.246567000000000291e+01
6.183243000000000222e+01
6.178665000000000163e+01
6.166076999999999941e+01
6.111907999999999674e+01
6.061934999999999718e+01
6.005096000000000345e+01
6.007766999999999769e+01
5.974960000000000093e+01
5.954742000000000246e+01
5.958176000000000272e+01
5.936050000000000182e+01
5.951308999999999827e+01
5.962753000000000014e+01
5.982970999999999862e+01
5.930709999999999837e+01
5.969619999999999749e+01
5.929565000000000197e+01
5.950164999999999793e+01
5.936813000000000073e+01
5.890655000000000285e+01
5.857086000000000325e+01
5.806351000000000084e+01
5.828475999999999857e+01
5.778121999999999758e+01
5.733489999999999753e+01
5.689240000000000208e+01
5.618668000000000262e+01
5.613327000000000311e+01
5.549240000000000350e+01
5.513000000000000256e+01
5.411148000000000025e+01
5.403900000000000148e+01
5.342484000000000322e+01
5.326843000000000217e+01
5.273055999999999699e+01
5.222321000000000168e+01
5.204773000000000138e+01
5.175780999999999921e+01
5.168151999999999902e+01
5.119324000000000296e+01
5.083084000000000202e+01
5.065536999999999779e+01
5.061722000000000321e+01
5.054091999999999985e+01
5.022429999999999950e+01
5.002212999999999710e+01
4.964829000000000292e+01
5.000305000000000177e+01
4.965590999999999866e+01
4.977035999999999660e+01
4.950332999999999828e+01
4.949569999999999936e+01
4.934691999999999723e+01
4.929733000000000231e+01
4.941176999999999708e+01
4.917145000000000010e+01
4.878616000000000241e+01
4.874801999999999680e+01
4.883574999999999733e+01
4.877853000000000350e+01
4.846191000000000315e+01
4.828262000000000143e+01
4.825972999999999757e+01
4.830550999999999817e+01
4.816055000000000064e+01
4.798888999999999783e+01
4.776764000000000010e+01
4.786301000000000272e+01
4.780579000000000178e+01
4.713821000000000083e+01
4.744339000000000084e+01
4.729843000000000330e+01
4.733657999999999788e+01
4.717636000000000251e+01
4.699707000000000079e+01
4.712677000000000049e+01
4.700088000000000221e+01
4.717255000000000109e+01
4.632950000000000301e+01
4.624938999999999822e+01
4.640579000000000320e+01
4.660797000000000168e+01
4.665375000000000227e+01
4.651641999999999655e+01
4.649734999999999729e+01
4.698944000000000187e+01
4.742813000000000301e+01
4.759215999999999980e+01
4.893874999999999886e+01
5.049132999999999782e+01
5.296325999999999823e+01
5.512236999999999654e+01
5.694198999999999700e+01
5.934906000000000148e+01
6.105042000000000257e+01
6.324768000000000256e+01
6.462479000000000440e+01
6.573868000000000222e+01
6.731414999999999793e+01
6.861495999999999640e+01
6.989669999999999561e+01
7.048797999999999320e+01
7.121657999999999333e+01
7.171249000000000251e+01
7.216643999999999437e+01
7.220458999999999605e+01
7.205200000000000671e+01
7.182693999999999335e+01
7.178497000000000128e+01
7.185363999999999862e+01
7.151031999999999300e+01
7.142638999999999783e+01
7.139587000000000216e+01
7.165146000000000015e+01
7.157515999999999678e+01
7.161330999999999847e+01
7.132720999999999378e+01
7.137299000000000149e+01
7.202147999999999683e+01
7.202530000000000143e+01
7.252120999999999640e+01
7.243346999999999980e+01
7.308960000000000434e+01
7.367705999999999733e+01
7.436751999999999896e+01
7.476806999999999448e+01
7.509613000000000227e+01
7.588958999999999833e+01
7.632446000000000197e+01
7.708359000000000094e+01
7.707976999999999634e+01
7.762909000000000503e+01
7.791901000000000010e+01
7.824326000000000647e+01
7.867050000000000409e+01
7.828521999999999537e+01
7.849884000000000128e+01
7.861709999999999354e+01
7.822418000000000404e+01
7.783127000000000351e+01
7.723999000000000592e+01
7.691573999999999955e+01
7.638549999999999329e+01
7.586288999999999305e+01
7.458877999999999986e+01
7.387923999999999580e+01
7.247162000000000148e+01
7.130432000000000414e+01
6.965636999999999546e+01
6.801605000000000700e+01
6.671904999999999575e+01
6.523514000000000124e+01
6.451035000000000252e+01
6.336975000000000335e+01
6.306076000000000192e+01
6.297301999999999822e+01
6.266785000000000139e+01
6.228638000000000119e+01
6.149674000000000262e+01
6.122970999999999719e+01
6.091308999999999685e+01
6.080246000000000350e+01
6.063080000000000069e+01
6.039809999999999945e+01
6.039809999999999945e+01
6.052779999999999916e+01
6.066512999999999778e+01
6.040955000000000297e+01
6.067656999999999812e+01
6.041335999999999729e+01
6.063842999999999961e+01
6.000518999999999892e+01
6.000518999999999892e+01
5.986786000000000030e+01
5.969619999999999749e+01
5.968093999999999966e+01
5.882645000000000124e+01
5.871200999999999937e+01
5.816649999999999920e+01
5.783080999999999960e+01
5.756759999999999877e+01
5.667495999999999867e+01
5.607605000000000217e+01
5.572128000000000014e+01
5.563354000000000354e+01
5.517578000000000316e+01
5.449676999999999794e+01
5.406569999999999965e+01
5.375670999999999822e+01
5.348586999999999847e+01
5.310822000000000287e+01
5.270385999999999882e+01
5.228804999999999836e+01
5.230713000000000079e+01
5.182647999999999655e+01
5.166243999999999659e+01
5.145644999999999669e+01
5.152512000000000114e+01
5.147171000000000163e+01
5.117416000000000054e+01
5.096435000000000315e+01
5.076599000000000217e+01
5.098342999999999847e+01
5.075455000000000183e+01
5.076980999999999966e+01
5.036545000000000272e+01
5.037689000000000306e+01
5.052947999999999951e+01
5.019760000000000133e+01
5.030823000000000178e+01
4.976272999999999769e+01
5.016326999999999714e+01
4.986191000000000173e+01
4.965590999999999866e+01
4.947281000000000262e+01
4.927062999999999704e+01
4.935074000000000183e+01
4.910278000000000276e+01
4.882430999999999699e+01
4.877853000000000350e+01
4.896544999999999703e+01
4.880523999999999774e+01
4.845810000000000173e+01
4.848861999999999739e+01
4.827499000000000251e+01
4.863739000000000345e+01
4.832077000000000311e+01
4.825972999999999757e+01
4.798125999999999891e+01
4.762268000000000256e+01
4.773331000000000301e+01
4.736328000000000316e+01
4.759597999999999729e+01
4.731369000000000113e+01
4.762648999999999688e+01
4.780196999999999719e+01
4.781723000000000212e+01
4.786301000000000272e+01
4.821014000000000266e+01
4.922485000000000355e+01
5.041122000000000014e+01
5.247878999999999650e+01
5.443191000000000201e+01
5.670165999999999684e+01
5.916595000000000226e+01
6.142806999999999817e+01
6.309890999999999650e+01
6.439972000000000207e+01
6.619262999999999408e+01
6.756592000000000553e+01
6.924057000000000528e+01
7.020186999999999955e+01
7.139206000000000074e+01
7.227325000000000443e+01
7.305526999999999305e+01
7.358933000000000391e+01
7.384108999999999412e+01
7.376099000000000672e+01
7.361983999999999639e+01
7.374953999999999610e+01
7.361983999999999639e+01
7.351303000000000054e+01
7.329178000000000281e+01
7.331085000000000207e+01
7.362366000000000099e+01
7.368469000000000335e+01
7.385254000000000474e+01
7.339476999999999407e+01
7.386016999999999655e+01
7.379913000000000523e+01
7.443618999999999630e+01
7.482528999999999542e+01
7.504273000000000593e+01
7.582474000000000558e+01
7.596206999999999709e+01
7.675171000000000276e+01
7.678603999999999985e+01
7.727813999999999339e+01
7.781601000000000568e+01
7.840729000000000326e+01
7.894516000000000133e+01
7.938003999999999394e+01
7.994079999999999586e+01
8.014297999999999433e+01
8.046340999999999610e+01
8.070754999999999768e+01
8.043289000000000044e+01
8.031844999999999857e+01
8.040618999999999517e+01
8.032227000000000317e+01
8.003997999999999990e+01
7.974242999999999881e+01
7.906722999999999502e+01
7.888794000000000040e+01
7.818985000000000696e+01
7.755661000000000627e+01
7.655334000000000572e+01
7.558822999999999581e+01
7.478333000000000652e+01
7.334900000000000375e+01
7.248305999999999472e+01
7.046509000000000356e+01
6.892395000000000493e+01
6.783675999999999817e+01
6.649017000000000621e+01
6.571578999999999837e+01
6.460953000000000657e+01
6.431198000000000548e+01
6.367110999999999876e+01
6.324768000000000256e+01
6.299210000000000065e+01
6.223678999999999917e+01
6.196594000000000335e+01
6.136704000000000292e+01
6.150054999999999694e+01
6.121826000000000079e+01
6.117629999999999768e+01
6.118012000000000228e+01
6.155776999999999788e+01
6.152344000000000079e+01
6.128692999999999813e+01
6.149674000000000262e+01
6.107330000000000325e+01
6.145477000000000345e+01
6.106186000000000291e+01
6.072234999999999872e+01
6.064605999999999852e+01
6.035233000000000203e+01
6.070327999999999946e+01
5.995177999999999940e+01
5.953217000000000070e+01
5.870438000000000045e+01
5.862807999999999709e+01
5.820465000000000089e+01
5.781174000000000035e+01
5.715178999999999832e+01
5.653000000000000114e+01
5.628204000000000207e+01
5.589676000000000045e+01
5.551529000000000025e+01
5.493927000000000049e+01
5.459976000000000340e+01
5.407715000000000316e+01
5.401230000000000331e+01
5.366134999999999877e+01
5.325699000000000183e+01
5.313873000000000246e+01
5.283736999999999995e+01
5.292510999999999655e+01
5.242157000000000266e+01
5.228043000000000262e+01
5.220412999999999926e+01
5.189896000000000242e+01
5.214309999999999690e+01
5.156325999999999965e+01
5.169677999999999685e+01
5.137633999999999901e+01
5.169295999999999935e+01
5.152512000000000114e+01
5.117416000000000054e+01
5.106734999999999758e+01
5.109787000000000035e+01
5.113983000000000345e+01
5.083084000000000202e+01
5.061722000000000321e+01
5.027389999999999759e+01
5.038071000000000055e+01
5.038071000000000055e+01
5.037689000000000306e+01
5.012131000000000114e+01
4.997634999999999650e+01
5.010985999999999763e+01
4.976653999999999911e+01
4.962158000000000158e+01
4.953383999999999787e+01
4.962921000000000049e+01
4.956436000000000064e+01
4.918289000000000044e+01
4.906844999999999857e+01
4.877089999999999748e+01
4.898834000000000088e+01
4.858017000000000252e+01
4.835891999999999769e+01
4.834747000000000128e+01
4.857253999999999650e+01
4.856873000000000218e+01
4.842376999999999754e+01
4.850388000000000233e+01
4.833984000000000236e+01
4.912185999999999808e+01
4.945754999999999768e+01
5.023192999999999842e+01
5.172729000000000354e+01
5.385208000000000084e+01
5.593108999999999753e+01
5.827331000000000216e+01
6.035994999999999777e+01
6.251144000000000034e+01
6.470489000000000601e+01
6.615448000000000661e+01
6.758880999999999517e+01
6.899643000000000370e+01
7.032393999999999323e+01
7.209778000000000020e+01
7.297897000000000389e+01
7.397460999999999842e+01
7.426452999999999349e+01
7.474899000000000626e+01
7.541275000000000261e+01
7.513045999999999935e+01
7.534789999999999566e+01
7.489395000000000380e+01
7.526398000000000366e+01
7.520676000000000272e+01
7.518768000000000029e+01
7.512664999999999793e+01
7.538223000000000695e+01
7.553481999999999630e+01
7.558441000000000543e+01
7.556534000000000617e+01
7.558060000000000400e+01
7.606887999999999295e+01
7.611464999999999748e+01
7.699585000000000434e+01
7.692337000000000558e+01
7.717896000000000356e+01
7.779312000000000182e+01
7.828521999999999537e+01
7.904815999999999576e+01
7.906341999999999359e+01
7.987212999999999852e+01
8.040618999999999517e+01
8.084869000000000483e+01
8.150863999999999976e+01
8.147812000000000410e+01
8.180617999999999768e+01
8.196259000000000583e+01
8.248900999999999328e+01
8.237457000000000562e+01
8.236312999999999818e+01
8.222960999999999387e+01
8.221053999999999462e+01
8.201218000000000075e+01
8.177948000000000661e+01
8.123398000000000252e+01
8.045197000000000287e+01
8.047104000000000212e+01
7.952880999999999290e+01
7.857513000000000147e+01
7.780837999999999965e+01
7.657241999999999393e+01
7.584762999999999522e+01
7.426071000000000311e+01
7.266997999999999536e+01
7.088469999999999516e+01
6.945418999999999699e+01
6.790923999999999694e+01
6.686782999999999788e+01
6.569671999999999912e+01
6.505203000000000202e+01
6.491469999999999629e+01
6.434631000000000256e+01
6.415175999999999590e+01
6.322097999999999729e+01
6.299972000000000349e+01
6.256484999999999985e+01
6.227875000000000227e+01
6.218719999999999715e+01
6.203842000000000212e+01
6.220627000000000351e+01
6.210327000000000197e+01
6.263732999999999862e+01
6.221390000000000242e+01
6.234741000000000355e+01
6.245803999999999689e+01
6.225585999999999842e+01
6.246567000000000291e+01
6.173705999999999960e+01
6.173324999999999818e+01
6.154632999999999754e+01
6.144333000000000311e+01
6.114959999999999951e+01
6.038665999999999912e+01
6.007385000000000019e+01
5.982207999999999970e+01
5.958939000000000163e+01
5.896377999999999986e+01
5.844879000000000246e+01
5.765532999999999930e+01
5.743027000000000015e+01
5.702971999999999753e+01
5.600737999999999772e+01
5.603790000000000049e+01
5.562210000000000321e+01
5.556107000000000085e+01
5.472182999999999709e+01
5.442428999999999917e+01
5.426787999999999812e+01
5.401993000000000222e+01
5.385970999999999975e+01
5.323409999999999798e+01
5.310822000000000287e+01
5.318831999999999738e+01
5.300522000000000133e+01
5.271911999999999665e+01
5.259705000000000297e+01
5.269622999999999990e+01
5.249786000000000286e+01
5.244827000000000083e+01
5.204010000000000247e+01
5.216597999999999757e+01
5.195235999999999876e+01
5.200957999999999970e+01
5.154800000000000182e+01
5.157088999999999857e+01
5.137633999999999901e+01
5.154037000000000290e+01
5.140686000000000178e+01
5.089188000000000045e+01
5.092620999999999754e+01
5.075072999999999723e+01
5.088806000000000296e+01
5.075455000000000183e+01
5.020523000000000025e+01
5.053710999999999842e+01
5.014419999999999789e+01
5.029677999999999827e+01
4.998778999999999684e+01
4.991149999999999665e+01
4.971694999999999709e+01
4.976653999999999911e+01
4.957580999999999705e+01
4.925536999999999921e+01
4.900742000000000331e+01
4.898071000000000197e+01
4.917907999999999902e+01
4.871750000000000114e+01
4.883194000000000301e+01
4.859924000000000177e+01
4.899215999999999838e+01
4.906081999999999965e+01
4.937744000000000000e+01
4.970550999999999675e+01
5.052947999999999951e+01
5.244445999999999941e+01
5.434035999999999689e+01
5.675507000000000346e+01
5.879592999999999847e+01
6.122207999999999828e+01
6.383514000000000266e+01
6.549835000000000207e+01
6.729889000000000010e+01
6.867600000000000193e+01
7.031250000000000000e+01
7.192611999999999739e+01
7.300948999999999955e+01
7.434081999999999368e+01
7.500839000000000567e+01
7.592010999999999399e+01
7.639694000000000074e+01
7.690048000000000172e+01
7.641602000000000317e+01
7.693480999999999881e+01
7.685089000000000681e+01
7.701111000000000217e+01
7.682036999999999694e+01
7.674026000000000636e+01
7.690430000000000632e+01
7.712555000000000405e+01
7.747650000000000148e+01
7.724379999999999313e+01
7.735824999999999818e+01
7.754516999999999882e+01
7.784270999999999674e+01
7.829285000000000139e+01
7.820892000000000621e+01
7.877730999999999995e+01
7.903670999999999935e+01
7.990264999999999418e+01
8.014297999999999433e+01
8.065032999999999674e+01
8.105087000000000330e+01
8.148955999999999733e+01
8.243560999999999694e+01
8.292389000000000010e+01
8.363724000000000558e+01
8.381653000000000020e+01
8.423233000000000459e+01
8.458328000000000202e+01
8.488083000000000311e+01
8.514023000000000252e+01
8.464431999999999334e+01
8.484650000000000603e+01
8.461379999999999768e+01
8.466720999999999719e+01
8.398438000000000159e+01
8.309555000000000291e+01
8.267212000000000671e+01
8.199309999999999832e+01
8.145905000000000484e+01
8.065032999999999674e+01
7.941055000000000064e+01
7.836150999999999556e+01
7.725906000000000518e+01
7.609176999999999680e+01
7.440567000000000064e+01
7.260894999999999300e+01
7.073211999999999477e+01
6.933974999999999511e+01
6.801605000000000700e+01
6.710053000000000623e+01
6.626129000000000246e+01
6.569671999999999912e+01
6.526946999999999832e+01
6.499099999999999966e+01
6.434631000000000256e+01
6.372070000000000078e+01
6.341933999999999827e+01
6.301116999999999990e+01
6.325148999999999688e+01
6.302261000000000024e+01
6.295013000000000147e+01
6.323241999999999763e+01
6.322861000000000331e+01
6.361771000000000242e+01
6.333160000000000167e+01
6.342316000000000287e+01
6.342316000000000287e+01
6.330490000000000350e+01
6.330490000000000350e+01
6.292343000000000330e+01
6.293486999999999654e+01
6.243515000000000015e+01
6.219100999999999857e+01
6.176758000000000237e+01
6.148910999999999660e+01
6.087874999999999659e+01
6.009293000000000262e+01
5.976104999999999734e+01
5.927658000000000271e+01
5.894852000000000203e+01
5.818939000000000306e+01
5.782699999999999818e+01
5.700301999999999936e+01
5.670546999999999827e+01
5.644225999999999743e+01
5.599213000000000306e+01
5.548096000000000316e+01
5.495071000000000083e+01
5.505371000000000237e+01
5.464171999999999940e+01
5.464934999999999832e+01
5.401610999999999763e+01
5.378341999999999956e+01
5.384445000000000192e+01
5.359268000000000143e+01
5.360031000000000034e+01
5.333328000000000202e+01
5.322265999999999764e+01
5.339050000000000296e+01
5.331801999999999708e+01
5.296325999999999823e+01
5.278396999999999650e+01
5.273819000000000301e+01
5.281830000000000069e+01
5.263519000000000148e+01
5.217360999999999649e+01
5.219268999999999892e+01
5.194854999999999734e+01
5.211258000000000123e+01
5.194472999999999985e+01
5.154419000000000040e+01
5.149840999999999980e+01
5.125045999999999680e+01
5.149078000000000088e+01
5.114746000000000237e+01
5.096817000000000064e+01
5.059432999999999936e+01
5.072021999999999764e+01
5.093001999999999896e+01
5.066299000000000063e+01
5.057907000000000153e+01
5.023192999999999842e+01
5.034638000000000346e+01
5.003356999999999744e+01
4.994583000000000084e+01
4.965590999999999866e+01
4.948044000000000153e+01
4.946517999999999660e+01
4.960251000000000232e+01
4.949569999999999936e+01
4.928206999999999738e+01
4.924774000000000029e+01
4.950332999999999828e+01
4.992676000000000158e+01
5.042266999999999655e+01
5.149840999999999980e+01
5.324172999999999689e+01
5.530930000000000035e+01
5.780792000000000286e+01
6.004715000000000202e+01
6.220627000000000351e+01
6.411361999999999739e+01
6.600570999999999344e+01
6.787872000000000128e+01
6.928252999999999417e+01
7.096480999999999995e+01
7.210541000000000622e+01
7.354735999999999763e+01
7.445144999999999413e+01
7.561874000000000251e+01
7.617950000000000443e+01
7.640076000000000533e+01
7.657241999999999393e+01
7.682800000000000296e+01
7.696914999999999907e+01
7.684708000000000538e+01
7.675171000000000276e+01
7.665252999999999872e+01
7.662963999999999487e+01
7.685089000000000681e+01
7.669830000000000325e+01
7.701111000000000217e+01
7.661056000000000665e+01
7.688903999999999428e+01
7.704543999999999926e+01
7.741546999999999912e+01
7.757187000000000410e+01
7.786560000000000059e+01
7.820511000000000479e+01
7.850646999999999309e+01
7.967377000000000464e+01
7.978821000000000652e+01
8.040999999999999659e+01
8.047104000000000212e+01
8.098984000000000094e+01
8.183289000000000613e+01
8.205795000000000528e+01
8.257675000000000409e+01
8.253479000000000099e+01
8.307648000000000366e+01
8.333205999999999847e+01
8.335112999999999772e+01
8.330916999999999462e+01
8.289337000000000444e+01
8.287811000000000661e+01
8.255004999999999882e+01
8.226775999999999556e+01
8.158492999999999995e+01
8.090591000000000577e+01
8.020019000000000631e+01
7.934951999999999828e+01
7.861328000000000316e+01
7.741928000000000054e+01
7.621002000000000010e+01
7.476425000000000409e+01
7.339858999999999867e+01
7.206726000000000454e+01
7.066344999999999743e+01
6.877898999999999319e+01
6.745529000000000508e+01
6.641388000000000602e+01
6.565856999999999744e+01
6.498717999999999506e+01
6.426238999999999635e+01
6.390381000000000000e+01
6.343460000000000321e+01
6.328963999999999857e+01
6.281662000000000035e+01
6.210327000000000197e+01
6.243515000000000015e+01
6.228638000000000119e+01
6.263351000000000113e+01
6.251906999999999925e+01
6.252288999999999675e+01
6.251525999999999783e+01
6.254196000000000311e+01
6.269836000000000098e+01
6.250381999999999749e+01
6.256103000000000236e+01
6.194686999999999699e+01
6.203079000000000320e+01
6.195067999999999842e+01
6.185531999999999897e+01
6.129836999999999847e+01
6.090926999999999936e+01
6.046294999999999931e+01
5.994033999999999907e+01
5.973816000000000059e+01
5.887604000000000326e+01
5.854796999999999940e+01
5.773926000000000158e+01
5.747986000000000217e+01
5.697632000000000119e+01
5.630492999999999881e+01
5.580901999999999674e+01
5.520248000000000133e+01
5.507278000000000162e+01
5.461883000000000266e+01
5.422973999999999961e+01
5.403519000000000005e+01
5.344391000000000247e+01
5.369948999999999728e+01
5.344771999999999679e+01
5.320739999999999981e+01
5.278014999999999901e+01
5.265044999999999931e+01
5.286025999999999669e+01
5.270004000000000133e+01
5.242537999999999698e+01
5.218887000000000143e+01
5.223846000000000345e+01
5.219268999999999892e+01
5.229950000000000188e+01
5.193710000000000093e+01
5.177306999999999704e+01
5.147171000000000163e+01
5.169295999999999935e+01
5.145264000000000237e+01
5.100632000000000232e+01
5.106354000000000326e+01
5.072784000000000049e+01
5.094147000000000247e+01
5.060195999999999827e+01
5.031586000000000070e+01
5.024719000000000335e+01
5.023192999999999842e+01
5.006027000000000271e+01
4.961014000000000124e+01
4.982376000000000005e+01
4.945754999999999768e+01
4.983138999999999896e+01
4.921341000000000321e+01
4.906463999999999714e+01
4.920960000000000178e+01
4.896164000000000271e+01
4.901122999999999763e+01
4.843903000000000247e+01
4.830550999999999817e+01
4.817963000000000306e+01
4.845047000000000281e+01
4.822158999999999907e+01
4.808426000000000045e+01
4.829406999999999783e+01
4.829406999999999783e+01
4.850005999999999773e+01
4.809570000000000078e+01
4.823684999999999690e+01
4.813765999999999678e+01
4.903412000000000148e+01
4.999542000000000286e+01
5.110168999999999784e+01
5.284499999999999886e+01
5.462646999999999764e+01
5.707549999999999812e+01
5.889511000000000251e+01
6.051254000000000133e+01
6.206513000000000346e+01
