5.698395000000000010e+01
5.701064999999999827e+01
5.690764999999999674e+01
5.693054000000000059e+01
5.675507000000000346e+01
5.641937000000000069e+01
5.600737999999999772e+01
5.559920999999999935e+01
5.517197000000000173e+01
5.474472000000000094e+01
5.444335999999999842e+01
5.429458999999999946e+01
5.429458999999999946e+01
5.464934999999999832e+01
5.534743999999999886e+01
5.661010999999999882e+01
5.877304000000000173e+01
6.201171999999999684e+01
6.603622000000000014e+01
7.048035000000000139e+01
7.506180000000000518e+01
7.939148000000000138e+01
8.358383000000000607e+01
8.724594000000000449e+01
9.063339000000000567e+01
9.320830999999999733e+01
9.529113999999999862e+01
9.672164999999999679e+01
9.740067000000000519e+01
9.726715000000000089e+01
9.642409999999999570e+01
9.481430000000000291e+01
9.319304999999999950e+01
9.140778000000000247e+01
8.920669999999999789e+01
8.710479999999999734e+01
8.518981999999999744e+01
8.335495000000000232e+01
8.187484999999999502e+01
8.104323999999999728e+01
8.046340999999999610e+01
8.064651000000000636e+01
8.105087000000000330e+01
8.193970000000000198e+01
8.319092000000000553e+01
8.477401999999999305e+01
8.663558999999999344e+01
8.862305000000000632e+01
9.061050000000000182e+01
9.274674000000000262e+01
9.485626000000000602e+01
9.683991000000000327e+01
9.880828999999999951e+01
1.003302999999999940e+02
1.017417999999999978e+02
1.027985000000000042e+02
1.036834999999999951e+02
1.041679000000000030e+02
1.048241000000000014e+02
1.048850999999999942e+02
1.048431000000000068e+02
1.044388000000000005e+02
1.038704000000000036e+02
1.031914000000000016e+02
1.022147999999999968e+02
1.012154000000000025e+02
1.001396000000000015e+02
9.888076999999999828e+01
9.785460999999999387e+01
9.683991000000000327e+01
9.592437999999999931e+01
9.514999000000000251e+01
9.423828000000000316e+01
9.334183000000000163e+01
9.254837000000000558e+01
9.165573000000000548e+01
9.072113000000000227e+01
8.942794999999999561e+01
8.811569000000000074e+01
8.659744000000000597e+01
8.469772000000000389e+01
8.284758999999999673e+01
8.089829000000000292e+01
7.957457999999999743e+01
7.866286999999999807e+01
7.797623000000000104e+01
7.744217000000000439e+01
7.715606999999999971e+01
7.715606999999999971e+01
7.717513999999999896e+01
7.741928000000000054e+01
7.771300999999999704e+01
7.787323000000000661e+01
7.823180999999999585e+01
7.855225000000000080e+01
7.886887000000000114e+01
7.910918999999999812e+01
7.941055000000000064e+01
7.935332999999999970e+01
7.933043999999999585e+01
7.918930000000000291e+01
7.901764000000000010e+01
7.850646999999999309e+01
7.783889999999999532e+01
7.689667000000000030e+01
7.601166000000000622e+01
7.518386999999999887e+01
7.419968000000000075e+01
7.298278999999999428e+01
7.209014999999999418e+01
7.119750999999999408e+01
7.014464999999999861e+01
6.939315999999999462e+01
6.859588999999999714e+01
6.797028000000000247e+01
6.747817999999999472e+01
6.710053000000000623e+01
6.681441999999999837e+01
6.656646999999999537e+01
6.665801999999999339e+01
6.649779999999999802e+01
6.659699000000000524e+01
6.670380000000000109e+01
6.678771999999999309e+01
6.692504999999999882e+01
6.682205000000000439e+01
6.689834999999999354e+01
6.679534999999999911e+01
6.666182999999999481e+01
6.653212999999999511e+01
6.612395999999999674e+01
6.579207999999999856e+01
6.543731999999999971e+01
6.503677000000000419e+01
6.471251999999999782e+01
6.429671999999999343e+01
6.354522999999999655e+01
6.328582999999999714e+01
6.265258999999999645e+01
6.241608000000000089e+01
6.196213000000000193e+01
6.144333000000000311e+01
6.129455999999999705e+01
6.090926999999999936e+01
6.066512999999999778e+01
6.036377000000000237e+01
6.029128999999999650e+01
6.002044999999999675e+01
5.995940999999999832e+01
5.987167000000000172e+01
5.980301000000000045e+01
5.958176000000000272e+01
5.946732000000000085e+01
5.941391000000000133e+01
5.898666000000000054e+01
5.885314999999999941e+01
5.854034000000000049e+01
5.814361999999999853e+01
5.797194999999999965e+01
5.753325999999999851e+01
5.733872000000000213e+01
5.709456999999999738e+01
5.687713999999999714e+01
5.676650999999999669e+01
5.648040999999999912e+01
5.628967000000000098e+01
5.617522999999999911e+01
5.599976000000000198e+01
5.603790000000000049e+01
5.582045999999999708e+01
5.564498999999999995e+01
5.529404000000000252e+01
5.501174999999999926e+01
5.471038999999999675e+01
5.431365999999999872e+01
5.414963000000000193e+01
5.385970999999999975e+01
5.377197000000000315e+01
5.364990000000000236e+01
5.359649999999999892e+01
5.351639000000000124e+01
5.372619999999999862e+01
5.438231999999999999e+01
5.564880000000000138e+01
5.790328999999999837e+01
6.081389999999999674e+01
6.431960999999999729e+01
6.807326999999999373e+01
7.195282000000000266e+01
7.569504000000000588e+01
7.935332999999999970e+01
8.251189999999999714e+01
8.551788000000000523e+01
8.796309999999999718e+01
8.965682999999999936e+01
9.075545999999999935e+01
9.156798999999999467e+01
9.138488999999999862e+01
9.054564999999999486e+01
8.948516999999999655e+01
8.794785000000000252e+01
8.619689999999999941e+01
8.444594999999999629e+01
8.274078000000000088e+01
8.100509999999999877e+01
7.948685000000000400e+01
7.833481000000000449e+01
7.749558000000000391e+01
7.707976999999999634e+01
7.703400000000000603e+01
7.740783999999999310e+01
7.818222000000000094e+01
7.925795999999999708e+01
8.035660000000000025e+01
8.200835999999999615e+01
8.382416000000000622e+01
8.554458999999999946e+01
8.727646000000000015e+01
8.864212000000000558e+01
9.035872999999999422e+01
9.174728000000000350e+01
9.293747000000000469e+01
9.387587999999999511e+01
9.457778999999999314e+01
9.530258000000000607e+01
9.581374999999999886e+01
9.595108000000000459e+01
9.622955000000000325e+01
9.614181000000000665e+01
9.600830000000000553e+01
9.561539000000000499e+01
9.527969000000000221e+01
9.484481999999999857e+01
9.401321000000000083e+01
9.342574999999999363e+01
9.254456000000000415e+01
9.133911000000000513e+01
9.028624999999999545e+01
8.900069999999999482e+01
8.781815000000000282e+01
8.688736000000000104e+01
8.561324999999999363e+01
8.441544000000000381e+01
8.309174000000000149e+01
8.157349000000000672e+01
7.965851000000000681e+01
7.775115999999999872e+01
7.577895999999999788e+01
7.463074000000000296e+01
7.366943000000000552e+01
7.315825999999999851e+01
7.255173000000000627e+01
7.229233000000000686e+01
7.238769000000000631e+01
7.255173000000000627e+01
7.301331000000000415e+01
7.346344000000000563e+01
7.436751999999999896e+01
7.509232000000000085e+01
7.563018999999999892e+01
7.611464999999999748e+01
7.645035000000000025e+01
7.673264000000000351e+01
7.656860000000000355e+01
7.646560999999999808e+01
7.614516999999999314e+01
7.540511999999999659e+01
7.485580000000000211e+01
7.387542999999999438e+01
7.294464000000000681e+01
7.206345000000000312e+01
7.096099999999999852e+01
7.003020999999999674e+01
6.904601999999999862e+01
6.811905000000000143e+01
6.713103999999999871e+01
6.647110000000000696e+01
6.572342000000000439e+01
6.529236000000000217e+01
6.470489000000000601e+01
6.445694000000000301e+01
6.406784000000000390e+01
6.393813999999999709e+01
6.380463000000000306e+01
6.370926000000000045e+01
6.366347999999999985e+01
6.383896000000000015e+01
6.394957999999999743e+01
6.404877000000000464e+01
6.415558000000000050e+01
6.388092000000000326e+01
6.385421999999999798e+01
6.375122000000000355e+01
6.377792000000000172e+01
6.363295999999999708e+01
6.314086999999999961e+01
6.292725000000000080e+01
6.263732999999999862e+01
6.217193999999999932e+01
6.196976000000000084e+01
6.134033000000000158e+01
6.089401000000000153e+01
6.063461000000000212e+01
6.011200000000000188e+01
6.000518999999999892e+01
5.963515999999999906e+01
5.937575999999999965e+01
5.903244000000000113e+01
5.889893000000000001e+01
5.865097000000000094e+01
5.840682999999999936e+01
5.809020999999999901e+01
5.813980000000000103e+01
5.787277000000000271e+01
5.780792000000000286e+01
5.764388999999999896e+01
5.759429999999999694e+01
5.736542000000000030e+01
5.726241999999999877e+01
5.697632000000000119e+01
5.679702999999999946e+01
5.644608000000000203e+01
5.615997000000000128e+01
5.601120000000000232e+01
5.561066000000000287e+01
5.558014000000000010e+01
5.526351999999999975e+01
5.514907999999999788e+01
5.499649000000000143e+01
5.476760999999999768e+01
5.451583999999999719e+01
5.454635999999999996e+01
5.461120999999999981e+01
5.446625000000000227e+01
5.440520999999999674e+01
5.414580999999999733e+01
5.402756000000000114e+01
5.374907999999999930e+01
5.337142999999999660e+01
5.310822000000000287e+01
5.279540999999999684e+01
5.260085999999999729e+01
5.229950000000000188e+01
5.218506000000000000e+01
5.207442999999999955e+01
5.207061999999999813e+01
5.236052999999999713e+01
5.277633999999999759e+01
5.373763999999999896e+01
5.540084999999999837e+01
5.806351000000000084e+01
6.138991999999999649e+01
6.498717999999999506e+01
6.892014000000000351e+01
7.268143000000000598e+01
7.633590999999999838e+01
7.970427999999999713e+01
8.287048000000000059e+01
8.530425999999999931e+01
8.733749000000000251e+01
8.874893000000000143e+01
8.933638999999999442e+01
8.965300999999999476e+01
8.908080999999999960e+01
8.832169000000000381e+01
8.684920999999999935e+01
8.518219000000000563e+01
8.329773000000000138e+01
8.160399999999999920e+01
8.011627000000000010e+01
7.843398999999999432e+01
7.678986000000000445e+01
7.585907000000000266e+01
7.490540000000000020e+01
7.466507000000000005e+01
7.474899000000000626e+01
7.534789999999999566e+01
7.603454999999999586e+01
7.728194999999999482e+01
7.873153999999999542e+01
8.063889000000000351e+01
8.271026999999999418e+01
8.468627999999999645e+01
8.662796000000000163e+01
8.855819999999999936e+01
9.027863000000000682e+01
9.156417999999999324e+01
9.301376000000000488e+01
9.427643000000000484e+01
9.500503999999999394e+01
9.558486999999999512e+01
9.572601000000000226e+01
9.588241999999999621e+01
9.555817000000000405e+01
9.506606999999999630e+01
9.472275000000000489e+01
9.431458000000000652e+01
9.388733000000000573e+01
9.328461000000000070e+01
9.220122999999999536e+01
9.085845999999999378e+01
8.980942000000000291e+01
8.921433000000000391e+01
8.853911999999999694e+01
8.794785000000000252e+01
8.710098000000000695e+01
8.603668000000000404e+01
8.533477999999999497e+01
8.439636000000000138e+01
8.281325999999999965e+01
8.113860999999999990e+01
7.928085000000000093e+01
7.714843999999999369e+01
7.519912999999999670e+01
7.379149999999999920e+01
7.275391000000000474e+01
7.229613999999999407e+01
7.192611999999999739e+01
7.176971000000000345e+01
7.191085999999999956e+01
7.242965999999999838e+01
7.304381999999999664e+01
7.359695000000000675e+01
7.415009000000000583e+01
7.477187999999999590e+01
7.537842000000000553e+01
7.572937000000000296e+01
7.590865999999999758e+01
7.595825000000000671e+01
7.593917999999999324e+01
7.570647999999999911e+01
7.531738000000000000e+01
7.470322000000000173e+01
7.397841999999999985e+01
7.313155999999999324e+01
7.226944000000000301e+01
7.124710000000000321e+01
7.038497999999999877e+01
6.933593999999999369e+01
6.834793000000000518e+01
6.750870000000000459e+01
6.691361000000000558e+01
6.603622000000000014e+01
6.539154000000000622e+01
6.483840999999999610e+01
6.450652999999999793e+01
6.396484000000000236e+01
6.377411000000000030e+01
6.367493000000000336e+01
6.354140999999999906e+01
6.352996999999999872e+01
6.349564000000000163e+01
6.359100000000000108e+01
6.363678000000000168e+01
6.375885000000000247e+01
6.378936999999999813e+01
6.381607000000000340e+01
6.359481999999999857e+01
6.362151999999999674e+01
6.330109000000000208e+01
6.311034999999999684e+01
6.282043999999999784e+01
6.263732999999999862e+01
6.202698000000000178e+01
6.177138999999999669e+01
6.136704000000000292e+01
6.100464000000000198e+01
6.069946000000000197e+01
6.029509999999999792e+01
5.994796999999999798e+01
5.959700999999999738e+01
5.931853999999999871e+01
5.909347000000000349e+01
5.891799999999999926e+01
5.878829999999999956e+01
5.850983000000000089e+01
5.838776000000000010e+01
5.824660999999999689e+01
5.820846999999999838e+01
5.798720999999999748e+01
5.792235999999999763e+01
5.771636999999999773e+01
5.736160000000000281e+01
5.730438000000000187e+01
5.706405999999999779e+01
5.657195999999999714e+01
5.632018999999999664e+01
5.604552999999999940e+01
5.576706000000000074e+01
5.550766000000000133e+01
5.538940000000000197e+01
5.509566999999999837e+01
5.495452999999999832e+01
5.472565000000000168e+01
5.473709000000000202e+01
5.433655000000000257e+01
5.448532000000000153e+01
5.430221999999999838e+01
5.410385000000000133e+01
5.409622000000000241e+01
5.405044999999999789e+01
5.394362999999999886e+01
5.384064000000000050e+01
5.364609000000000094e+01
5.328750999999999749e+01
5.303954999999999842e+01
5.269622999999999990e+01
5.241393999999999664e+01
5.231094000000000221e+01
5.208588000000000306e+01
5.200576999999999828e+01
5.210112999999999772e+01
5.245208999999999833e+01
5.289077999999999946e+01
5.417633000000000010e+01
5.611037999999999926e+01
5.920029000000000252e+01
6.285094999999999743e+01
6.693649000000000626e+01
7.065963999999999601e+01
7.449340999999999724e+01
7.839203000000000543e+01
8.201218000000000075e+01
8.526229999999999620e+01
8.785247999999999990e+01
8.984757000000000460e+01
9.103011999999999659e+01
9.165192000000000405e+01
9.154129000000000360e+01
9.090805000000000291e+01
8.974456999999999596e+01
8.818053999999999348e+01
8.634566999999999837e+01
8.441925000000000523e+01
8.256911999999999807e+01
8.068465999999999383e+01
7.901381999999999550e+01
7.769393999999999778e+01
7.666397000000000617e+01
7.613372999999999990e+01
7.620238999999999407e+01
7.681655999999999551e+01
7.771683000000000163e+01
7.903289999999999793e+01
8.108902000000000498e+01
8.265685999999999467e+01
8.459853999999999985e+01
8.642959999999999354e+01
8.845901000000000636e+01
9.049224999999999852e+01
9.170914000000000499e+01
9.325790000000000646e+01
9.445189999999999486e+01
9.536742999999999881e+01
9.614562999999999704e+01
9.632111000000000445e+01
9.670638999999999896e+01
9.708786000000000627e+01
9.752273999999999887e+01
9.756087999999999738e+01
9.727097000000000548e+01
9.664916999999999803e+01
9.602737000000000478e+01
9.545135999999999399e+01
9.486388999999999783e+01
9.436798000000000286e+01
9.368134000000000583e+01
9.276962000000000330e+01
9.195708999999999378e+01
9.123610999999999649e+01
9.044266000000000361e+01
8.957290999999999315e+01
8.881377999999999417e+01
8.766555999999999926e+01
8.677291999999999916e+01
8.557510000000000616e+01
8.420562999999999931e+01
8.256530999999999665e+01
8.095932000000000528e+01
7.900620000000000687e+01
7.701111000000000217e+01
7.549285999999999319e+01
7.442473999999999990e+01
7.377242999999999995e+01
7.332229999999999848e+01
7.311629999999999541e+01
7.315444999999999709e+01
7.338715000000000543e+01
7.396698000000000661e+01
7.429504000000000019e+01
7.485580000000000211e+01
7.530212000000000216e+01
7.575226000000000681e+01
7.612609999999999388e+01
7.672881999999999891e+01
7.695389000000000124e+01
7.671356000000000108e+01
7.676697000000000060e+01
7.648467999999999734e+01
7.616424999999999557e+01
7.537460000000000093e+01
7.452011000000000251e+01
7.380294999999999561e+01
7.291794000000000153e+01
7.196044999999999447e+01
7.096863000000000454e+01
6.984711000000000070e+01
6.896210000000000662e+01
6.820296999999999343e+01
6.736754999999999427e+01
6.655884000000000356e+01
6.592177999999999827e+01
6.542968999999999369e+01
6.494141000000000474e+01
6.472396999999999423e+01
6.447601000000000226e+01
6.446837999999999624e+01
6.457138000000000488e+01
6.463241999999999621e+01
6.460953000000000657e+01
6.454849000000000103e+01
6.445694000000000301e+01
6.442641999999999314e+01
6.451416000000000395e+01
6.451416000000000395e+01
6.422423999999999467e+01
6.412125000000000341e+01
6.386184999999999690e+01
6.348418999999999812e+01
6.333923000000000059e+01
6.288909999999999911e+01
6.265258999999999645e+01
6.235123000000000104e+01
6.188201999999999714e+01
6.145477000000000345e+01
6.128692999999999813e+01
6.085587000000000302e+01
6.064605999999999852e+01
6.011581000000000330e+01
5.991745000000000232e+01
5.966949000000000325e+01
5.960083000000000197e+01
5.939865000000000350e+01
5.902100000000000080e+01
5.894089000000000311e+01
5.883026000000000266e+01
5.852127000000000123e+01
5.835341999999999985e+01
5.812836000000000070e+01
5.784226000000000312e+01
5.782699999999999818e+01
5.754852000000000345e+01
5.726241999999999877e+01
5.695342999999999734e+01
5.660629000000000133e+01
5.632018999999999664e+01
5.620575000000000188e+01
5.609131000000000000e+01
5.579758000000000351e+01
5.574416999999999689e+01
5.557251000000000118e+01
5.548859000000000208e+01
5.538559000000000054e+01
5.533599999999999852e+01
5.504990000000000094e+01
5.509566999999999837e+01
5.495452999999999832e+01
5.498505000000000109e+01
5.479431000000000296e+01
5.435181000000000040e+01
5.403137000000000256e+01
5.369185999999999837e+01
5.338669000000000153e+01
5.319214000000000198e+01
5.289077999999999946e+01
5.268478000000000350e+01
5.260468000000000188e+01
5.279160000000000252e+01
5.309676999999999936e+01
5.345917000000000030e+01
5.450439999999999685e+01
5.640793000000000035e+01
5.908203000000000316e+01
6.272124999999999773e+01
6.658553999999999462e+01
7.048797999999999320e+01
7.448959000000000685e+01
7.843779999999999575e+01
8.198928999999999689e+01
8.532332999999999856e+01
8.811569000000000074e+01
9.018707000000000562e+01
9.151076999999999373e+01
9.241486000000000445e+01
9.264373999999999398e+01
9.193420000000000414e+01
9.064484000000000208e+01
8.919907000000000608e+01
8.736038000000000636e+01
8.543778000000000361e+01
8.359528000000000247e+01
8.157349000000000672e+01
7.996367999999999654e+01
7.858275999999999328e+01
7.765961000000000070e+01
7.725142999999999915e+01
7.708359000000000094e+01
7.733916999999999575e+01
7.806395999999999447e+01
7.945632999999999413e+01
8.108902000000000498e+01
8.259201000000000192e+01
8.456038999999999817e+01
8.657455000000000211e+01
8.879851999999999634e+01
9.083557000000000414e+01
9.270859000000000094e+01
9.437941999999999609e+01
9.575271999999999650e+01
9.672928000000000281e+01
9.765242999999999540e+01
9.828185999999999467e+01
9.899521000000000015e+01
9.927750000000000341e+01
9.918213000000000079e+01
9.865950999999999738e+01
9.838486000000000331e+01
9.794997999999999649e+01
9.739685000000000059e+01
9.658432000000000528e+01
9.587479000000000440e+01
9.537887999999999522e+01
9.468460000000000321e+01
9.391785000000000139e+01
9.326935000000000286e+01
9.245681999999999334e+01
9.202194000000000074e+01
9.130477999999999383e+01
9.073639000000000010e+01
8.986281999999999925e+01
8.886337000000000330e+01
8.786011000000000593e+01
8.673859000000000208e+01
8.543013999999999442e+01
8.383178999999999803e+01
8.218384000000000356e+01
8.010483000000000686e+01
7.831955000000000666e+01
7.678986000000000445e+01
7.567596000000000345e+01
7.502365000000000350e+01
7.465363000000000682e+01
7.434462999999999511e+01
7.427215999999999951e+01
7.439422999999999320e+01
7.492064999999999486e+01
7.545090000000000430e+01
7.584381000000000483e+01
7.637023999999999546e+01
7.674026000000000636e+01
7.710266000000000020e+01
7.737731999999999744e+01
7.772445999999999344e+01
7.764816000000000429e+01
7.742691000000000656e+01
7.738112999999999886e+01
7.696914999999999907e+01
7.627487000000000705e+01
7.558060000000000400e+01
7.487105999999999995e+01
7.386780000000000257e+01
7.306289999999999907e+01
7.201385999999999399e+01
7.111359000000000208e+01
6.988524999999999920e+01
6.890869000000000710e+01
6.803893999999999664e+01
6.721877999999999531e+01
6.645583999999999492e+01
6.586455999999999733e+01
6.547545999999999822e+01
6.503677000000000419e+01
6.496048000000000400e+01
6.516647000000000389e+01
6.501006999999999891e+01
6.515883999999999787e+01
6.517792000000000030e+01
6.521605999999999881e+01
6.530379999999999541e+01
6.544113000000000113e+01
6.551743000000000450e+01
6.538391000000000020e+01
6.521224999999999739e+01
6.492995999999999412e+01
6.466674999999999329e+01
6.451416000000000395e+01
6.430817000000000405e+01
6.386948000000000292e+01
6.357193000000000183e+01
6.306457000000000335e+01
6.256103000000000236e+01
6.229019000000000261e+01
6.192398000000000025e+01
6.150435999999999837e+01
6.123734000000000322e+01
6.084441999999999950e+01
6.064986999999999995e+01
6.051635999999999882e+01
6.023787999999999698e+01
6.006240999999999985e+01
5.969238000000000000e+01
5.974197000000000202e+01
5.928802000000000305e+01
5.912398999999999916e+01
5.907059000000000282e+01
5.864334000000000202e+01
5.853652999999999906e+01
5.823516999999999655e+01
5.794906999999999897e+01
5.774689000000000050e+01
5.749130000000000251e+01
5.711364999999999981e+01
5.694198999999999700e+01
5.668258999999999759e+01
5.650710999999999729e+01
5.640793000000000035e+01
5.607222999999999757e+01
5.613707999999999743e+01
5.610275000000000034e+01
5.592728000000000321e+01
5.598830999999999847e+01
5.583572000000000202e+01
5.572509999999999764e+01
5.546950999999999965e+01
5.548859000000000208e+01
5.524826000000000192e+01
5.500412000000000035e+01
5.467224000000000217e+01
5.428314000000000306e+01
5.391693000000000069e+01
5.363083000000000311e+01
5.348205999999999705e+01
5.338286999999999694e+01
5.332184000000000168e+01
5.354308999999999941e+01
5.417251999999999867e+01
5.496596999999999866e+01
5.699157999999999902e+01
5.980301000000000045e+01
6.352996999999999872e+01
6.744002999999999304e+01
7.172775000000000034e+01
7.580185000000000173e+01
7.992553999999999803e+01
8.361816000000000315e+01
8.705902000000000385e+01
8.974837999999999738e+01
9.193801999999999452e+01
9.347534000000000276e+01
9.424209999999999354e+01
9.416199000000000296e+01
9.344863999999999749e+01
9.236526000000000636e+01
9.067916999999999916e+01
8.896254999999999313e+01
8.708953999999999951e+01
8.506392999999999915e+01
8.333588000000000306e+01
8.159636999999999318e+01
8.024979000000000440e+01
7.907867000000000246e+01
7.867050000000000409e+01
7.854842999999999620e+01
7.908629999999999427e+01
7.986069000000000528e+01
8.128737999999999886e+01
8.303833000000000197e+01
8.492279000000000622e+01
8.698654000000000508e+01
8.907317999999999358e+01
9.143066000000000315e+01
9.351730000000000587e+01
9.563065000000000282e+01
9.728240999999999872e+01
9.891128999999999394e+01
1.001816000000000031e+02
1.012535000000000025e+02
1.022758999999999929e+02
1.026573000000000064e+02
1.028937999999999988e+02
1.028632999999999953e+02
1.025925000000000011e+02
1.018524000000000029e+02
1.013336000000000041e+02
1.005973999999999933e+02
1.000443000000000069e+02
9.910582999999999743e+01
9.827804999999999325e+01
9.709166999999999348e+01
9.648131999999999664e+01
9.609604000000000212e+01
9.545897999999999683e+01
9.468079000000000178e+01
9.397507000000000232e+01
9.329224000000000672e+01
9.267807000000000528e+01
9.205626999999999782e+01
9.143066000000000315e+01
9.037399000000000626e+01
8.917999000000000365e+01
8.772278000000000020e+01
8.638763000000000147e+01
8.473968000000000700e+01
8.243941999999999837e+01
8.051300000000000523e+01
7.914733999999999980e+01
7.801819000000000415e+01
7.751082999999999856e+01
7.702254999999999541e+01
7.694625999999999522e+01
7.677840999999999383e+01
7.693863000000000341e+01
7.692718000000000700e+01
7.735824999999999818e+01
7.791137999999999408e+01
7.834243999999999630e+01
7.837676999999999339e+01
7.866286999999999807e+01
7.877730999999999995e+01
7.903289999999999793e+01
7.924271000000000242e+01
7.902145000000000152e+01
7.886123999999999512e+01
7.865524000000000626e+01
7.821654999999999802e+01
7.742310000000000514e+01
7.661056000000000665e+01
7.593917999999999324e+01
7.494353999999999871e+01
7.386780000000000257e+01
7.289122999999999308e+01
7.179259999999999309e+01
7.085800000000000409e+01
6.998824999999999363e+01
6.919478999999999758e+01
6.850815000000000055e+01
6.794738999999999862e+01
6.752013999999999783e+01
6.719970999999999606e+01
6.702423000000000286e+01
6.684113000000000682e+01
6.680298000000000513e+01
6.667328000000000543e+01
6.667709000000000685e+01
6.674957000000000562e+01
6.694411999999999807e+01
6.691742000000000701e+01
6.691361000000000558e+01
6.664275999999999556e+01
6.658172999999999320e+01
6.623839999999999861e+01
6.610107000000000710e+01
6.594849000000000672e+01
6.566620000000000346e+01
6.510161999999999694e+01
6.473160000000000025e+01
6.441115999999999531e+01
6.390381000000000000e+01
6.364441000000000059e+01
6.327819999999999823e+01
6.296157999999999788e+01
6.262588000000000221e+01
6.222916000000000025e+01
6.208037999999999812e+01
6.182480000000000331e+01
6.153488000000000113e+01
6.124497000000000213e+01
6.119156000000000262e+01
6.108474999999999966e+01
6.075287000000000148e+01
6.050491000000000241e+01
6.023787999999999698e+01
6.005859000000000236e+01
5.992125999999999664e+01
5.961227000000000231e+01
5.932236000000000331e+01
5.905532999999999788e+01
5.884933999999999799e+01
5.843735000000000213e+01
5.812836000000000070e+01
5.785370000000000346e+01
5.767822000000000315e+01
5.738448999999999955e+01
5.722809000000000168e+01
5.709456999999999738e+01
5.699920999999999793e+01
5.679702999999999946e+01
5.681992000000000331e+01
5.686569000000000074e+01
5.672836000000000212e+01
5.658339999999999748e+01
5.641555999999999926e+01
5.615615999999999985e+01
5.595015999999999678e+01
5.567551000000000272e+01
5.525589000000000084e+01
5.475234999999999985e+01
5.451964999999999861e+01
5.411148000000000025e+01
5.402373999999999654e+01
5.404281999999999897e+01
5.410766999999999882e+01
5.455780000000000030e+01
5.513763000000000147e+01
5.679702999999999946e+01
5.934143000000000256e+01
6.314086999999999961e+01
6.740188999999999453e+01
7.186127000000000464e+01
7.612990999999999531e+01
8.060455000000000325e+01
8.468627999999999645e+01
8.844375999999999749e+01
9.182358000000000686e+01
9.428405999999999665e+01
9.599303999999999348e+01
9.696578999999999837e+01
9.720229999999999393e+01
9.674071999999999605e+01
9.550857000000000596e+01
9.392166000000000281e+01
9.204864000000000601e+01
9.021377999999999986e+01
8.815384000000000242e+01
8.596801999999999566e+01
8.413315000000000055e+01
8.257294000000000267e+01
8.140945000000000675e+01
8.054733000000000231e+01
8.050536999999999921e+01
8.069611000000000445e+01
8.154677999999999827e+01
8.272933999999999344e+01
8.419418000000000291e+01
8.623886000000000251e+01
8.831405999999999779e+01
9.056472999999999729e+01
9.281920999999999822e+01
9.494019000000000119e+01
9.723282000000000380e+01
9.951782000000000039e+01
1.013183999999999969e+02
1.027603000000000009e+02
1.038550999999999931e+02
1.046028000000000020e+02
1.052513000000000005e+02
1.057700999999999993e+02
1.058349999999999937e+02
1.058121000000000009e+02
1.055297999999999945e+02
1.050147999999999939e+02
1.041068999999999960e+02
1.030579000000000036e+02
1.020279000000000025e+02
1.010361000000000047e+02
1.001205000000000069e+02
9.950256000000000256e+01
9.888457999999999970e+01
9.821701000000000192e+01
9.770583999999999492e+01
9.684753000000000611e+01
9.601211000000000695e+01
9.500503999999999394e+01
9.402846999999999866e+01
9.320830999999999733e+01
9.230804000000000542e+01
9.138870000000000005e+01
9.003067000000000064e+01
8.890533000000000641e+01
8.736038000000000636e+01
8.534622000000000241e+01
8.361435000000000173e+01
8.171462999999999965e+01
8.040999999999999659e+01
7.940291999999999462e+01
7.878875999999999635e+01
7.842636000000000251e+01
7.799148999999999887e+01
7.772826999999999487e+01
7.793044999999999334e+01
7.823563000000000045e+01
7.873534999999999684e+01
7.923888999999999783e+01
7.965469000000000221e+01
8.002472000000000207e+01
8.028412000000000148e+01
8.036041000000000167e+01
8.074569999999999936e+01
8.093643000000000143e+01
8.069611000000000445e+01
8.043671000000000504e+01
8.014678999999999576e+01
7.957076999999999600e+01
7.897567999999999699e+01
7.822418000000000404e+01
7.733154000000000394e+01
7.634354000000000440e+01
7.518386999999999887e+01
7.407379000000000246e+01
7.300185999999999353e+01
7.195663999999999305e+01
7.103347999999999729e+01
7.006073000000000661e+01
6.930159999999999343e+01
6.884766000000000474e+01
6.828307999999999822e+01
6.802750000000000341e+01
6.779098999999999364e+01
6.769943000000000666e+01
6.787872000000000128e+01
6.791304999999999836e+01
6.781768999999999892e+01
6.802367999999999881e+01
6.805038999999999305e+01
6.820678999999999803e+01
6.803512999999999522e+01
6.796645999999999788e+01
6.804657000000000266e+01
6.758880999999999517e+01
6.759261999999999659e+01
6.727982000000000085e+01
6.685257000000000005e+01
6.645965999999999951e+01
6.610869999999999891e+01
6.580733999999999639e+01
6.534194999999999709e+01
6.473923000000000627e+01
6.420897999999999683e+01
6.388472999999999757e+01
6.343842000000000070e+01
6.301879999999999882e+01
6.267548000000000030e+01
6.228638000000000119e+01
6.189728000000000208e+01
6.165695000000000192e+01
6.128692999999999813e+01
6.114197000000000060e+01
6.084060999999999808e+01
6.071471999999999980e+01
6.060027999999999793e+01
6.026077000000000083e+01
6.031799000000000177e+01
6.018829000000000207e+01
5.987548999999999921e+01
5.971146000000000242e+01
5.953217000000000070e+01
5.916595000000000226e+01
5.888747999999999649e+01
5.851745999999999981e+01
5.841826999999999970e+01
5.822753999999999763e+01
5.782318000000000069e+01
5.760956000000000188e+01
5.744933999999999941e+01
5.724716000000000093e+01
5.732345999999999719e+01
5.723953000000000202e+01
5.686187999999999931e+01
5.682372999999999763e+01
5.683516999999999797e+01
5.651474000000000331e+01
5.621719000000000221e+01
5.583953999999999951e+01
5.551910000000000167e+01
5.471038999999999675e+01
5.458068999999999704e+01
5.414200000000000301e+01
5.384064000000000050e+01
5.367660999999999660e+01
5.384826999999999941e+01
5.408859000000000350e+01
5.464934999999999832e+01
5.577468999999999966e+01
5.811310000000000286e+01
6.112288999999999817e+01
6.509780999999999551e+01
6.930924000000000262e+01
7.378768999999999778e+01
7.796097000000000321e+01
8.200454999999999472e+01
8.583831999999999596e+01
8.893967000000000667e+01
9.155655000000000143e+01
9.349060000000000059e+01
9.499741000000000213e+01
9.561539000000000499e+01
9.546280000000000143e+01
9.459686000000000661e+01
9.318541999999999348e+01
9.160232000000000596e+01
8.977509000000000583e+01
8.773421999999999343e+01
8.590317000000000291e+01
8.386992999999999654e+01
8.222960999999999387e+01
8.094405999999999324e+01
8.018874999999999886e+01
7.989502000000000237e+01
7.982254000000000360e+01
8.026122999999999763e+01
8.112717000000000667e+01
8.240509000000000128e+01
8.384323000000000548e+01
8.578109999999999502e+01
8.768081999999999709e+01
8.956909000000000276e+01
9.162139999999999418e+01
9.365845000000000198e+01
9.553909000000000162e+01
9.725570999999999344e+01
9.869002999999999304e+01
9.980392999999999404e+01
1.008491000000000071e+02
1.016007000000000033e+02
1.020850999999999971e+02
1.025962999999999994e+02
1.027259999999999991e+02
1.026420999999999992e+02
1.025123999999999995e+02
1.021576000000000022e+02
1.015014999999999930e+02
1.008644000000000034e+02
9.999084000000000572e+01
9.896469000000000449e+01
9.811782999999999788e+01
9.700394000000000005e+01
9.598541000000000167e+01
9.466170999999999935e+01
9.354018999999999551e+01
9.292221000000000686e+01
9.210586000000000695e+01
9.118271000000000015e+01
9.033584999999999354e+01
8.910370000000000346e+01
8.811187999999999931e+01
8.635330000000000439e+01
8.447647000000000617e+01
8.238983000000000345e+01
8.044814999999999827e+01
7.885742000000000473e+01
7.780455999999999506e+01
7.711029000000000622e+01
7.676314999999999600e+01
7.633208999999999378e+01
7.609557999999999822e+01
7.608414000000000499e+01
7.617950000000000443e+01
7.634354000000000440e+01
7.671356000000000108e+01
7.709122000000000696e+01
7.749558000000000391e+01
7.800673999999999353e+01
7.846451000000000420e+01
7.873153999999999542e+01
7.909393000000000029e+01
7.888794000000000040e+01
7.878113000000000454e+01
7.848358000000000345e+01
7.775879000000000474e+01
7.723999000000000592e+01
7.617950000000000443e+01
7.534789999999999566e+01
7.440184999999999604e+01
7.345199999999999818e+01
7.245255000000000223e+01
7.143402000000000385e+01
7.038497999999999877e+01
6.958388999999999669e+01
6.881332000000000448e+01
6.801986999999999739e+01
6.739807000000000414e+01
6.703185999999999467e+01
6.664658000000000015e+01
6.615067000000000519e+01
6.595229999999999393e+01
6.599425999999999704e+01
6.599044999999999561e+01
6.584548999999999808e+01
6.595229999999999393e+01
6.596756000000000597e+01
6.599808000000000163e+01
6.608199999999999363e+01
6.605147999999999797e+01
6.619262999999999408e+01
6.606673999999999580e+01
6.584548999999999808e+01
6.562041999999999575e+01
6.548309000000000424e+01
6.505203000000000202e+01
6.474685999999999808e+01
6.422805999999999926e+01
6.388472999999999757e+01
6.338882000000000261e+01
6.295776000000000039e+01
6.253432999999999709e+01
6.200789999999999935e+01
6.164932000000000301e+01
6.136321999999999832e+01
6.090164000000000044e+01
6.062317000000000178e+01
6.019210999999999956e+01
5.990982000000000340e+01
5.986023000000000138e+01
5.953979000000000354e+01
5.921555000000000035e+01
5.914307000000000158e+01
5.910110000000000241e+01
5.885314999999999941e+01
5.882262999999999664e+01
5.857086000000000325e+01
5.854796999999999940e+01
5.841445999999999827e+01
5.806351000000000084e+01
5.788421999999999912e+01
5.768585000000000207e+01
5.753325999999999851e+01
5.710602000000000089e+01
5.710983000000000231e+01
5.684279999999999688e+01
5.664444000000000301e+01
5.650330000000000297e+01
5.639647999999999683e+01
5.613707999999999743e+01
5.610275000000000034e+01
5.596542000000000172e+01
5.580901999999999674e+01
5.556107000000000085e+01
5.541991999999999763e+01
5.513763000000000147e+01
5.472946000000000311e+01
5.434035999999999689e+01
5.406188999999999822e+01
5.362700999999999851e+01
5.340576000000000079e+01
5.303573999999999700e+01
5.296325999999999823e+01
5.286406999999999812e+01
5.282211000000000212e+01
5.320739999999999981e+01
5.335235999999999734e+01
5.450057999999999936e+01
5.615615999999999985e+01
5.909729000000000099e+01
6.233977999999999753e+01
6.597518999999999778e+01
6.969832999999999856e+01
7.354735999999999763e+01
7.684708000000000538e+01
8.018874999999999886e+01
8.335877000000000692e+01
8.554076999999999487e+01
8.752060000000000173e+01
8.897017999999999915e+01
8.944320999999999344e+01
8.948897999999999797e+01
8.890533000000000641e+01
8.790206999999999482e+01
8.668137000000000114e+01
8.504868000000000450e+01
8.343505999999999290e+01
8.165358999999999412e+01
7.993698000000000548e+01
7.842636000000000251e+01
7.705688000000000670e+01
7.600403000000000020e+01
7.545090000000000430e+01
7.526398000000000366e+01
7.574844000000000221e+01
7.634735000000000582e+01
7.730866000000000327e+01
7.854080000000000439e+01
8.011245999999999867e+01
8.135223000000000582e+01
8.340836000000000183e+01
8.481978999999999758e+01
8.643340999999999497e+01
8.797835999999999501e+01
8.954238999999999749e+01
9.099578999999999951e+01
9.217453000000000429e+01
9.286118000000000450e+01
9.330367999999999995e+01
9.352875000000000227e+01
9.392547999999999320e+01
9.391785000000000139e+01
9.359359999999999502e+01
9.329986999999999853e+01
9.286499000000000592e+01
9.233474999999999966e+01
9.153748000000000218e+01
9.077454000000000178e+01
8.990097000000000094e+01
8.887481999999999971e+01
8.789825000000000443e+01
8.729552999999999940e+01
8.629989999999999384e+01
8.569335999999999842e+01
8.485412999999999784e+01
8.362578999999999496e+01
8.234787000000000035e+01
8.080292000000000030e+01
7.897567999999999699e+01
7.677460000000000662e+01
7.504653999999999314e+01
7.361983999999999639e+01
7.270050000000000523e+01
7.202530000000000143e+01
7.147598000000000695e+01
7.135009999999999764e+01
7.106018000000000256e+01
7.131194999999999595e+01
7.175445999999999458e+01
7.241440000000000055e+01
7.305907999999999447e+01
7.383728000000000691e+01
7.437515000000000498e+01
7.501601999999999748e+01
7.531356999999999857e+01
7.539749000000000478e+01
7.546233999999999753e+01
7.531738000000000000e+01
7.474899000000000626e+01
7.424926999999999566e+01
7.336043999999999699e+01
7.257080000000000553e+01
7.179259999999999309e+01
7.079697000000000173e+01
6.986236999999999853e+01
6.884766000000000474e+01
6.806946000000000652e+01
6.706238000000000454e+01
6.619643999999999551e+01
6.538009999999999877e+01
6.463622999999999763e+01
6.409072999999999354e+01
6.377411000000000030e+01
6.341552999999999685e+01
6.294632000000000005e+01
6.291962000000000188e+01
6.288528000000000162e+01
6.280518000000000001e+01
6.276702999999999832e+01
6.271744000000000341e+01
6.278609999999999758e+01
6.304169000000000267e+01
6.299210000000000065e+01
6.304549999999999699e+01
6.293486999999999654e+01
6.305313000000000301e+01
6.280899000000000143e+01
6.264876999999999896e+01
6.235885999999999996e+01
6.213378999999999763e+01
6.161117999999999739e+01
6.145477000000000345e+01
6.103896999999999906e+01
6.058502000000000010e+01
6.000137000000000143e+01
5.983353000000000321e+01
5.933762000000000114e+01
5.911636000000000024e+01
5.860900999999999783e+01
5.846405000000000030e+01
5.823516999999999655e+01
5.781174000000000035e+01
5.771636999999999773e+01
5.754471000000000203e+01
5.754088999999999743e+01
5.730819999999999936e+01
5.718612999999999857e+01
5.708312999999999704e+01
5.687713999999999714e+01
5.682372999999999763e+01
5.669021999999999650e+01
5.645369999999999777e+01
5.625914999999999822e+01
5.613327000000000311e+01
5.591201999999999828e+01
5.565261999999999887e+01
5.541991999999999763e+01
5.507659999999999911e+01
5.488586000000000098e+01
5.458832000000000306e+01
5.457305999999999813e+01
5.426406999999999670e+01
5.409622000000000241e+01
5.398178000000000054e+01
5.399703999999999837e+01
5.395508000000000237e+01
5.384445000000000192e+01
5.375670999999999822e+01
5.373763999999999896e+01
5.338669000000000153e+01
5.312729000000000212e+01
5.298615000000000208e+01
5.262375000000000114e+01
5.239486999999999739e+01
5.206298999999999921e+01
5.170441000000000287e+01
5.165863000000000227e+01
5.138015999999999650e+01
5.129623000000000133e+01
5.129623000000000133e+01
5.136871000000000009e+01
5.176162999999999670e+01
5.236435000000000173e+01
5.410385000000000133e+01
5.641555999999999926e+01
5.963134999999999764e+01
6.346130000000000138e+01
6.713867000000000473e+01
7.106018000000000256e+01
7.481766000000000361e+01
7.826995999999999754e+01
8.171462999999999965e+01
8.445358000000000231e+01
8.681870000000000687e+01
8.851622999999999308e+01
8.947372000000000014e+01
8.980559999999999832e+01
8.940886999999999318e+01
8.857345999999999719e+01
8.712769000000000119e+01
8.554076999999999487e+01
8.354949999999999477e+01
8.146286000000000627e+01
7.973099000000000558e+01
7.805634000000000583e+01
7.645035000000000025e+01
7.514571999999999719e+01
7.436370999999999754e+01
7.403182999999999936e+01
7.398224000000000444e+01
7.452773999999999432e+01
7.550048999999999921e+01
7.646941999999999950e+01
7.806777999999999906e+01
8.006287000000000376e+01
8.201981000000000677e+01
8.405684999999999718e+01
8.614731000000000449e+01
8.797454999999999359e+01
8.984375000000000000e+01
9.153365999999999758e+01
9.292221000000000686e+01
9.402465999999999724e+01
9.481049000000000149e+01
9.518050999999999817e+01
9.556960999999999729e+01
9.580612000000000705e+01
9.572983000000000686e+01
9.523009999999999309e+01
9.473037999999999670e+01
9.429931999999999448e+01
9.366226000000000340e+01
9.317016999999999882e+01
9.247589000000000681e+01
9.201049999999999329e+01
9.114455999999999847e+01
9.067153999999999314e+01
8.977889999999999304e+01
8.894729999999999848e+01
8.781051999999999680e+01
8.677673000000000059e+01
8.562087999999999965e+01
8.427048000000000627e+01
8.309555000000000291e+01
8.175278000000000134e+01
8.010483000000000686e+01
7.828902999999999679e+01
7.643509000000000242e+01
7.482528999999999542e+01
7.375336000000000070e+01
7.302855999999999881e+01
7.260513000000000261e+01
7.230377000000000010e+01
7.213593000000000188e+01
7.203673999999999467e+01
7.235717999999999961e+01
7.291411999999999694e+01
7.341384999999999650e+01
7.395171999999999457e+01
7.445525999999999556e+01
7.493210000000000548e+01
7.516097999999999502e+01
7.537460000000000093e+01
7.570266999999999769e+01
7.545471000000000572e+01
7.534027000000000385e+01
7.490921000000000163e+01
7.455443999999999960e+01
7.395553999999999917e+01
7.322311000000000547e+01
7.211684999999999945e+01
7.114409999999999457e+01
7.019805999999999813e+01
6.930159999999999343e+01
6.834029999999999916e+01
6.718825999999999965e+01
6.634902999999999906e+01
6.560515999999999792e+01
6.507872999999999308e+01
6.452559999999999718e+01
6.405258000000000607e+01
6.386184999999999690e+01
6.357193000000000183e+01
6.351852000000000231e+01
6.343079000000000178e+01
6.351471000000000089e+01
6.344223000000000212e+01
6.350708000000000197e+01
6.339264000000000010e+01
6.366347999999999985e+01
6.380080999999999847e+01
6.383133000000000123e+01
6.345748999999999995e+01
6.338118999999999659e+01
6.328200999999999965e+01
6.304169000000000267e+01
6.274414000000000158e+01
6.239318999999999704e+01
6.194304999999999950e+01
6.145477000000000345e+01
6.115722999999999843e+01
6.084060999999999808e+01
6.040955000000000297e+01
6.004715000000000202e+01
5.977248999999999768e+01
5.939484000000000208e+01
5.902100000000000080e+01
5.892943999999999960e+01
5.878448000000000206e+01
5.849457000000000306e+01
5.835723999999999734e+01
5.824660999999999689e+01
5.789565999999999946e+01
5.777741000000000327e+01
5.762863000000000113e+01
5.744552999999999798e+01
5.714797999999999689e+01
5.720902000000000243e+01
5.685806000000000182e+01
5.661392000000000024e+01
5.644608000000000203e+01
5.614471000000000345e+01
5.601120000000000232e+01
5.551910000000000167e+01
5.543518000000000256e+01
5.509185999999999694e+01
5.493927000000000049e+01
5.475997999999999877e+01
5.459212999999999738e+01
5.472565000000000168e+01
5.433655000000000257e+01
5.431747000000000014e+01
5.422211000000000070e+01
5.418014999999999759e+01
5.401230000000000331e+01
5.392837999999999710e+01
5.370712000000000330e+01
5.384445000000000192e+01
5.342101999999999862e+01
5.298615000000000208e+01
5.265426999999999680e+01
5.232238999999999862e+01
5.209351000000000198e+01
5.181121999999999872e+01
5.177306999999999704e+01
5.160904000000000025e+01
5.179596000000000089e+01
5.201720999999999862e+01
5.279921999999999827e+01
5.418777999999999651e+01
5.667877000000000010e+01
5.985640999999999678e+01
6.361008000000000351e+01
6.773757999999999413e+01
7.175445999999999458e+01
7.581328999999999496e+01
7.945632999999999413e+01
8.311462000000000216e+01
8.624267999999999290e+01
8.853911999999999694e+01
9.029388000000000147e+01
9.138106999999999402e+01
9.196090999999999838e+01
9.154891999999999541e+01
9.102630999999999517e+01
8.965682999999999936e+01
8.795928999999999576e+01
8.610535000000000139e+01
8.420944000000000074e+01
8.238219999999999743e+01
8.053207000000000448e+01
7.868576000000000192e+01
7.755661000000000627e+01
7.646178999999999348e+01
7.593917999999999324e+01
7.572173999999999694e+01
7.622910000000000252e+01
7.706833000000000311e+01
7.830809999999999604e+01
7.987976000000000454e+01
8.161163000000000523e+01
8.358383000000000607e+01
8.582305999999999813e+01
8.764647999999999683e+01
8.966827000000000680e+01
9.160613999999999635e+01
9.310912999999999329e+01
9.450530999999999437e+01
9.583281999999999812e+01
9.687041999999999575e+01
9.732437000000000182e+01
9.764481000000000677e+01
9.775543000000000404e+01
9.763335999999999615e+01
9.757995999999999981e+01
9.735869999999999891e+01
9.679412999999999556e+01
9.628677000000000419e+01
9.566497999999999990e+01
9.496689000000000647e+01
9.402465999999999724e+01
9.319687000000000410e+01
9.246062999999999477e+01
9.150696000000000652e+01
9.059143000000000256e+01
8.975982999999999379e+01
8.905791999999999575e+01
8.823394999999999300e+01
8.769988999999999635e+01
8.674240000000000350e+01
8.595275999999999783e+01
8.490752999999999417e+01
8.341598999999999364e+01
8.170699999999999363e+01
7.967758000000000607e+01
7.769393999999999778e+01
7.607268999999999437e+01
7.489014000000000237e+01
7.414627000000000123e+01
7.357407000000000608e+01
7.312775000000000603e+01
7.306671000000000049e+01
7.318497000000000696e+01
7.347870000000000346e+01
7.406234999999999502e+01
7.447814999999999941e+01
7.493210000000000548e+01
7.534408999999999423e+01
7.583236999999999739e+01
7.623291000000000395e+01
7.650374999999999659e+01
7.660294000000000381e+01
7.650374999999999659e+01
7.624817000000000178e+01
7.606125000000000114e+01
7.555007999999999413e+01
7.484816999999999609e+01
7.413482999999999379e+01
7.322311000000000547e+01
7.240676999999999452e+01
7.111740000000000350e+01
7.014464999999999861e+01
6.918335000000000434e+01
6.831359999999999388e+01
6.735992000000000246e+01
6.663132000000000232e+01
6.585312000000000410e+01
6.552124000000000592e+01
6.498336999999999364e+01
6.464767999999999404e+01
6.440353000000000350e+01
6.441879000000000133e+01
6.436157000000000039e+01
6.449890000000000612e+01
6.454849000000000103e+01
6.458281999999999812e+01
6.460953000000000657e+01
6.449127000000000010e+01
6.474303999999999348e+01
6.457519000000000631e+01
6.451035000000000252e+01
6.420135999999999399e+01
6.398391999999999769e+01
6.378555000000000064e+01
6.348418999999999812e+01
6.323624000000000223e+01
6.290435999999999694e+01
6.248855999999999966e+01
6.222916000000000025e+01
6.175995000000000346e+01
6.134033000000000158e+01
6.121826000000000079e+01
6.074904999999999688e+01
6.036377000000000237e+01
6.005478000000000094e+01
5.993652000000000157e+01
5.952454000000000178e+01
5.934143000000000256e+01
5.923461999999999961e+01
5.889130000000000109e+01
5.874251999999999896e+01
5.858230999999999966e+01
5.845642000000000138e+01
5.804825000000000301e+01
5.800628999999999991e+01
5.786896000000000129e+01
5.750274999999999892e+01
5.738067999999999813e+01
5.697632000000000119e+01
5.669785000000000252e+01
5.640411000000000286e+01
5.612563999999999709e+01
5.585479999999999734e+01
5.581665000000000276e+01
5.564498999999999995e+01
5.556868999999999659e+01
5.566405999999999921e+01
5.542374000000000223e+01
5.530930000000000035e+01
5.525207000000000335e+01
5.533599999999999852e+01
5.508422999999999803e+01
5.484008999999999645e+01
5.467987000000000108e+01
5.442047000000000168e+01
5.403519000000000005e+01
5.376433999999999713e+01
5.330277000000000243e+01
5.307388000000000261e+01
5.287169999999999703e+01
5.261612000000000222e+01
5.282974000000000103e+01
5.275345000000000084e+01
5.297852000000000317e+01
5.350493999999999772e+01
5.471419999999999817e+01
5.686569000000000074e+01
5.987930000000000064e+01
6.363295999999999708e+01
6.760025000000000261e+01
7.143783999999999423e+01
7.554627000000000692e+01
7.918930000000000291e+01
8.292006999999999550e+01
8.625029999999999575e+01
8.887481999999999971e+01
9.103775000000000261e+01
9.208298000000000627e+01
9.263611000000000217e+01
9.269333000000000311e+01
9.194565000000000055e+01
9.062575999999999965e+01
8.886718999999999369e+01
8.697890999999999906e+01
8.493805000000000405e+01
8.320618000000000336e+01
8.123015999999999792e+01
7.947539999999999338e+01
7.815932999999999709e+01
7.725525000000000375e+01
7.660294000000000381e+01
7.653427000000000646e+01
7.714843999999999369e+01
7.806777999999999906e+01
7.922745000000000459e+01
8.050919000000000381e+01
8.234787000000000035e+01
8.417892999999999404e+01
8.629227000000000203e+01
8.832931000000000665e+01
9.043120999999999299e+01
9.239197000000000060e+01
9.414673000000000513e+01
9.589386000000000365e+01
9.720611999999999853e+01
9.809113000000000682e+01
9.876632999999999640e+01
9.941101000000000454e+01
9.945678999999999803e+01
9.935760999999999399e+01
9.899138999999999555e+01
9.879684000000000310e+01
9.831619000000000597e+01
9.775924999999999443e+01
9.724044999999999561e+01
9.646605999999999881e+01
9.549712999999999852e+01
9.441375999999999635e+01
9.341812000000000182e+01
9.265900000000000603e+01
9.197616999999999621e+01
9.125900000000000034e+01
9.061812999999999363e+01
9.002303999999999462e+01
8.930588000000000193e+01
8.863067999999999813e+01
8.756637999999999522e+01
8.633041000000000054e+01
8.512878000000000611e+01
8.362578999999999496e+01
8.191298999999999353e+01
7.993317000000000405e+01
7.809448000000000434e+01
7.654572000000000287e+01
7.577133000000000607e+01
7.510375999999999408e+01
7.480620999999999299e+01
7.463455000000000439e+01
7.447814999999999941e+01
7.461166000000000054e+01
7.481383999999999901e+01
7.546616000000000213e+01
7.601166000000000622e+01
7.648850000000000193e+01
7.699585000000000434e+01
7.711409999999999343e+01
7.765578999999999610e+01
7.769393999999999778e+01
7.778931000000000040e+01
7.755280000000000484e+01
7.735442999999999358e+01
7.696151999999999305e+01
7.624434999999999718e+01
7.550048999999999921e+01
7.465743999999999403e+01
7.371903000000000361e+01
7.283020000000000493e+01
7.193375000000000341e+01
7.094574000000000069e+01
6.996155000000000257e+01
6.896590999999999383e+01
6.824111999999999512e+01
6.745148000000000366e+01
6.684874999999999545e+01
6.636047000000000651e+01
6.584166999999999348e+01
6.581497000000000241e+01
6.572723000000000582e+01
6.539534999999999343e+01
6.546783000000000641e+01
6.551360999999999990e+01
6.552886999999999773e+01
6.569289999999999452e+01
6.578064000000000533e+01
6.553650000000000375e+01
6.566237999999999886e+01
6.547164999999999679e+01
6.534194999999999709e+01
6.508254999999999768e+01
6.496810999999999581e+01
6.462479000000000440e+01
6.412125000000000341e+01
6.389999000000000251e+01
6.354522999999999655e+01
6.326675000000000182e+01
6.281662000000000035e+01
6.238174000000000063e+01
6.203461000000000070e+01
6.163024999999999665e+01
6.134414999999999907e+01
6.117249000000000336e+01
6.093596999999999753e+01
6.054688000000000159e+01
6.026458999999999833e+01
6.021500000000000341e+01
5.999374000000000251e+01
5.987548999999999921e+01
5.946350000000000335e+01
5.924605999999999995e+01
5.892562999999999818e+01
5.879211000000000098e+01
5.834197999999999951e+01
5.814361999999999853e+01
5.805969000000000335e+01
5.772780999999999807e+01
5.754852000000000345e+01
5.720902000000000243e+01
5.707168999999999670e+01
5.675124999999999886e+01
5.648422000000000054e+01
5.665207000000000193e+01
5.640793000000000035e+01
5.629348999999999847e+01
5.620575000000000188e+01
5.621719000000000221e+01
5.617522999999999911e+01
5.602646000000000015e+01
5.592345999999999862e+01
5.570602000000000231e+01
5.554581000000000301e+01
5.509566999999999837e+01
5.484772000000000247e+01
5.447005999999999659e+01
5.410766999999999882e+01
5.371856999999999971e+01
5.345917000000000030e+01
5.336379999999999768e+01
5.326080000000000325e+01
5.330277000000000243e+01
5.351639000000000124e+01
5.435181000000000040e+01
5.579758000000000351e+01
5.811690999999999718e+01
6.156157999999999930e+01
6.555176000000000158e+01
6.978606999999999516e+01
7.406998000000000104e+01
7.830428999999999462e+01
8.238602000000000203e+01
8.603287000000000262e+01
8.917618000000000222e+01
9.178543000000000518e+01
9.366988999999999521e+01
9.473418999999999812e+01
9.510039999999999338e+01
9.503937000000000523e+01
9.405898999999999432e+01
9.257506999999999664e+01
9.089279000000000508e+01
8.884430000000000405e+01
8.700180000000000291e+01
8.514404000000000394e+01
8.311081000000000074e+01
8.155060000000000286e+01
8.024596999999999980e+01
7.936096000000000572e+01
7.912825999999999738e+01
7.926559000000000310e+01
7.997131000000000256e+01
8.068085000000000662e+01
8.223723999999999990e+01
8.380889999999999418e+01
8.581162000000000489e+01
8.808517999999999404e+01
9.029007000000000005e+01
9.270095999999999492e+01
9.457778999999999314e+01
9.653091000000000577e+01
9.819411999999999807e+01
9.954071000000000424e+01
1.007117999999999967e+02
1.016884000000000015e+02
1.022185999999999950e+02
1.028709000000000060e+02
1.032104000000000070e+02
1.031723000000000070e+02
1.032027999999999963e+02
1.029509999999999934e+02
1.024321999999999946e+02
1.014022999999999968e+02
1.005782999999999987e+02
9.963988999999999407e+01
9.846877999999999531e+01
9.759520999999999447e+01
9.658051000000000386e+01
9.566115999999999531e+01
9.477997000000000583e+01
9.435653999999999542e+01
9.392166000000000281e+01
9.340286000000000399e+01
9.281920999999999822e+01
9.201049999999999329e+01
9.111404000000000281e+01
9.002684999999999604e+01
8.860397000000000389e+01
8.719253999999999394e+01
8.553695999999999344e+01
8.367538999999999305e+01
8.180236999999999625e+01
8.031463999999999714e+01
7.888411999999999580e+01
7.817458999999999492e+01
7.778931000000000040e+01
7.724761999999999773e+01
7.699204000000000292e+01
7.696532999999999447e+01
7.714462000000000330e+01
7.715988000000000113e+01
7.753372000000000241e+01
7.779694000000000642e+01
7.801055999999999813e+01
7.824326000000000647e+01
7.870483000000000118e+01
7.900620000000000687e+01
7.908629999999999427e+01
7.925414999999999566e+01
7.928848000000000695e+01
7.902145000000000152e+01
7.860947000000000173e+01
7.808684999999999832e+01
7.755661000000000627e+01
7.666778999999999655e+01
7.586669999999999447e+01
7.469177000000000533e+01
7.392502000000000351e+01
7.264709000000000572e+01
7.160949999999999704e+01
7.071304000000000656e+01
6.984328999999999610e+01
6.905365000000000464e+01
6.843184999999999718e+01
6.784058000000000277e+01
6.749344000000000676e+01
6.714629999999999654e+01
6.696320000000000050e+01
6.674576000000000420e+01
6.672287000000000035e+01
6.676102000000000203e+01
6.667709000000000685e+01
6.686400999999999328e+01
6.690596999999999639e+01
6.675338999999999601e+01
6.679152999999999452e+01
6.685638000000000147e+01
6.668854000000000326e+01
6.652451000000000647e+01
6.618117999999999768e+01
6.596375000000000455e+01
6.549454000000000065e+01
6.519698999999999955e+01
6.486129999999999995e+01
6.435775999999999897e+01
6.406020999999999788e+01
6.362915000000000276e+01
6.336211999999999733e+01
6.279755000000000109e+01
6.250000000000000000e+01
6.223678999999999917e+01
6.204605000000000103e+01
6.175231999999999744e+01
6.155013999999999896e+01
6.127167000000000030e+01
6.106186000000000291e+01
6.085967999999999734e+01
6.077575999999999823e+01
6.048203000000000173e+01
6.017302999999999713e+01
6.005478000000000094e+01
5.977248999999999768e+01
5.960464000000000340e+01
5.923080000000000211e+01
5.897522000000000020e+01
5.891799999999999926e+01
5.838776000000000010e+01
5.809783999999999793e+01
5.788421999999999912e+01
5.749512000000000000e+01
5.733109000000000322e+01
5.720902000000000243e+01
5.727004999999999768e+01
5.711746000000000123e+01
5.698776000000000153e+01
5.694962000000000302e+01
5.686187999999999931e+01
5.677031999999999812e+01
5.656051999999999680e+01
5.626297000000000281e+01
5.619429999999999836e+01
5.585479999999999734e+01
5.531692000000000320e+01
5.482101000000000113e+01
5.435943999999999932e+01
5.409241000000000099e+01
5.388259999999999650e+01
5.387496999999999758e+01
5.410766999999999882e+01
5.453873000000000104e+01
5.508422999999999803e+01
5.653000000000000114e+01
5.886077999999999832e+01
6.241989000000000232e+01
6.666182999999999481e+01
7.132720999999999378e+01
7.581710999999999956e+01
8.017349000000000103e+01
8.431243999999999517e+01
8.823775999999999442e+01
9.147262999999999522e+01
9.401703000000000543e+01
9.599303999999999348e+01
9.720611999999999853e+01
9.758759000000000583e+01
9.708786000000000627e+01
9.618759000000000015e+01
9.476851999999999521e+01
9.272002999999999417e+01
9.087372000000000583e+01
8.879089000000000453e+01
8.687210000000000321e+01
8.501434000000000424e+01
8.341217000000000326e+01
8.208847000000000094e+01
8.113479999999999848e+01
8.087921000000000049e+01
8.111571999999999605e+01
8.174133000000000493e+01
8.259963999999999373e+01
8.399962999999999624e+01
8.552550999999999704e+01
8.749770999999999788e+01
8.948516999999999655e+01
9.161377000000000237e+01
9.389876999999999896e+01
9.587096999999999980e+01
9.788132000000000232e+01
9.977340999999999838e+01
1.012459000000000060e+02
1.028136999999999972e+02
1.039390999999999963e+02
1.049231999999999942e+02
1.055945999999999998e+02
1.059111999999999938e+02
1.061020000000000039e+02
1.059303000000000026e+02
1.054955000000000069e+02
1.046944000000000017e+02
1.038436999999999983e+02
1.028098999999999990e+02
1.019210999999999956e+02
1.010054999999999978e+02
1.000137000000000000e+02
9.915923999999999694e+01
9.835814999999999486e+01
9.726333999999999946e+01
9.641647000000000389e+01
9.541321000000000652e+01
9.457016000000000133e+01
9.337233999999999412e+01
9.246826000000000079e+01
9.150314000000000192e+01
9.011078000000000543e+01
8.914946999999999377e+01
8.763885999999999399e+01
8.615112000000000592e+01
8.420180999999999472e+01
8.248138000000000147e+01
8.116912999999999556e+01
8.002853000000000350e+01
7.928848000000000695e+01
7.862854000000000099e+01
7.818985000000000696e+01
7.796097000000000321e+01
7.762909000000000503e+01
7.767486999999999853e+01
7.793044999999999334e+01
7.818222000000000094e+01
7.859038999999999930e+01
7.906341999999999359e+01
7.950592000000000326e+01
7.982635999999999399e+01
8.027648999999999546e+01
8.042144999999999300e+01
8.043671000000000504e+01
8.048629999999999995e+01
8.017731000000000563e+01
7.948685000000000400e+01
7.898712000000000444e+01
7.814025999999999783e+01
7.725142999999999915e+01
7.639694000000000074e+01
7.521819999999999595e+01
7.411194000000000415e+01
7.326507999999999754e+01
7.223891999999999314e+01
7.106018000000000256e+01
7.039642000000000621e+01
6.960296999999999912e+01
6.891631999999999891e+01
6.815720000000000312e+01
6.795120000000000005e+01
6.745529000000000508e+01
6.726456000000000301e+01
6.724166999999999916e+01
6.726073999999999842e+01
6.700516000000000361e+01
6.731795999999999935e+01
6.727982000000000085e+01
6.711196999999999946e+01
6.714629999999999654e+01
6.718825999999999965e+01
6.718825999999999965e+01
6.698226999999999975e+01
6.680679000000000656e+01
6.643295000000000528e+01
6.625365999999999644e+01
6.575394000000000005e+01
6.533432000000000528e+01
6.502151000000000636e+01
6.468963999999999714e+01
6.433486999999999512e+01
6.366729999999999734e+01
6.321715999999999980e+01
6.289291000000000054e+01
6.238174000000000063e+01
6.226348999999999734e+01
6.193160999999999916e+01
6.149674000000000262e+01
6.118773999999999802e+01
6.106566999999999723e+01
6.073760999999999655e+01
6.061554000000000286e+01
6.027602999999999867e+01
6.023407000000000266e+01
6.011963000000000079e+01
5.990218999999999738e+01
5.974960000000000093e+01
5.954361000000000104e+01
5.937575999999999965e+01
5.887221999999999866e+01
5.877685000000000315e+01
5.836104999999999876e+01
5.814742999999999995e+01
5.772017999999999915e+01
5.752181999999999817e+01
5.720902000000000243e+01
5.712509000000000015e+01
5.692291000000000167e+01
5.669402999999999793e+01
5.657195999999999714e+01
5.641174000000000177e+01
5.630111999999999739e+01
5.635452000000000083e+01
5.634308000000000050e+01
5.617522999999999911e+01
5.598830999999999847e+01
5.551910000000000167e+01
5.518722000000000349e+01
5.480575999999999937e+01
5.442428999999999917e+01
5.425263000000000346e+01
5.392455999999999960e+01
5.387496999999999758e+01
5.404281999999999897e+01
5.403519000000000005e+01
5.421829000000000320e+01
5.496596999999999866e+01
5.660629000000000133e+01
5.899810999999999694e+01
6.216049000000000291e+01
6.614303999999999917e+01
7.018662000000000489e+01
7.417678999999999689e+01
7.794952000000000680e+01
8.157349000000000672e+01
8.498000999999999294e+01
8.790206999999999482e+01
9.012604000000000326e+01
9.171295000000000641e+01
9.251022000000000389e+01
9.277343999999999369e+01
9.212112000000000478e+01
9.127044999999999675e+01
8.998488999999999294e+01
8.848953000000000202e+01
8.666992000000000473e+01
8.486938000000000670e+01
8.322144000000000119e+01
8.155822999999999467e+01
8.015059999999999718e+01
7.902907999999999333e+01
7.849120999999999526e+01
7.834243999999999630e+01
7.856368999999999403e+01
7.928467000000000553e+01
8.037566999999999950e+01
8.166122000000000014e+01
8.320618000000000336e+01
8.503722999999999388e+01
8.699035999999999547e+01
8.877944999999999709e+01
9.063720999999999606e+01
9.238814999999999600e+01
9.381104000000000553e+01
9.547423999999999467e+01
9.644317999999999813e+01
9.731673999999999580e+01
9.778594999999999970e+01
9.813689999999999714e+01
9.880065999999999349e+01
9.897231999999999630e+01
9.886551000000000045e+01
9.866333000000000197e+01
9.853745000000000687e+01
9.797287000000000035e+01
9.729385000000000616e+01
9.648514000000000124e+01
9.582519000000000631e+01
9.476470999999999378e+01
9.417342999999999620e+01
9.351730000000000587e+01
9.249115000000000464e+01
9.196854000000000440e+01
9.110259999999999536e+01
9.029770000000000607e+01
8.943558000000000163e+01
8.833695000000000164e+01
8.665085000000000548e+01
8.509826999999999941e+01
8.321761999999999659e+01
8.132553000000000054e+01
7.929610999999999876e+01
7.739638999999999669e+01
7.609940000000000282e+01
7.509613000000000227e+01
7.455826000000000420e+01
7.429886000000000479e+01
7.398224000000000444e+01
7.410811999999999955e+01
7.420731000000000677e+01
7.467650999999999328e+01
7.497405999999999437e+01
7.537078999999999951e+01
7.572173999999999694e+01
7.631682999999999595e+01
7.680893000000000370e+01
7.700347999999999615e+01
7.714081000000000188e+01
7.714843999999999369e+01
7.700347999999999615e+01
7.658004999999999995e+01
7.634735000000000582e+01
7.572173999999999694e+01
7.491303000000000623e+01
7.413101000000000340e+01
7.339096000000000686e+01
7.249832000000000676e+01
7.157134999999999536e+01
7.051848999999999990e+01
6.956862999999999886e+01
6.877898999999999319e+01
6.795883000000000607e+01
6.723784999999999457e+01
6.631470000000000198e+01
6.577683000000000391e+01
6.535720999999999492e+01
6.498336999999999364e+01
6.466293000000000291e+01
6.471251999999999782e+01
6.454849000000000103e+01
6.452942000000000178e+01
6.468963999999999714e+01
6.461333999999999378e+01
6.474685999999999808e+01
6.474685999999999808e+01
6.473160000000000025e+01
6.486511000000000138e+01
6.476975000000000193e+01
6.462479000000000440e+01
6.432343000000000188e+01
6.428528000000000020e+01
6.402969000000000221e+01
6.360244999999999749e+01
6.327438000000000073e+01
6.292725000000000080e+01
6.241226000000000340e+01
6.204223999999999961e+01
6.164168999999999699e+01
6.132506999999999664e+01
6.083679000000000059e+01
6.052017000000000024e+01
6.005478000000000094e+01
5.974197000000000202e+01
5.958556999999999704e+01
5.924605999999999995e+01
5.901337000000000188e+01
5.879592999999999847e+01
5.884933999999999799e+01
5.854415999999999798e+01
5.837250000000000227e+01
5.837250000000000227e+01
5.816649999999999920e+01
5.783080999999999960e+01
5.779648000000000252e+01
5.751037999999999784e+01
5.740355999999999881e+01
5.718612999999999857e+01
5.683516999999999797e+01
5.652617999999999654e+01
5.660247999999999990e+01
5.627441000000000315e+01
5.603408999999999907e+01
5.603790000000000049e+01
5.570983999999999980e+01
5.558776999999999902e+01
5.549622000000000099e+01
5.536269999999999669e+01
5.521773999999999916e+01
