6.123561600000000382e-01
6.977862000000000231e-01
7.163806999999999814e-01
7.535929599999999784e-01
8.057446900000000412e-01
8.131998999999999755e-01
8.467647900000000449e-01
8.393037599999999543e-01
8.504958799999999819e-01
8.728888700000000389e-01
8.579588099999999606e-01
8.878236000000000461e-01
8.579588099999999606e-01
8.728888700000000389e-01
8.990282800000000130e-01
8.803556099999999551e-01
8.766218599999999750e-01
9.027634399999999726e-01
9.102357800000000498e-01
8.952933299999999983e-01
9.027634399999999726e-01
9.289217100000000116e-01
9.289217100000000116e-01
9.438757300000000239e-01
9.251833400000000207e-01
9.438757300000000239e-01
9.588348199999999766e-01
9.401369299999999818e-01
9.513550800000000196e-01
9.550948099999999608e-01
9.887694000000000205e-01
9.737999899999999487e-01
9.663167799999999863e-01
9.887694000000000205e-01
9.625760700000000059e-01
9.588348199999999766e-01
9.513550800000000196e-01
9.513550800000000196e-01
9.550948099999999608e-01
9.588348199999999766e-01
9.513550800000000196e-01
9.438757300000000239e-01
9.663167799999999863e-01
9.663167799999999863e-01
9.588348199999999766e-01
9.513550800000000196e-01
9.476147600000000004e-01
9.550948099999999608e-01
9.625760700000000059e-01
9.476147600000000004e-01
9.550948099999999608e-01
9.588348199999999766e-01
9.476147600000000004e-01
9.289217100000000116e-01
9.214462199999999825e-01
9.214462199999999825e-01
9.438757300000000239e-01
9.177093699999999687e-01
9.139719200000000487e-01
9.177093699999999687e-01
9.102357800000000498e-01
9.326595300000000144e-01
9.027634399999999726e-01
9.139719200000000487e-01
9.214462199999999825e-01
8.952933299999999983e-01
8.878236000000000461e-01
9.064999099999999643e-01
8.803556099999999551e-01
8.728888700000000389e-01
8.654230000000000533e-01
6.457651500000000100e-01
3.792204100000000078e-01
1.840766000000000069e-01
2.275442500000000173e-02
-1.160691999999999974e-01
-2.580648600000000070e-01
-3.597099899999999795e-01
-4.611028799999999928e-01
-5.514203500000000036e-01
-6.271317899999999668e-01
-6.883186199999999921e-01
-7.422299999999999454e-01
-7.996558499999999459e-01
-8.462538899999999531e-01
-8.641619099999999776e-01
-8.999536000000000202e-01
-9.285640400000000350e-01
-9.642979999999999885e-01
-9.678695999999999966e-01
-6.991066999999999698e-01
-3.850814399999999971e-01
-1.233631399999999961e-01
3.373393999999999698e-02
2.723323999999999745e-01
3.497075599999999729e-01
4.457007499999999789e-01
5.419111599999999473e-01
6.457651500000000100e-01
7.015045699999999940e-01
7.349828600000000156e-01
7.684871399999999575e-01
7.945640899999999451e-01
8.355736000000000274e-01
8.243852799999999981e-01
8.616909299999999661e-01
8.504958799999999819e-01
8.616909299999999661e-01
8.878236000000000461e-01
8.952933299999999983e-01
8.915578400000000459e-01
8.840896299999999597e-01
8.915578400000000459e-01
9.102357800000000498e-01
9.064999099999999643e-01
9.102357800000000498e-01
9.177093699999999687e-01
9.401369299999999818e-01
9.251833400000000207e-01
9.401369299999999818e-01
9.289217100000000116e-01
9.550948099999999608e-01
9.588348199999999766e-01
9.326595300000000144e-01
9.401369299999999818e-01
9.438757300000000239e-01
9.737999899999999487e-01
9.550948099999999608e-01
9.775416200000000000e-01
9.625760700000000059e-01
9.663167799999999863e-01
9.700577000000000227e-01
9.625760700000000059e-01
9.663167799999999863e-01
9.625760700000000059e-01
9.812835199999999647e-01
9.550948099999999608e-01
9.476147600000000004e-01
9.700577000000000227e-01
9.438757300000000239e-01
9.476147600000000004e-01
9.438757300000000239e-01
9.438757300000000239e-01
9.513550800000000196e-01
9.700577000000000227e-01
9.476147600000000004e-01
9.476147600000000004e-01
9.513550800000000196e-01
9.438757300000000239e-01
9.476147600000000004e-01
9.625760700000000059e-01
9.363975799999999516e-01
9.550948099999999608e-01
9.401369299999999818e-01
9.289217100000000116e-01
9.251833400000000207e-01
9.214462199999999825e-01
9.177093699999999687e-01
9.326595300000000144e-01
9.139719200000000487e-01
9.139719200000000487e-01
9.102357800000000498e-01
9.027634399999999726e-01
8.915578400000000459e-01
8.915578400000000459e-01
8.840896299999999597e-01
8.803556099999999551e-01
8.915578400000000459e-01
8.766218599999999750e-01
8.094719200000000114e-01
4.826797400000000238e-01
3.017913899999999927e-01
9.967161600000000454e-02
-5.402133099999999882e-02
-1.780249700000000046e-01
-3.089185899999999929e-01
-3.923281399999999919e-01
-5.008674899999999708e-01
-5.730666800000000505e-01
-6.559371999999999980e-01
-7.170805999999999569e-01
-7.709533400000000425e-01
-8.211694000000000493e-01
-8.605810699999999480e-01
-8.749028100000000308e-01
-9.178376000000000312e-01
-9.428614300000000004e-01
-9.714409899999999487e-01
-8.247538300000000211e-01
-5.153173500000000073e-01
-2.362511300000000036e-01
8.040671699999999691e-04
2.061231799999999892e-01
2.796947799999999762e-01
4.198347900000000132e-01
5.048821799999999582e-01
6.123561600000000382e-01
6.717680099999999710e-01
7.126611400000000263e-01
7.498705799999999533e-01
7.647629599999999916e-01
8.169281699999999535e-01
8.243852799999999981e-01
8.281145199999999651e-01
8.467647900000000449e-01
8.542269700000000299e-01
8.616909299999999661e-01
8.691557699999999942e-01
8.728888700000000389e-01
8.803556099999999551e-01
8.915578400000000459e-01
8.878236000000000461e-01
8.952933299999999983e-01
8.990282800000000130e-01
9.139719200000000487e-01
9.102357800000000498e-01
9.214462199999999825e-01
9.513550800000000196e-01
9.289217100000000116e-01
9.550948099999999608e-01
9.663167799999999863e-01
9.476147600000000004e-01
9.737999899999999487e-01
9.513550800000000196e-01
9.550948099999999608e-01
9.588348199999999766e-01
9.625760700000000059e-01
9.663167799999999863e-01
9.812835199999999647e-01
9.663167799999999863e-01
9.663167799999999863e-01
9.700577000000000227e-01
9.625760700000000059e-01
9.588348199999999766e-01
9.625760700000000059e-01
9.476147600000000004e-01
9.476147600000000004e-01
9.550948099999999608e-01
9.663167799999999863e-01
9.513550800000000196e-01
9.401369299999999818e-01
9.663167799999999863e-01
9.663167799999999863e-01
9.625760700000000059e-01
9.700577000000000227e-01
9.438757300000000239e-01
9.550948099999999608e-01
9.438757300000000239e-01
9.438757300000000239e-01
9.663167799999999863e-01
9.401369299999999818e-01
9.625760700000000059e-01
9.251833400000000207e-01
9.289217100000000116e-01
9.251833400000000207e-01
9.139719200000000487e-01
9.177093699999999687e-01
9.139719200000000487e-01
9.102357800000000498e-01
9.139719200000000487e-01
9.027634399999999726e-01
9.027634399999999726e-01
8.952933299999999983e-01
9.177093699999999687e-01
8.803556099999999551e-01
8.878236000000000461e-01
8.728888700000000389e-01
8.840896299999999597e-01
6.197779500000000219e-01
3.939854400000000201e-01
1.877501599999999993e-01
2.275442500000000173e-02
-1.379464199999999863e-01
-2.398879100000000097e-01
-3.705855900000000203e-01
-4.611028799999999928e-01
-5.297624300000000064e-01
-6.235297400000000545e-01
-6.919148999999999994e-01
-7.494129999999999958e-01
-7.709533400000000425e-01
-8.462538899999999531e-01
-8.856407699999999661e-01
-8.963759100000000535e-01
-9.321387899999999949e-01
-9.642979999999999885e-01
-9.500083299999999564e-01
-6.343351099999999798e-01
-3.524575300000000189e-01
-9.418040099999999692e-02
1.143384800000000062e-01
2.245037799999999861e-01
3.644609799999999900e-01
4.604888599999999999e-01
5.493216899999999736e-01
6.420516200000000451e-01
6.866334899999999575e-01
7.238205300000000175e-01
7.535929599999999784e-01
7.796610000000000484e-01
7.982903399999999872e-01
8.467647900000000449e-01
8.318436500000000455e-01
8.430338699999999630e-01
8.467647900000000449e-01
8.504958799999999819e-01
8.616909299999999661e-01
8.803556099999999551e-01
8.766218599999999750e-01
8.803556099999999551e-01
8.840896299999999597e-01
8.915578400000000459e-01
9.139719200000000487e-01
9.064999099999999643e-01
9.214462199999999825e-01
9.438757300000000239e-01
9.251833400000000207e-01
9.326595300000000144e-01
9.625760700000000059e-01
9.476147600000000004e-01
9.401369299999999818e-01
9.401369299999999818e-01
9.550948099999999608e-01
9.476147600000000004e-01
9.625760700000000059e-01
9.625760700000000059e-01
9.812835199999999647e-01
9.737999899999999487e-01
9.625760700000000059e-01
9.663167799999999863e-01
9.625760700000000059e-01
9.812835199999999647e-01
9.550948099999999608e-01
9.550948099999999608e-01
9.401369299999999818e-01
9.550948099999999608e-01
9.625760700000000059e-01
9.438757300000000239e-01
9.326595300000000144e-01
9.326595300000000144e-01
9.326595300000000144e-01
9.363975799999999516e-01
9.438757300000000239e-01
9.438757300000000239e-01
9.438757300000000239e-01
9.438757300000000239e-01
9.401369299999999818e-01
9.438757300000000239e-01
9.513550800000000196e-01
9.363975799999999516e-01
9.326595300000000144e-01
9.289217100000000116e-01
9.289217100000000116e-01
9.438757300000000239e-01
9.289217100000000116e-01
9.214462199999999825e-01
9.177093699999999687e-01
9.326595300000000144e-01
9.289217100000000116e-01
9.251833400000000207e-01
8.915578400000000459e-01
8.878236000000000461e-01
8.803556099999999551e-01
8.803556099999999551e-01
8.952933299999999983e-01
8.691557699999999942e-01
7.201002600000000475e-01
4.826797400000000238e-01
2.686508100000000177e-01
9.967161600000000454e-02
-7.958173600000000014e-02
-1.889486800000000077e-01
-3.270658900000000258e-01
-4.285395799999999755e-01
-5.117055799999999932e-01
-5.874912700000000099e-01
-6.667338699999999507e-01
-7.242675100000000032e-01
-7.781307899999999611e-01
-8.211694000000000493e-01
-8.426714100000000096e-01
-8.963759100000000535e-01
-9.321387899999999949e-01
-9.464349899999999760e-01
-9.642979999999999885e-01
-7.996558499999999459e-01
-4.755672499999999969e-01
-2.071485399999999921e-01
2.275442500000000173e-02
2.245037799999999861e-01
2.981081099999999817e-01
4.383094900000000238e-01
5.159877400000000280e-01
6.272020200000000267e-01
6.829168599999999589e-01
7.201002600000000475e-01
7.461480799999999913e-01
7.684871399999999575e-01
7.796610000000000484e-01
7.945640899999999451e-01
8.057446900000000412e-01
8.467647900000000449e-01
8.318436500000000455e-01
8.654230000000000533e-01
8.691557699999999942e-01
8.579588099999999606e-01
8.654230000000000533e-01
8.766218599999999750e-01
8.915578400000000459e-01
8.878236000000000461e-01
8.915578400000000459e-01
8.952933299999999983e-01
8.990282800000000130e-01
9.102357800000000498e-01
9.102357800000000498e-01
9.102357800000000498e-01
9.289217100000000116e-01
9.139719200000000487e-01
9.214462199999999825e-01
9.251833400000000207e-01
9.513550800000000196e-01
9.588348199999999766e-01
9.550948099999999608e-01
9.625760700000000059e-01
9.550948099999999608e-01
9.550948099999999608e-01
9.737999899999999487e-01
9.625760700000000059e-01
9.550948099999999608e-01
9.550948099999999608e-01
9.513550800000000196e-01
9.737999899999999487e-01
9.438757300000000239e-01
9.513550800000000196e-01
9.775416200000000000e-01
9.775416200000000000e-01
9.588348199999999766e-01
9.663167799999999863e-01
9.513550800000000196e-01
9.588348199999999766e-01
9.513550800000000196e-01
9.401369299999999818e-01
9.550948099999999608e-01
9.363975799999999516e-01
9.476147600000000004e-01
9.401369299999999818e-01
9.438757300000000239e-01
9.588348199999999766e-01
9.513550800000000196e-01
9.438757300000000239e-01
9.550948099999999608e-01
9.438757300000000239e-01
9.251833400000000207e-01
9.401369299999999818e-01
9.476147600000000004e-01
9.139719200000000487e-01
9.177093699999999687e-01
9.214462199999999825e-01
9.064999099999999643e-01
9.177093699999999687e-01
8.952933299999999983e-01
9.102357800000000498e-01
8.766218599999999750e-01
8.728888700000000389e-01
8.579588099999999606e-01
6.049360599999999977e-01
3.533948800000000223e-01
1.804031500000000121e-01
2.641429699999999978e-02
-1.488807199999999942e-01
-2.653334399999999760e-01
-3.742096999999999785e-01
-4.755672499999999969e-01
-5.442024500000000042e-01
-6.235297400000000545e-01
-6.883186199999999921e-01
-7.530036199999999846e-01
-7.996558499999999459e-01
-8.462538899999999531e-01
-8.820616700000000199e-01
-8.999536000000000202e-01
-9.500083299999999564e-01
-9.571537100000000464e-01
-8.892194399999999721e-01
-6.271317899999999668e-01
-3.234368300000000085e-01
-6.862915599999999672e-02
1.363484899999999889e-01
2.392149100000000028e-01
3.829116300000000028e-01
4.789798599999999795e-01
5.975158499999999595e-01
6.569072599999999928e-01
7.015045699999999940e-01
7.387043800000000493e-01
7.573161699999999552e-01
7.759358899999999615e-01
8.169281699999999535e-01
8.131998999999999755e-01
8.206563199999999947e-01
8.281145199999999651e-01
8.467647900000000449e-01
8.616909299999999661e-01
8.728888700000000389e-01
8.878236000000000461e-01
8.691557699999999942e-01
8.766218599999999750e-01
8.803556099999999551e-01
8.878236000000000461e-01
9.027634399999999726e-01
9.027634399999999726e-01
9.064999099999999643e-01
9.177093699999999687e-01
9.139719200000000487e-01
9.139719200000000487e-01
9.251833400000000207e-01
9.214462199999999825e-01
9.289217100000000116e-01
9.476147600000000004e-01
9.401369299999999818e-01
9.625760700000000059e-01
9.438757300000000239e-01
9.550948099999999608e-01
9.476147600000000004e-01
9.550948099999999608e-01
9.663167799999999863e-01
9.550948099999999608e-01
9.588348199999999766e-01
9.588348199999999766e-01
9.625760700000000059e-01
9.513550800000000196e-01
9.588348199999999766e-01
9.550948099999999608e-01
9.588348199999999766e-01
9.700577000000000227e-01
9.775416200000000000e-01
9.513550800000000196e-01
9.588348199999999766e-01
9.513550800000000196e-01
9.700577000000000227e-01
9.476147600000000004e-01
9.625760700000000059e-01
9.438757300000000239e-01
9.513550800000000196e-01
9.438757300000000239e-01
9.401369299999999818e-01
9.438757300000000239e-01
9.513550800000000196e-01
9.476147600000000004e-01
9.401369299999999818e-01
9.476147600000000004e-01
9.251833400000000207e-01
9.251833400000000207e-01
9.139719200000000487e-01
9.102357800000000498e-01
9.102357800000000498e-01
8.990282800000000130e-01
8.952933299999999983e-01
8.915578400000000459e-01
8.878236000000000461e-01
8.990282800000000130e-01
8.878236000000000461e-01
8.691557699999999942e-01
7.089417900000000161e-01
4.346134600000000070e-01
2.576097299999999812e-01
7.768084299999999942e-02
-8.688192499999999874e-02
-2.071485399999999921e-01
-3.306938300000000219e-01
-4.285395799999999755e-01
-5.117055799999999932e-01
-5.947014400000000256e-01
-6.595363600000000437e-01
-7.170805999999999569e-01
-7.817192400000000374e-01
-8.211694000000000493e-01
-8.713228400000000429e-01
-9.071082200000000206e-01
-9.357133300000000098e-01
-9.464349899999999760e-01
-9.571537100000000464e-01
-7.673638999999999877e-01
-4.574863200000000019e-01
-1.889486800000000077e-01
4.471633500000000289e-02
2.392149100000000028e-01
3.165294499999999900e-01
4.530936999999999881e-01
5.196894699999999867e-01
6.272020200000000267e-01
6.792001300000000130e-01
7.201002600000000475e-01
7.535929599999999784e-01
7.871116500000000515e-01
8.057446900000000412e-01
8.393037599999999543e-01
8.318436500000000455e-01
8.430338699999999630e-01
8.430338699999999630e-01
8.504958799999999819e-01
8.691557699999999942e-01
8.616909299999999661e-01
8.691557699999999942e-01
8.766218599999999750e-01
8.803556099999999551e-01
8.952933299999999983e-01
8.915578400000000459e-01
9.102357800000000498e-01
9.064999099999999643e-01
9.326595300000000144e-01
9.177093699999999687e-01
9.102357800000000498e-01
9.139719200000000487e-01
9.214462199999999825e-01
9.214462199999999825e-01
9.513550800000000196e-01
9.513550800000000196e-01
9.363975799999999516e-01
9.550948099999999608e-01
9.550948099999999608e-01
9.476147600000000004e-01
9.737999899999999487e-01
9.775416200000000000e-01
9.663167799999999863e-01
9.700577000000000227e-01
9.625760700000000059e-01
9.663167799999999863e-01
9.887694000000000205e-01
9.887694000000000205e-01
9.962564099999999812e-01
9.775416200000000000e-01
9.925122199999999451e-01
9.625760700000000059e-01
9.588348199999999766e-01
9.775416200000000000e-01
9.588348199999999766e-01
9.700577000000000227e-01
9.401369299999999818e-01
9.663167799999999863e-01
9.663167799999999863e-01
9.625760700000000059e-01
9.326595300000000144e-01
9.326595300000000144e-01
9.214462199999999825e-01
9.214462199999999825e-01
9.102357800000000498e-01
9.139719200000000487e-01
9.102357800000000498e-01
9.214462199999999825e-01
9.139719200000000487e-01
9.064999099999999643e-01
9.027634399999999726e-01
9.177093699999999687e-01
9.064999099999999643e-01
8.990282800000000130e-01
8.766218599999999750e-01
9.027634399999999726e-01
8.803556099999999551e-01
8.542269700000000299e-01
5.493216899999999736e-01
3.312713400000000252e-01
1.620415799999999906e-01
-1.016679099999999968e-02
-1.525251900000000049e-01
-2.726012899999999961e-01
-3.778340800000000166e-01
-4.719515699999999869e-01
-5.550290199999999841e-01
-6.307339400000000484e-01
-6.919148999999999994e-01
-7.422299999999999454e-01
-8.068284100000000514e-01
-8.534180799999999678e-01
-8.927977799999999853e-01
-9.214133300000000304e-01
-9.535811299999999990e-01
-9.678695999999999966e-01
-8.856407699999999661e-01
-5.983062599999999787e-01
-3.089185899999999929e-01
-1.087745600000000062e-01
1.620415799999999906e-01
2.428930499999999992e-01
3.902932700000000255e-01
4.752807600000000243e-01
5.938074300000000250e-01
6.494790099999999677e-01
7.052232099999999893e-01
7.387043800000000493e-01
7.722115499999999688e-01
7.908377399999999557e-01
8.131998999999999755e-01
8.206563199999999947e-01
8.243852799999999981e-01
8.281145199999999651e-01
8.542269700000000299e-01
8.467647900000000449e-01
8.728888700000000389e-01
8.579588099999999606e-01
8.654230000000000533e-01
8.990282800000000130e-01
8.803556099999999551e-01
8.840896299999999597e-01
8.952933299999999983e-01
9.139719200000000487e-01
8.990282800000000130e-01
9.064999099999999643e-01
9.326595300000000144e-01
9.363975799999999516e-01
9.177093699999999687e-01
9.289217100000000116e-01
9.251833400000000207e-01
9.289217100000000116e-01
9.438757300000000239e-01
9.513550800000000196e-01
9.363975799999999516e-01
9.663167799999999863e-01
9.550948099999999608e-01
9.550948099999999608e-01
9.625760700000000059e-01
9.700577000000000227e-01
9.812835199999999647e-01
9.737999899999999487e-01
9.925122199999999451e-01
9.775416200000000000e-01
9.737999899999999487e-01
9.737999899999999487e-01
9.663167799999999863e-01
9.775416200000000000e-01
9.812835199999999647e-01
9.625760700000000059e-01
9.513550800000000196e-01
9.700577000000000227e-01
9.700577000000000227e-01
9.625760700000000059e-01
9.401369299999999818e-01
9.588348199999999766e-01
9.588348199999999766e-01
9.289217100000000116e-01
9.251833400000000207e-01
9.251833400000000207e-01
9.139719200000000487e-01
9.363975799999999516e-01
9.214462199999999825e-01
9.214462199999999825e-01
9.177093699999999687e-01
9.289217100000000116e-01
9.214462199999999825e-01
9.102357800000000498e-01
9.064999099999999643e-01
8.952933299999999983e-01
8.915578400000000459e-01
8.840896299999999597e-01
8.840896299999999597e-01
8.840896299999999597e-01
8.728888700000000389e-01
8.654230000000000533e-01
6.829168599999999589e-01
4.235290800000000022e-01
2.428930499999999992e-01
5.570161700000000188e-02
-1.051262300000000011e-01
-2.253399299999999938e-01
-3.306938300000000219e-01
-4.357786100000000107e-01
-5.153173500000000073e-01
-5.983062599999999787e-01
-6.559371999999999980e-01
-7.386384499999999464e-01
-7.888947299999999885e-01
-8.426714100000000096e-01
-8.534180799999999678e-01
-9.178376000000000312e-01
-9.321387899999999949e-01
-9.750119400000000214e-01
-9.607260699999999876e-01
-7.637743599999999855e-01
-4.430155299999999907e-01
-1.743831999999999882e-01
5.570161700000000188e-02
1.730576500000000073e-01
3.202138900000000010e-01
4.530936999999999881e-01
5.307988599999999835e-01
6.383387999999999840e-01
6.903509300000000293e-01
7.275411299999999803e-01
7.684871399999999575e-01
7.871116500000000515e-01
8.131998999999999755e-01
8.243852799999999981e-01
8.281145199999999651e-01
8.579588099999999606e-01
8.393037599999999543e-01
8.542269700000000299e-01
8.691557699999999942e-01
8.616909299999999661e-01
8.840896299999999597e-01
8.728888700000000389e-01
9.027634399999999726e-01
9.139719200000000487e-01
9.177093699999999687e-01
8.990282800000000130e-01
9.139719200000000487e-01
9.177093699999999687e-01
9.027634399999999726e-01
9.289217100000000116e-01
9.139719200000000487e-01
9.214462199999999825e-01
9.363975799999999516e-01
9.289217100000000116e-01
9.476147600000000004e-01
9.363975799999999516e-01
9.401369299999999818e-01
9.663167799999999863e-01
9.812835199999999647e-01
9.775416200000000000e-01
9.812835199999999647e-01
9.962564099999999812e-01
9.775416200000000000e-01
9.737999899999999487e-01
9.850267299999999615e-01
9.775416200000000000e-01
9.812835199999999647e-01
9.663167799999999863e-01
9.625760700000000059e-01
9.625760700000000059e-01
9.513550800000000196e-01
9.700577000000000227e-01
9.737999899999999487e-01
9.513550800000000196e-01
9.625760700000000059e-01
9.550948099999999608e-01
9.476147600000000004e-01
9.513550800000000196e-01
9.737999899999999487e-01
9.663167799999999863e-01
9.476147600000000004e-01
9.363975799999999516e-01
9.588348199999999766e-01
9.476147600000000004e-01
9.363975799999999516e-01
9.326595300000000144e-01
9.289217100000000116e-01
9.251833400000000207e-01
9.326595300000000144e-01
9.139719200000000487e-01
9.214462199999999825e-01
9.027634399999999726e-01
8.952933299999999983e-01
8.840896299999999597e-01
9.027634399999999726e-01
8.878236000000000461e-01
8.803556099999999551e-01
8.915578400000000459e-01
8.393037599999999543e-01
5.122849699999999507e-01
3.017913899999999927e-01
1.363484899999999889e-01
-1.747873399999999924e-02
-1.488807199999999942e-01
-2.580648600000000070e-01
-3.850814399999999971e-01
-4.827973199999999743e-01
-5.622449600000000158e-01
-6.379361700000000246e-01
-7.027020000000000488e-01
-7.673638999999999877e-01
-8.211694000000000493e-01
-8.390886100000000125e-01
-8.820616700000000199e-01
-9.321387899999999949e-01
-9.428614300000000004e-01
-9.785825599999999902e-01
-8.677424299999999535e-01
-5.947014400000000256e-01
-3.052887100000000187e-01
-5.402133099999999882e-02
1.657132000000000049e-01
2.428930499999999992e-01
3.829116300000000028e-01
4.789798599999999795e-01
5.975158499999999595e-01
6.569072599999999928e-01
7.052232099999999893e-01
7.387043800000000493e-01
7.722115499999999688e-01
8.020173499999999622e-01
8.094719200000000114e-01
8.281145199999999651e-01
8.355736000000000274e-01
8.467647900000000449e-01
8.803556099999999551e-01
8.616909299999999661e-01
8.691557699999999942e-01
8.766218599999999750e-01
8.840896299999999597e-01
9.064999099999999643e-01
8.990282800000000130e-01
9.027634399999999726e-01
9.289217100000000116e-01
9.102357800000000498e-01
9.064999099999999643e-01
9.139719200000000487e-01
9.251833400000000207e-01
9.139719200000000487e-01
9.363975799999999516e-01
9.214462199999999825e-01
9.363975799999999516e-01
9.476147600000000004e-01
9.513550800000000196e-01
9.401369299999999818e-01
9.513550800000000196e-01
9.588348199999999766e-01
9.700577000000000227e-01
9.700577000000000227e-01
9.737999899999999487e-01
9.737999899999999487e-01
9.812835199999999647e-01
9.737999899999999487e-01
9.663167799999999863e-01
9.625760700000000059e-01
9.737999899999999487e-01
9.700577000000000227e-01
9.550948099999999608e-01
9.476147600000000004e-01
9.737999899999999487e-01
9.700577000000000227e-01
9.476147600000000004e-01
9.663167799999999863e-01
9.550948099999999608e-01
9.588348199999999766e-01
9.775416200000000000e-01
9.663167799999999863e-01
9.588348199999999766e-01
9.550948099999999608e-01
9.476147600000000004e-01
9.438757300000000239e-01
9.588348199999999766e-01
9.588348199999999766e-01
9.289217100000000116e-01
9.289217100000000116e-01
9.251833400000000207e-01
9.214462199999999825e-01
9.363975799999999516e-01
9.064999099999999643e-01
8.990282800000000130e-01
8.952933299999999983e-01
8.803556099999999551e-01
8.840896299999999597e-01
8.878236000000000461e-01
8.728888700000000389e-01
8.654230000000000533e-01
8.318436500000000455e-01
6.606220400000000215e-01
3.939854400000000201e-01
2.245037799999999861e-01
4.471633500000000289e-02
-1.087745600000000062e-01
-2.326146500000000061e-01
-3.379501500000000047e-01
-4.249202999999999730e-01
-5.261515799999999521e-01
-6.091183700000000201e-01
-6.811249700000000518e-01
-7.458215000000000261e-01
-7.996558499999999459e-01
-8.462538899999999531e-01
-8.892194399999999721e-01
-9.071082200000000206e-01
-9.392876500000000295e-01
-9.714409899999999487e-01
-9.642979999999999885e-01
-7.386384499999999464e-01
-4.430155299999999907e-01
-1.707406300000000043e-01
5.570161700000000188e-02
1.693851600000000068e-01
3.165294499999999900e-01
4.346134600000000070e-01
5.715587800000000440e-01
6.383387999999999840e-01
6.903509300000000293e-01
7.312616199999999456e-01
7.610395899999999880e-01
7.908377399999999557e-01
8.094719200000000114e-01
8.169281699999999535e-01
8.318436500000000455e-01
8.393037599999999543e-01
8.430338699999999630e-01
8.840896299999999597e-01
8.915578400000000459e-01
8.766218599999999750e-01
9.027634399999999726e-01
8.915578400000000459e-01
8.952933299999999983e-01
9.214462199999999825e-01
9.064999099999999643e-01
9.027634399999999726e-01
9.251833400000000207e-01
9.139719200000000487e-01
9.139719200000000487e-01
9.177093699999999687e-01
9.214462199999999825e-01
9.251833400000000207e-01
9.251833400000000207e-01
9.326595300000000144e-01
9.401369299999999818e-01
9.438757300000000239e-01
9.550948099999999608e-01
9.700577000000000227e-01
9.887694000000000205e-01
9.700577000000000227e-01
9.887694000000000205e-01
9.700577000000000227e-01
9.775416200000000000e-01
9.663167799999999863e-01
9.812835199999999647e-01
9.887694000000000205e-01
9.513550800000000196e-01
9.737999899999999487e-01
9.700577000000000227e-01
9.663167799999999863e-01
9.737999899999999487e-01
9.663167799999999863e-01
9.588348199999999766e-01
9.625760700000000059e-01
9.812835199999999647e-01
9.663167799999999863e-01
9.476147600000000004e-01
9.401369299999999818e-01
9.550948099999999608e-01
9.476147600000000004e-01
9.513550800000000196e-01
9.438757300000000239e-01
9.476147600000000004e-01
9.289217100000000116e-01
9.214462199999999825e-01
9.139719200000000487e-01
9.139719200000000487e-01
8.990282800000000130e-01
8.915578400000000459e-01
8.915578400000000459e-01
8.878236000000000461e-01
8.990282800000000130e-01
8.840896299999999597e-01
8.878236000000000461e-01
8.990282800000000130e-01
8.840896299999999597e-01
8.728888700000000389e-01
8.728888700000000389e-01
7.759358899999999615e-01
5.085829699999999676e-01
3.202138900000000010e-01
1.400180900000000117e-01
-1.747873399999999924e-02
-1.743831999999999882e-01
-2.871317600000000136e-01
-3.887048399999999959e-01
-4.827973199999999743e-01
-5.766734000000000027e-01
-6.487377399999999517e-01
-7.134862299999999991e-01
-7.745421700000000298e-01
-8.283381499999999953e-01
-8.677424299999999535e-01
-8.927977799999999853e-01
-9.178376000000000312e-01
-9.714409899999999487e-01
-9.857230500000000450e-01
-8.641619099999999776e-01
-5.730666800000000505e-01
-2.653334399999999760e-01
-3.575413000000000202e-02
1.804031500000000121e-01
2.576097299999999812e-01
4.013689799999999863e-01
4.900786699999999940e-01
6.123561600000000382e-01
6.680522500000000141e-01
7.201002600000000475e-01
7.535929599999999784e-01
7.796610000000000484e-01
8.057446900000000412e-01
8.355736000000000274e-01
8.318436500000000455e-01
8.430338699999999630e-01
8.504958799999999819e-01
8.616909299999999661e-01
8.803556099999999551e-01
8.878236000000000461e-01
8.840896299999999597e-01
8.878236000000000461e-01
8.990282800000000130e-01
9.139719200000000487e-01
9.064999099999999643e-01
9.027634399999999726e-01
9.326595300000000144e-01
9.064999099999999643e-01
9.214462199999999825e-01
9.251833400000000207e-01
9.326595300000000144e-01
9.289217100000000116e-01
9.363975799999999516e-01
9.363975799999999516e-01
9.476147600000000004e-01
9.700577000000000227e-01
9.625760700000000059e-01
9.737999899999999487e-01
9.663167799999999863e-01
9.700577000000000227e-01
9.925122199999999451e-01
1.000000000000000000e+00
9.663167799999999863e-01
9.812835199999999647e-01
9.850267299999999615e-01
9.775416200000000000e-01
9.850267299999999615e-01
9.663167799999999863e-01
9.663167799999999863e-01
9.962564099999999812e-01
9.700577000000000227e-01
9.737999899999999487e-01
9.775416200000000000e-01
9.887694000000000205e-01
9.625760700000000059e-01
9.737999899999999487e-01
9.513550800000000196e-01
9.513550800000000196e-01
9.438757300000000239e-01
9.476147600000000004e-01
9.401369299999999818e-01
9.363975799999999516e-01
9.289217100000000116e-01
9.438757300000000239e-01
9.326595300000000144e-01
9.064999099999999643e-01
8.952933299999999983e-01
8.952933299999999983e-01
9.177093699999999687e-01
9.064999099999999643e-01
8.952933299999999983e-01
9.064999099999999643e-01
8.915578400000000459e-01
8.878236000000000461e-01
9.102357800000000498e-01
8.840896299999999597e-01
8.878236000000000461e-01
8.990282800000000130e-01
8.840896299999999597e-01
6.569072599999999928e-01
3.902932700000000255e-01
2.245037799999999861e-01
4.105529399999999912e-02
-1.124221200000000004e-01
-2.217024700000000126e-01
-3.452043599999999879e-01
-4.502515200000000162e-01
-5.369829299999999694e-01
-6.163245200000000423e-01
-6.883186199999999921e-01
-7.494129999999999958e-01
-8.032424599999999915e-01
-8.498362499999999597e-01
-8.713228400000000429e-01
-9.285640400000000350e-01
-9.428614300000000004e-01
-9.714409899999999487e-01
-9.964312199999999509e-01
-7.278609700000000515e-01
-4.140591599999999817e-01
-1.488807199999999942e-01
8.134511099999999773e-02
2.686508100000000177e-01
3.497075599999999729e-01
4.493977299999999953e-01
5.456160399999999688e-01
6.457651500000000100e-01
6.940685899999999853e-01
7.349828600000000156e-01
7.684871399999999575e-01
7.871116500000000515e-01
8.281145199999999651e-01
8.318436500000000455e-01
8.393037599999999543e-01
8.654230000000000533e-01
8.654230000000000533e-01
8.803556099999999551e-01
8.878236000000000461e-01
8.915578400000000459e-01
8.803556099999999551e-01
9.102357800000000498e-01
9.139719200000000487e-01
9.102357800000000498e-01
9.177093699999999687e-01
9.027634399999999726e-01
9.027634399999999726e-01
9.289217100000000116e-01
9.214462199999999825e-01
9.214462199999999825e-01
9.550948099999999608e-01
9.326595300000000144e-01
9.438757300000000239e-01
9.513550800000000196e-01
9.476147600000000004e-01
9.588348199999999766e-01
9.588348199999999766e-01
9.625760700000000059e-01
9.663167799999999863e-01
9.700577000000000227e-01
9.737999899999999487e-01
9.700577000000000227e-01
9.962564099999999812e-01
9.812835199999999647e-01
9.925122199999999451e-01
9.737999899999999487e-01
9.663167799999999863e-01
9.962564099999999812e-01
9.625760700000000059e-01
9.812835199999999647e-01
9.700577000000000227e-01
9.663167799999999863e-01
9.625760700000000059e-01
9.812835199999999647e-01
9.775416200000000000e-01
9.513550800000000196e-01
9.476147600000000004e-01
9.513550800000000196e-01
9.438757300000000239e-01
9.401369299999999818e-01
9.326595300000000144e-01
9.438757300000000239e-01
9.513550800000000196e-01
9.214462199999999825e-01
9.139719200000000487e-01
9.363975799999999516e-01
9.139719200000000487e-01
9.139719200000000487e-01
9.289217100000000116e-01
9.064999099999999643e-01
9.214462199999999825e-01
8.990282800000000130e-01
8.915578400000000459e-01
9.102357800000000498e-01
8.915578400000000459e-01
8.766218599999999750e-01
8.728888700000000389e-01
8.803556099999999551e-01
7.535929599999999784e-01
4.826797400000000238e-01
3.054758599999999880e-01
1.106713299999999983e-01
-5.402133099999999882e-02
-1.707406300000000043e-01
-3.089185899999999929e-01
-4.176794200000000234e-01
-5.008674899999999708e-01
-5.910963599999999873e-01
-6.667338699999999507e-01
-7.278609700000000515e-01
-7.853071499999999538e-01
-8.247538300000000211e-01
-8.749028100000000308e-01
-8.856407699999999661e-01
-9.428614300000000004e-01
-9.571537100000000464e-01
-9.857230500000000450e-01
-8.569996800000000414e-01
-5.514203500000000036e-01
-2.653334399999999760e-01
-1.016679099999999968e-02
2.097986599999999979e-01
2.833773299999999828e-01
4.198347900000000132e-01
4.974793399999999921e-01
6.123561600000000382e-01
6.680522500000000141e-01
7.089417900000000161e-01
7.498705799999999533e-01
7.759358899999999615e-01
8.131998999999999755e-01
8.131998999999999755e-01
8.281145199999999651e-01
8.579588099999999606e-01
8.579588099999999606e-01
8.504958799999999819e-01
8.542269700000000299e-01
8.915578400000000459e-01
8.803556099999999551e-01
8.990282800000000130e-01
8.878236000000000461e-01
9.102357800000000498e-01
8.952933299999999983e-01
9.064999099999999643e-01
9.064999099999999643e-01
8.990282800000000130e-01
9.177093699999999687e-01
9.027634399999999726e-01
9.326595300000000144e-01
9.027634399999999726e-01
9.289217100000000116e-01
9.438757300000000239e-01
9.588348199999999766e-01
9.401369299999999818e-01
9.513550800000000196e-01
9.513550800000000196e-01
9.588348199999999766e-01
9.737999899999999487e-01
9.663167799999999863e-01
9.663167799999999863e-01
9.737999899999999487e-01
9.925122199999999451e-01
9.663167799999999863e-01
9.663167799999999863e-01
9.588348199999999766e-01
9.625760700000000059e-01
9.775416200000000000e-01
9.513550800000000196e-01
9.513550800000000196e-01
9.663167799999999863e-01
9.513550800000000196e-01
9.663167799999999863e-01
9.513550800000000196e-01
9.438757300000000239e-01
9.550948099999999608e-01
9.401369299999999818e-01
9.363975799999999516e-01
9.289217100000000116e-01
9.326595300000000144e-01
9.363975799999999516e-01
9.401369299999999818e-01
9.064999099999999643e-01
9.363975799999999516e-01
9.102357800000000498e-01
9.177093699999999687e-01
9.289217100000000116e-01
9.102357800000000498e-01
9.102357800000000498e-01
9.251833400000000207e-01
9.027634399999999726e-01
9.027634399999999726e-01
8.915578400000000459e-01
8.878236000000000461e-01
8.728888700000000389e-01
8.990282800000000130e-01
8.878236000000000461e-01
8.616909299999999661e-01
6.309133199999999997e-01
4.013689799999999863e-01
1.950984500000000066e-01
2.275442500000000173e-02
-1.306556399999999896e-01
-2.544299300000000263e-01
-3.669603900000000252e-01
-4.611028799999999928e-01
-5.478113500000000302e-01
-6.271317899999999668e-01
-6.955112399999999750e-01
-7.565941400000000261e-01
-8.068284100000000514e-01
-8.283381499999999953e-01
-8.927977799999999853e-01
-9.071082200000000206e-01
-9.428614300000000004e-01
-9.750119400000000214e-01
-9.892926899999999746e-01
-6.991066999999999698e-01
-3.814582999999999724e-01
-1.087745600000000062e-01
8.867478500000000596e-02
2.723323999999999745e-01
3.460192300000000110e-01
4.715828599999999926e-01
5.456160399999999688e-01
6.606220400000000215e-01
6.940685899999999853e-01
7.312616199999999456e-01
7.610395899999999880e-01
7.871116500000000515e-01
8.206563199999999947e-01
8.318436500000000455e-01
8.281145199999999651e-01
8.579588099999999606e-01
8.691557699999999942e-01
8.691557699999999942e-01
8.840896299999999597e-01
8.728888700000000389e-01
8.803556099999999551e-01
8.952933299999999983e-01
9.027634399999999726e-01
8.803556099999999551e-01
8.952933299999999983e-01
8.952933299999999983e-01
9.027634399999999726e-01
9.027634399999999726e-01
9.064999099999999643e-01
9.139719200000000487e-01
9.177093699999999687e-01
9.214462199999999825e-01
9.326595300000000144e-01
9.438757300000000239e-01
9.363975799999999516e-01
9.401369299999999818e-01
9.513550800000000196e-01
9.476147600000000004e-01
9.588348199999999766e-01
9.625760700000000059e-01
9.700577000000000227e-01
9.700577000000000227e-01
9.737999899999999487e-01
9.625760700000000059e-01
9.588348199999999766e-01
9.513550800000000196e-01
9.775416200000000000e-01
9.700577000000000227e-01
9.438757300000000239e-01
9.363975799999999516e-01
9.363975799999999516e-01
9.663167799999999863e-01
9.401369299999999818e-01
9.401369299999999818e-01
9.476147600000000004e-01
9.438757300000000239e-01
9.476147600000000004e-01
9.326595300000000144e-01
9.550948099999999608e-01
9.251833400000000207e-01
9.214462199999999825e-01
9.177093699999999687e-01
9.139719200000000487e-01
9.064999099999999643e-01
9.326595300000000144e-01
9.064999099999999643e-01
8.990282800000000130e-01
9.027634399999999726e-01
9.214462199999999825e-01
8.952933299999999983e-01
8.990282800000000130e-01
8.915578400000000459e-01
8.952933299999999983e-01
8.952933299999999983e-01
8.878236000000000461e-01
8.728888700000000389e-01
8.915578400000000459e-01
7.461480799999999913e-01
4.641857799999999923e-01
2.870593300000000014e-01
9.600576500000000679e-02
-4.671536600000000122e-02
-2.035088899999999978e-01
-3.161787400000000137e-01
-4.285395799999999755e-01
-5.153173500000000073e-01
-5.910963599999999873e-01
-6.667338699999999507e-01
-7.242675100000000032e-01
-7.853071499999999538e-01
-8.211694000000000493e-01
-8.462538899999999531e-01
-9.071082200000000206e-01
-9.249887399999999760e-01
-9.714409899999999487e-01
-9.785825599999999902e-01
-8.139994499999999578e-01
-5.189291799999999899e-01
-2.435239200000000048e-01
8.040671699999999691e-04
2.171510200000000002e-01
2.907416500000000181e-01
4.272241600000000195e-01
5.048821799999999582e-01
6.234895700000000485e-01
6.717680099999999710e-01
7.201002600000000475e-01
7.610395899999999880e-01
7.759358899999999615e-01
8.020173499999999622e-01
8.318436500000000455e-01
8.281145199999999651e-01
8.393037599999999543e-01
8.542269700000000299e-01
8.542269700000000299e-01
8.579588099999999606e-01
8.878236000000000461e-01
8.728888700000000389e-01
8.952933299999999983e-01
9.064999099999999643e-01
9.027634399999999726e-01
8.952933299999999983e-01
8.990282800000000130e-01
9.027634399999999726e-01
9.027634399999999726e-01
9.214462199999999825e-01
9.214462199999999825e-01
9.401369299999999818e-01
9.214462199999999825e-01
9.251833400000000207e-01
9.289217100000000116e-01
9.513550800000000196e-01
9.550948099999999608e-01
9.625760700000000059e-01
9.625760700000000059e-01
9.850267299999999615e-01
9.700577000000000227e-01
9.663167799999999863e-01
9.775416200000000000e-01
9.700577000000000227e-01
9.812835199999999647e-01
9.663167799999999863e-01
9.513550800000000196e-01
9.513550800000000196e-01
9.700577000000000227e-01
9.438757300000000239e-01
9.438757300000000239e-01
9.625760700000000059e-01
9.663167799999999863e-01
9.326595300000000144e-01
9.476147600000000004e-01
9.588348199999999766e-01
9.625760700000000059e-01
9.476147600000000004e-01
9.513550800000000196e-01
9.476147600000000004e-01
9.438757300000000239e-01
9.326595300000000144e-01
9.326595300000000144e-01
9.363975799999999516e-01
9.289217100000000116e-01
9.214462199999999825e-01
9.251833400000000207e-01
9.363975799999999516e-01
9.177093699999999687e-01
9.064999099999999643e-01
9.064999099999999643e-01
9.064999099999999643e-01
9.027634399999999726e-01
9.064999099999999643e-01
9.139719200000000487e-01
8.840896299999999597e-01
8.766218599999999750e-01
8.728888700000000389e-01
8.616909299999999661e-01
8.654230000000000533e-01
6.049360599999999977e-01
3.792204100000000078e-01
1.767302400000000107e-01
8.119652899999999646e-03
-1.488807199999999942e-01
-2.689674200000000126e-01
-3.814582999999999724e-01
-4.719515699999999869e-01
-5.550290199999999841e-01
-6.307339400000000484e-01
-6.955112399999999750e-01
-7.601847099999999857e-01
-7.817192400000000374e-01
-8.283381499999999953e-01
-8.677424299999999535e-01
-9.249887399999999760e-01
-9.392876500000000295e-01
-9.678695999999999966e-01
-9.607260699999999876e-01
-6.703321100000000365e-01
-3.597099899999999795e-01
-1.051262300000000011e-01
1.253420399999999879e-01
2.870593300000000014e-01
3.607727000000000017e-01
4.789798599999999795e-01
5.493216899999999736e-01
6.457651500000000100e-01
6.977862000000000231e-01
7.387043800000000493e-01
7.647629599999999916e-01
8.094719200000000114e-01
8.169281699999999535e-01
8.467647900000000449e-01
8.393037599999999543e-01
8.542269700000000299e-01
8.616909299999999661e-01
8.691557699999999942e-01
8.766218599999999750e-01
8.915578400000000459e-01
8.878236000000000461e-01
9.027634399999999726e-01
9.102357800000000498e-01
9.064999099999999643e-01
9.139719200000000487e-01
9.401369299999999818e-01
9.289217100000000116e-01
9.513550800000000196e-01
9.326595300000000144e-01
9.326595300000000144e-01
9.289217100000000116e-01
9.438757300000000239e-01
9.326595300000000144e-01
9.401369299999999818e-01
9.438757300000000239e-01
9.663167799999999863e-01
9.625760700000000059e-01
9.625760700000000059e-01
9.700577000000000227e-01
9.663167799999999863e-01
9.925122199999999451e-01
9.663167799999999863e-01
9.850267299999999615e-01
9.588348199999999766e-01
9.737999899999999487e-01
9.513550800000000196e-01
9.476147600000000004e-01
9.513550800000000196e-01
9.476147600000000004e-01
9.550948099999999608e-01
9.625760700000000059e-01
9.625760700000000059e-01
9.476147600000000004e-01
9.550948099999999608e-01
9.663167799999999863e-01
9.700577000000000227e-01
9.476147600000000004e-01
9.700577000000000227e-01
9.476147600000000004e-01
9.438757300000000239e-01
9.363975799999999516e-01
9.363975799999999516e-01
9.513550800000000196e-01
9.289217100000000116e-01
9.177093699999999687e-01
9.251833400000000207e-01
9.177093699999999687e-01
9.139719200000000487e-01
9.139719200000000487e-01
9.102357800000000498e-01
9.064999099999999643e-01
9.064999099999999643e-01
8.915578400000000459e-01
8.803556099999999551e-01
8.803556099999999551e-01
8.766218599999999750e-01
8.915578400000000459e-01
8.803556099999999551e-01
7.126611400000000263e-01
4.493977299999999953e-01
2.723323999999999745e-01
7.401691800000000099e-02
-7.958173600000000014e-02
-2.107874399999999926e-01
-3.306938300000000219e-01
-4.285395799999999755e-01
-5.153173500000000073e-01
-5.838854799999999567e-01
-6.667338699999999507e-01
-7.242675100000000032e-01
-7.781307899999999611e-01
-8.247538300000000211e-01
-8.462538899999999531e-01
-8.856407699999999661e-01
-9.178376000000000312e-01
-9.535811299999999990e-01
-9.714409899999999487e-01
-8.032424599999999915e-01
-4.683359300000000114e-01
-2.035088899999999978e-01
3.007386399999999876e-02
2.245037799999999861e-01
2.981081099999999817e-01
4.383094900000000238e-01
5.159877400000000280e-01
6.123561600000000382e-01
6.680522500000000141e-01
7.089417900000000161e-01
7.722115499999999688e-01
7.759358899999999615e-01
7.945640899999999451e-01
8.094719200000000114e-01
8.579588099999999606e-01
8.355736000000000274e-01
8.616909299999999661e-01
8.766218599999999750e-01
8.840896299999999597e-01
8.766218599999999750e-01
8.728888700000000389e-01
8.766218599999999750e-01
8.840896299999999597e-01
9.102357800000000498e-01
9.177093699999999687e-01
8.990282800000000130e-01
9.289217100000000116e-01
9.177093699999999687e-01
9.476147600000000004e-01
9.326595300000000144e-01
9.401369299999999818e-01
9.625760700000000059e-01
9.550948099999999608e-01
9.663167799999999863e-01
9.476147600000000004e-01
9.513550800000000196e-01
9.550948099999999608e-01
9.625760700000000059e-01
9.887694000000000205e-01
9.663167799999999863e-01
9.625760700000000059e-01
9.588348199999999766e-01
9.625760700000000059e-01
9.588348199999999766e-01
9.737999899999999487e-01
9.513550800000000196e-01
9.476147600000000004e-01
9.700577000000000227e-01
9.588348199999999766e-01
9.401369299999999818e-01
9.438757300000000239e-01
9.401369299999999818e-01
9.401369299999999818e-01
9.363975799999999516e-01
9.438757300000000239e-01
9.401369299999999818e-01
9.438757300000000239e-01
9.438757300000000239e-01
9.476147600000000004e-01
9.438757300000000239e-01
9.625760700000000059e-01
9.663167799999999863e-01
9.438757300000000239e-01
9.438757300000000239e-01
9.363975799999999516e-01
9.438757300000000239e-01
9.214462199999999825e-01
9.177093699999999687e-01
9.102357800000000498e-01
9.363975799999999516e-01
9.027634399999999726e-01
9.102357800000000498e-01
8.990282800000000130e-01
8.952933299999999983e-01
9.102357800000000498e-01
8.878236000000000461e-01
8.766218599999999750e-01
8.803556099999999551e-01
8.542269700000000299e-01
5.530263300000000104e-01
3.275859400000000199e-01
1.620415799999999906e-01
-6.509806299999999595e-03
-1.561688999999999994e-01
-2.762340400000000140e-01
-3.814582999999999724e-01
-4.755672499999999969e-01
-5.550290199999999841e-01
-6.379361700000000246e-01
-6.991066999999999698e-01
-7.494129999999999958e-01
-7.960692499999999505e-01
-8.462538899999999531e-01
-8.820616700000000199e-01
-8.963759100000000535e-01
-9.285640400000000350e-01
-9.500083299999999564e-01
-9.571537100000000464e-01
-6.343351099999999798e-01
-3.343220199999999975e-01
-7.228006500000000445e-02
1.326794199999999924e-01
2.428930499999999992e-01
3.866018399999999744e-01
4.752807600000000243e-01
5.604388000000000147e-01
6.494790099999999677e-01
6.940685899999999853e-01
7.201002600000000475e-01
7.610395899999999880e-01
7.722115499999999688e-01
7.945640899999999451e-01
8.094719200000000114e-01
8.169281699999999535e-01
8.542269700000000299e-01
8.542269700000000299e-01
8.467647900000000449e-01
8.654230000000000533e-01
8.728888700000000389e-01
8.990282800000000130e-01
8.878236000000000461e-01
8.915578400000000459e-01
8.915578400000000459e-01
9.177093699999999687e-01
9.251833400000000207e-01
9.102357800000000498e-01
9.139719200000000487e-01
9.401369299999999818e-01
9.251833400000000207e-01
9.251833400000000207e-01
9.251833400000000207e-01
9.289217100000000116e-01
9.363975799999999516e-01
9.625760700000000059e-01
9.588348199999999766e-01
9.700577000000000227e-01
9.700577000000000227e-01
9.737999899999999487e-01
9.625760700000000059e-01
9.588348199999999766e-01
9.550948099999999608e-01
9.663167799999999863e-01
9.625760700000000059e-01
9.737999899999999487e-01
9.476147600000000004e-01
9.476147600000000004e-01
9.401369299999999818e-01
9.438757300000000239e-01
9.476147600000000004e-01
9.438757300000000239e-01
9.438757300000000239e-01
9.700577000000000227e-01
9.438757300000000239e-01
9.401369299999999818e-01
9.438757300000000239e-01
9.438757300000000239e-01
9.438757300000000239e-01
9.401369299999999818e-01
9.363975799999999516e-01
9.550948099999999608e-01
9.289217100000000116e-01
9.251833400000000207e-01
9.251833400000000207e-01
9.214462199999999825e-01
9.438757300000000239e-01
9.438757300000000239e-01
9.177093699999999687e-01
9.139719200000000487e-01
9.401369299999999818e-01
9.102357800000000498e-01
8.990282800000000130e-01
9.177093699999999687e-01
9.214462199999999825e-01
8.878236000000000461e-01
8.766218599999999750e-01
8.766218599999999750e-01
8.915578400000000459e-01
7.126611400000000263e-01
4.235290800000000022e-01
2.281815199999999988e-01
5.570161700000000188e-02
-9.782968000000000219e-02
-2.253399299999999938e-01
-3.343220199999999975e-01
-4.393969099999999739e-01
-5.189291799999999899e-01
-5.947014400000000256e-01
-6.703321100000000365e-01
-7.278609700000000515e-01
-7.530036199999999846e-01
-8.032424599999999915e-01
-8.498362499999999597e-01
-8.856407699999999661e-01
-9.178376000000000312e-01
-9.464349899999999760e-01
-9.321387899999999949e-01
-7.781307899999999611e-01
-4.538690000000000224e-01
-1.889486800000000077e-01
4.837771500000000169e-02
2.355362099999999959e-01
3.312713400000000252e-01
4.383094900000000238e-01
5.345027999999999446e-01
6.309133199999999997e-01
6.866334899999999575e-01
7.275411299999999803e-01
7.424258500000000538e-01
7.982903399999999872e-01
8.057446900000000412e-01
8.243852799999999981e-01
8.281145199999999651e-01
8.393037599999999543e-01
8.243852799999999981e-01
8.393037599999999543e-01
8.616909299999999661e-01
8.803556099999999551e-01
8.691557699999999942e-01
8.803556099999999551e-01
8.728888700000000389e-01
8.840896299999999597e-01
9.139719200000000487e-01
8.915578400000000459e-01
9.027634399999999726e-01
9.251833400000000207e-01
9.102357800000000498e-01
9.139719200000000487e-01
9.251833400000000207e-01
9.139719200000000487e-01
9.251833400000000207e-01
9.401369299999999818e-01
9.289217100000000116e-01
9.401369299999999818e-01
9.550948099999999608e-01
9.550948099999999608e-01
9.476147600000000004e-01
9.663167799999999863e-01
9.700577000000000227e-01
9.588348199999999766e-01
9.663167799999999863e-01
9.625760700000000059e-01
9.737999899999999487e-01
9.625760700000000059e-01
9.550948099999999608e-01
9.700577000000000227e-01
9.588348199999999766e-01
9.476147600000000004e-01
9.513550800000000196e-01
9.700577000000000227e-01
9.737999899999999487e-01
9.438757300000000239e-01
9.550948099999999608e-01
9.513550800000000196e-01
9.438757300000000239e-01
9.476147600000000004e-01
9.625760700000000059e-01
9.438757300000000239e-01
9.401369299999999818e-01
9.588348199999999766e-01
9.363975799999999516e-01
9.289217100000000116e-01
9.289217100000000116e-01
9.251833400000000207e-01
9.326595300000000144e-01
9.214462199999999825e-01
9.177093699999999687e-01
9.214462199999999825e-01
9.139719200000000487e-01
9.027634399999999726e-01
9.177093699999999687e-01
9.139719200000000487e-01
8.915578400000000459e-01
8.766218599999999750e-01
8.728888700000000389e-01
8.654230000000000533e-01
8.430338699999999630e-01
5.196894699999999867e-01
3.275859400000000199e-01
1.363484899999999889e-01
-2.844476799999999875e-02
-1.743831999999999882e-01
-2.907638399999999956e-01
-3.814582999999999724e-01
-4.827973199999999743e-01
-5.658526499999999571e-01
-6.307339400000000484e-01
-6.955112399999999750e-01
-7.242675100000000032e-01
-8.068284100000000514e-01
-8.355053799999999642e-01
-8.749028100000000308e-01
-9.214133300000000304e-01
-9.357133300000000098e-01
-9.607260699999999876e-01
-8.892194399999999721e-01
-6.091183700000000201e-01
-3.161787400000000137e-01
-6.132556900000000338e-02
9.967161600000000454e-02
2.428930499999999992e-01
3.866018399999999744e-01
4.789798599999999795e-01
5.975158499999999595e-01
6.494790099999999677e-01
7.126611400000000263e-01
7.424258500000000538e-01
7.684871399999999575e-01
7.871116500000000515e-01
8.281145199999999651e-01
8.169281699999999535e-01
8.318436500000000455e-01
8.318436500000000455e-01
8.430338699999999630e-01
8.504958799999999819e-01
8.579588099999999606e-01
8.952933299999999983e-01
8.691557699999999942e-01
8.766218599999999750e-01
8.840896299999999597e-01
8.915578400000000459e-01
8.878236000000000461e-01
8.952933299999999983e-01
9.027634399999999726e-01
8.990282800000000130e-01
9.214462199999999825e-01
9.102357800000000498e-01
9.102357800000000498e-01
9.139719200000000487e-01
9.401369299999999818e-01
9.251833400000000207e-01
9.401369299999999818e-01
9.513550800000000196e-01
9.363975799999999516e-01
9.550948099999999608e-01
9.550948099999999608e-01
9.476147600000000004e-01
9.513550800000000196e-01
9.550948099999999608e-01
9.550948099999999608e-01
9.737999899999999487e-01
9.663167799999999863e-01
9.550948099999999608e-01
9.700577000000000227e-01
9.588348199999999766e-01
9.588348199999999766e-01
9.625760700000000059e-01
9.625760700000000059e-01
9.700577000000000227e-01
9.663167799999999863e-01
9.476147600000000004e-01
9.700577000000000227e-01
9.513550800000000196e-01
9.700577000000000227e-01
9.513550800000000196e-01
9.401369299999999818e-01
9.476147600000000004e-01
9.289217100000000116e-01
9.326595300000000144e-01
9.251833400000000207e-01
9.251833400000000207e-01
9.251833400000000207e-01
9.363975799999999516e-01
9.177093699999999687e-01
9.139719200000000487e-01
9.064999099999999643e-01
9.027634399999999726e-01
8.990282800000000130e-01
9.102357800000000498e-01
8.952933299999999983e-01
8.878236000000000461e-01
8.803556099999999551e-01
8.766218599999999750e-01
8.691557699999999942e-01
8.467647900000000449e-01
6.680522500000000141e-01
4.013689799999999863e-01
2.281815199999999988e-01
4.105529399999999912e-02
-9.053142100000000081e-02
-2.362511300000000036e-01
-3.270658900000000258e-01
-4.430155299999999907e-01
-5.153173500000000073e-01
-5.730666800000000505e-01
-6.379361700000000246e-01
-7.314534999999999787e-01
-7.601847099999999857e-01
-8.319219300000000317e-01
-8.498362499999999597e-01
-8.963759100000000535e-01
-9.321387899999999949e-01
-9.607260699999999876e-01
-9.607260699999999876e-01
-7.422299999999999454e-01
-4.430155299999999907e-01
-1.743831999999999882e-01
7.401691800000000099e-02
2.465715199999999885e-01
3.202138900000000010e-01
4.309181999999999735e-01
5.678512100000000506e-01
6.309133199999999997e-01
6.866334899999999575e-01
7.424258500000000538e-01
7.610395899999999880e-01
7.871116500000000515e-01
8.094719200000000114e-01
8.430338699999999630e-01
8.318436500000000455e-01
8.616909299999999661e-01
8.393037599999999543e-01
8.691557699999999942e-01
8.542269700000000299e-01
8.616909299999999661e-01
8.654230000000000533e-01
8.691557699999999942e-01
8.840896299999999597e-01
8.915578400000000459e-01
8.952933299999999983e-01
8.952933299999999983e-01
9.027634399999999726e-01
9.214462199999999825e-01
9.102357800000000498e-01
9.214462199999999825e-01
9.139719200000000487e-01
9.214462199999999825e-01
9.438757300000000239e-01
9.326595300000000144e-01
9.401369299999999818e-01
9.438757300000000239e-01
9.625760700000000059e-01
9.438757300000000239e-01
9.588348199999999766e-01
9.513550800000000196e-01
9.588348199999999766e-01
9.625760700000000059e-01
9.625760700000000059e-01
9.962564099999999812e-01
9.700577000000000227e-01
9.850267299999999615e-01
9.925122199999999451e-01
9.925122199999999451e-01
9.850267299999999615e-01
9.625760700000000059e-01
9.588348199999999766e-01
9.550948099999999608e-01
9.663167799999999863e-01
9.663167799999999863e-01
9.401369299999999818e-01
9.588348199999999766e-01
9.550948099999999608e-01
9.476147600000000004e-01
9.326595300000000144e-01
9.513550800000000196e-01
9.438757300000000239e-01
9.363975799999999516e-01
9.251833400000000207e-01
9.139719200000000487e-01
9.139719200000000487e-01
9.214462199999999825e-01
9.139719200000000487e-01
9.214462199999999825e-01
9.102357800000000498e-01
9.289217100000000116e-01
9.027634399999999726e-01
9.027634399999999726e-01
9.027634399999999726e-01
8.840896299999999597e-01
9.027634399999999726e-01
8.990282800000000130e-01
8.766218599999999750e-01
8.355736000000000274e-01
6.160675700000000088e-01
2.981081099999999817e-01
1.253420399999999879e-01
-3.575413000000000202e-02
-1.598121200000000020e-01
-2.943957999999999853e-01
-3.923281399999999919e-01
-4.755672499999999969e-01
-5.550290199999999841e-01
-6.379361700000000246e-01
-6.991066999999999698e-01
-7.314534999999999787e-01
-8.139994499999999578e-01
-8.390886100000000125e-01
-8.999536000000000202e-01
-9.035309599999999941e-01
-9.535811299999999990e-01
-9.785825599999999902e-01
-8.892194399999999721e-01
-5.874912700000000099e-01
-3.016577200000000181e-01
-5.767370799999999714e-02
1.657132000000000049e-01
2.686508100000000177e-01
3.976765999999999912e-01
5.011803700000000417e-01
6.234895700000000485e-01
6.754837099999999595e-01
7.052232099999999893e-01
7.424258500000000538e-01
7.722115499999999688e-01
7.908377399999999557e-01
8.020173499999999622e-01
8.206563199999999947e-01
8.281145199999999651e-01
8.393037599999999543e-01
8.393037599999999543e-01
8.430338699999999630e-01
8.766218599999999750e-01
8.579588099999999606e-01
8.840896299999999597e-01
8.952933299999999983e-01
8.766218599999999750e-01
8.803556099999999551e-01
8.878236000000000461e-01
8.952933299999999983e-01
8.952933299999999983e-01
9.251833400000000207e-01
9.027634399999999726e-01
9.064999099999999643e-01
9.251833400000000207e-01
9.326595300000000144e-01
9.214462199999999825e-01
9.251833400000000207e-01
9.289217100000000116e-01
9.401369299999999818e-01
9.401369299999999818e-01
9.625760700000000059e-01
9.737999899999999487e-01
9.588348199999999766e-01
9.812835199999999647e-01
9.925122199999999451e-01
9.737999899999999487e-01
9.737999899999999487e-01
9.737999899999999487e-01
9.700577000000000227e-01
9.588348199999999766e-01
9.775416200000000000e-01
9.513550800000000196e-01
9.700577000000000227e-01
9.588348199999999766e-01
9.775416200000000000e-01
9.513550800000000196e-01
9.513550800000000196e-01
9.513550800000000196e-01
9.476147600000000004e-01
9.476147600000000004e-01
9.438757300000000239e-01
9.438757300000000239e-01
9.401369299999999818e-01
9.588348199999999766e-01
9.363975799999999516e-01
9.363975799999999516e-01
9.326595300000000144e-01
9.289217100000000116e-01
9.438757300000000239e-01
9.251833400000000207e-01
9.214462199999999825e-01
9.251833400000000207e-01
9.139719200000000487e-01
9.064999099999999643e-01
9.289217100000000116e-01
8.878236000000000461e-01
8.952933299999999983e-01
9.064999099999999643e-01
8.766218599999999750e-01
8.766218599999999750e-01
8.654230000000000533e-01
6.754837099999999595e-01
4.013689799999999863e-01
2.097986599999999979e-01
3.739435499999999718e-02
-1.160691999999999974e-01
-2.362511300000000036e-01
-3.452043599999999879e-01
-4.430155299999999907e-01
-5.333730599999999544e-01
-6.091183700000000201e-01
-6.775277100000000052e-01
-7.422299999999999454e-01
-7.960692499999999505e-01
-8.462538899999999531e-01
-8.892194399999999721e-01
-9.035309599999999941e-01
-9.392876500000000295e-01
-9.821530800000000117e-01
-9.892926899999999746e-01
-7.458215000000000261e-01
-4.321591200000000077e-01
-1.670983900000000133e-01
8.134511099999999773e-02
2.502511900000000122e-01
3.275859400000000199e-01
4.826797400000000238e-01
5.567321699999999707e-01
6.346259199999999545e-01
7.126611400000000263e-01
7.461480799999999913e-01
7.535929599999999784e-01
7.833863800000000488e-01
8.020173499999999622e-01
8.131998999999999755e-01
8.355736000000000274e-01
8.355736000000000274e-01
8.430338699999999630e-01
8.504958799999999819e-01
8.654230000000000533e-01
8.654230000000000533e-01
8.728888700000000389e-01
8.803556099999999551e-01
8.915578400000000459e-01
9.102357800000000498e-01
9.177093699999999687e-01
9.139719200000000487e-01
9.064999099999999643e-01
9.064999099999999643e-01
9.177093699999999687e-01
9.177093699999999687e-01
9.139719200000000487e-01
9.476147600000000004e-01
9.401369299999999818e-01
9.513550800000000196e-01
9.550948099999999608e-01
9.625760700000000059e-01
9.550948099999999608e-01
9.513550800000000196e-01
9.775416200000000000e-01
9.812835199999999647e-01
9.700577000000000227e-01
9.812835199999999647e-01
9.887694000000000205e-01
9.737999899999999487e-01
9.700577000000000227e-01
9.925122199999999451e-01
9.663167799999999863e-01
9.737999899999999487e-01
9.588348199999999766e-01
9.588348199999999766e-01
9.775416200000000000e-01
9.513550800000000196e-01
9.476147600000000004e-01
9.401369299999999818e-01
9.438757300000000239e-01
9.663167799999999863e-01
9.513550800000000196e-01
9.775416200000000000e-01
9.513550800000000196e-01
9.663167799999999863e-01
9.476147600000000004e-01
9.513550800000000196e-01
9.363975799999999516e-01
9.326595300000000144e-01
9.550948099999999608e-01
9.326595300000000144e-01
9.251833400000000207e-01
9.251833400000000207e-01
9.177093699999999687e-01
9.064999099999999643e-01
9.102357800000000498e-01
8.915578400000000459e-01
9.177093699999999687e-01
9.027634399999999726e-01
8.990282800000000130e-01
9.064999099999999643e-01
8.840896299999999597e-01
8.691557699999999942e-01
7.610395899999999880e-01
4.826797400000000238e-01
3.017913899999999927e-01
1.143384800000000062e-01
-5.036819199999999913e-02
-1.889486800000000077e-01
-2.980266300000000146e-01
-3.995727700000000215e-01
-4.755672499999999969e-01
-5.766734000000000027e-01
-6.487377399999999517e-01
-6.847222299999999873e-01
-7.745421700000000298e-01
-8.283381499999999953e-01
-8.605810699999999480e-01
-8.927977799999999853e-01
-9.321387899999999949e-01
-9.571537100000000464e-01
-9.857230500000000450e-01
-8.856407699999999661e-01
-5.766734000000000027e-01
-2.907638399999999956e-01
-3.575413000000000202e-02
1.767302400000000107e-01
2.649704199999999843e-01
3.976765999999999912e-01
4.900786699999999940e-01
6.086454599999999715e-01
6.829168599999999589e-01
7.126611400000000263e-01
7.461480799999999913e-01
7.796610000000000484e-01
7.945640899999999451e-01
8.131998999999999755e-01
8.281145199999999651e-01
8.504958799999999819e-01
8.654230000000000533e-01
8.691557699999999942e-01
8.616909299999999661e-01
8.691557699999999942e-01
8.990282800000000130e-01
8.878236000000000461e-01
9.027634399999999726e-01
9.251833400000000207e-01
9.027634399999999726e-01
9.214462199999999825e-01
9.102357800000000498e-01
9.289217100000000116e-01
9.102357800000000498e-01
9.177093699999999687e-01
9.214462199999999825e-01
9.363975799999999516e-01
9.214462199999999825e-01
9.289217100000000116e-01
9.251833400000000207e-01
9.438757300000000239e-01
9.700577000000000227e-01
9.476147600000000004e-01
9.625760700000000059e-01
9.737999899999999487e-01
9.737999899999999487e-01
9.775416200000000000e-01
9.812835199999999647e-01
9.925122199999999451e-01
9.737999899999999487e-01
9.850267299999999615e-01
9.850267299999999615e-01
9.737999899999999487e-01
9.663167799999999863e-01
9.550948099999999608e-01
9.700577000000000227e-01
9.588348199999999766e-01
9.812835199999999647e-01
9.588348199999999766e-01
9.663167799999999863e-01
9.700577000000000227e-01
9.625760700000000059e-01
9.663167799999999863e-01
9.513550800000000196e-01
9.550948099999999608e-01
9.476147600000000004e-01
9.401369299999999818e-01
9.363975799999999516e-01
9.251833400000000207e-01
9.363975799999999516e-01
9.251833400000000207e-01
9.064999099999999643e-01
9.289217100000000116e-01
9.214462199999999825e-01
9.027634399999999726e-01
8.915578400000000459e-01
8.840896299999999597e-01
8.840896299999999597e-01
8.840896299999999597e-01
8.803556099999999551e-01
8.766218599999999750e-01
8.840896299999999597e-01
8.728888700000000389e-01
8.654230000000000533e-01
6.309133199999999997e-01
3.866018399999999744e-01
2.024478000000000111e-01
2.641429699999999978e-02
-1.014782099999999992e-01
-2.326146500000000061e-01
-3.488315100000000113e-01
-4.502515200000000162e-01
-5.189291799999999899e-01
-6.127215000000000300e-01
-6.847222299999999873e-01
-7.494129999999999958e-01
-8.068284100000000514e-01
-8.319219300000000317e-01
-8.963759100000000535e-01
-9.142613200000000440e-01
-9.500083299999999564e-01
-9.857230500000000450e-01
-9.964312199999999509e-01
-7.242675100000000032e-01
-4.104377699999999796e-01
-1.270092600000000127e-01
9.600576500000000679e-02
1.877501599999999993e-01
3.460192300000000110e-01
4.789798599999999795e-01
5.419111599999999473e-01
6.420516200000000451e-01
6.977862000000000231e-01
7.387043800000000493e-01
7.684871399999999575e-01
7.908377399999999557e-01
8.094719200000000114e-01
8.542269700000000299e-01
8.318436500000000455e-01
8.467647900000000449e-01
8.504958799999999819e-01
8.616909299999999661e-01
8.728888700000000389e-01
8.803556099999999551e-01
9.064999099999999643e-01
9.214462199999999825e-01
8.990282800000000130e-01
9.064999099999999643e-01
9.289217100000000116e-01
9.064999099999999643e-01
9.326595300000000144e-01
9.102357800000000498e-01
9.289217100000000116e-01
9.214462199999999825e-01
9.139719200000000487e-01
9.251833400000000207e-01
9.326595300000000144e-01
9.289217100000000116e-01
9.550948099999999608e-01
9.737999899999999487e-01
9.550948099999999608e-01
9.812835199999999647e-01
9.887694000000000205e-01
9.700577000000000227e-01
9.737999899999999487e-01
9.700577000000000227e-01
9.812835199999999647e-01
9.663167799999999863e-01
9.812835199999999647e-01
9.625760700000000059e-01
9.700577000000000227e-01
9.550948099999999608e-01
9.588348199999999766e-01
9.812835199999999647e-01
9.588348199999999766e-01
9.625760700000000059e-01
9.663167799999999863e-01
9.775416200000000000e-01
9.588348199999999766e-01
9.438757300000000239e-01
9.513550800000000196e-01
9.663167799999999863e-01
9.513550800000000196e-01
9.625760700000000059e-01
9.513550800000000196e-01
9.550948099999999608e-01
9.177093699999999687e-01
9.177093699999999687e-01
9.102357800000000498e-01
9.214462199999999825e-01
9.064999099999999643e-01
9.251833400000000207e-01
9.214462199999999825e-01
8.952933299999999983e-01
9.027634399999999726e-01
8.915578400000000459e-01
9.177093699999999687e-01
8.878236000000000461e-01
9.064999099999999643e-01
8.915578400000000459e-01
8.952933299999999983e-01
8.728888700000000389e-01
8.057446900000000412e-01
4.752807600000000243e-01
2.944251600000000191e-01
9.600576500000000679e-02
-3.940791999999999906e-02
-1.925890100000000049e-01
-2.871317600000000136e-01
-4.140591599999999817e-01
-5.080930399999999958e-01
-5.910963599999999873e-01
-6.595363600000000437e-01
-7.206741100000000344e-01
-7.853071499999999538e-01
-8.355053799999999642e-01
-8.749028100000000308e-01
-9.178376000000000312e-01
-9.464349899999999760e-01
-9.607260699999999876e-01
-1.000000000000000000e+00
-8.749028100000000308e-01
-5.442024500000000042e-01
-2.580648600000000070e-01
-1.747873399999999924e-02
2.097986599999999979e-01
2.833773299999999828e-01
4.198347900000000132e-01
5.011803700000000417e-01
6.160675700000000088e-01
6.754837099999999595e-01
6.903509300000000293e-01
7.573161699999999552e-01
7.908377399999999557e-01
8.281145199999999651e-01
8.206563199999999947e-01
8.281145199999999651e-01
8.393037599999999543e-01
8.654230000000000533e-01
8.840896299999999597e-01
8.766218599999999750e-01
8.691557699999999942e-01
8.766218599999999750e-01
8.840896299999999597e-01
8.878236000000000461e-01
8.952933299999999983e-01
9.177093699999999687e-01
8.915578400000000459e-01
9.027634399999999726e-01
9.064999099999999643e-01
9.139719200000000487e-01
9.251833400000000207e-01
9.289217100000000116e-01
9.438757300000000239e-01
9.625760700000000059e-01
9.438757300000000239e-01
9.737999899999999487e-01
9.513550800000000196e-01
9.625760700000000059e-01
9.850267299999999615e-01
9.700577000000000227e-01
9.663167799999999863e-01
9.887694000000000205e-01
9.737999899999999487e-01
9.700577000000000227e-01
9.812835199999999647e-01
9.663167799999999863e-01
9.887694000000000205e-01
9.850267299999999615e-01
9.737999899999999487e-01
9.775416200000000000e-01
9.700577000000000227e-01
9.663167799999999863e-01
9.700577000000000227e-01
9.775416200000000000e-01
9.663167799999999863e-01
9.887694000000000205e-01
9.625760700000000059e-01
9.663167799999999863e-01
9.513550800000000196e-01
9.438757300000000239e-01
9.625760700000000059e-01
9.363975799999999516e-01
9.476147600000000004e-01
9.289217100000000116e-01
9.177093699999999687e-01
9.289217100000000116e-01
9.102357800000000498e-01
9.064999099999999643e-01
9.027634399999999726e-01
9.214462199999999825e-01
9.251833400000000207e-01
9.064999099999999643e-01
9.251833400000000207e-01
8.915578400000000459e-01
8.840896299999999597e-01
8.803556099999999551e-01
8.766218599999999750e-01
8.728888700000000389e-01
8.840896299999999597e-01
8.616909299999999661e-01
6.123561600000000382e-01
3.570834199999999847e-01
1.693851600000000068e-01
8.119652899999999646e-03
-1.415918700000000086e-01
-2.544299300000000263e-01
-3.778340800000000166e-01
-4.683359300000000114e-01
-5.586369300000000315e-01
-6.343351099999999798e-01
-6.955112399999999750e-01
-7.601847099999999857e-01
-8.104141500000000553e-01
-8.319219300000000317e-01
-8.963759100000000535e-01
-9.249887399999999760e-01
-9.464349899999999760e-01
-9.642979999999999885e-01
-9.892926899999999746e-01
-6.775277100000000052e-01
-3.778340800000000166e-01
-1.233631399999999961e-01
1.143384800000000062e-01
2.686508100000000177e-01
3.349579500000000043e-01
4.678839499999999929e-01
5.307988599999999835e-01
6.383387999999999840e-01
6.866334899999999575e-01
7.424258500000000538e-01
7.610395899999999880e-01
7.908377399999999557e-01
8.094719200000000114e-01
8.206563199999999947e-01
8.355736000000000274e-01
8.504958799999999819e-01
8.542269700000000299e-01
8.579588099999999606e-01
8.654230000000000533e-01
8.878236000000000461e-01
8.840896299999999597e-01
8.840896299999999597e-01
8.952933299999999983e-01
8.990282800000000130e-01
8.915578400000000459e-01
9.177093699999999687e-01
8.990282800000000130e-01
9.064999099999999643e-01
9.027634399999999726e-01
9.102357800000000498e-01
9.251833400000000207e-01
9.214462199999999825e-01
9.476147600000000004e-01
9.438757300000000239e-01
9.476147600000000004e-01
9.476147600000000004e-01
9.550948099999999608e-01
9.588348199999999766e-01
9.588348199999999766e-01
9.625760700000000059e-01
9.775416200000000000e-01
9.663167799999999863e-01
9.663167799999999863e-01
9.850267299999999615e-01
9.700577000000000227e-01
9.625760700000000059e-01
9.663167799999999863e-01
9.775416200000000000e-01
9.625760700000000059e-01
9.663167799999999863e-01
9.625760700000000059e-01
9.663167799999999863e-01
9.625760700000000059e-01
9.588348199999999766e-01
9.812835199999999647e-01
9.513550800000000196e-01
9.476147600000000004e-01
9.700577000000000227e-01
9.438757300000000239e-01
9.363975799999999516e-01
9.326595300000000144e-01
9.363975799999999516e-01
9.289217100000000116e-01
9.214462199999999825e-01
9.401369299999999818e-01
9.139719200000000487e-01
9.214462199999999825e-01
9.139719200000000487e-01
9.102357800000000498e-01
9.064999099999999643e-01
9.027634399999999726e-01
8.990282800000000130e-01
8.952933299999999983e-01
9.102357800000000498e-01
9.064999099999999643e-01
8.803556099999999551e-01
8.728888700000000389e-01
8.654230000000000533e-01
7.349828600000000156e-01
4.493977299999999953e-01
2.686508100000000177e-01
8.867478500000000596e-02
-6.862915599999999672e-02
-2.144258500000000012e-01
-3.089185899999999929e-01
-4.285395799999999755e-01
-5.189291799999999899e-01
-5.983062599999999787e-01
-6.703321100000000365e-01
-7.314534999999999787e-01
-7.853071499999999538e-01
-8.319219300000000317e-01
-8.713228400000000429e-01
-9.106849299999999481e-01
-9.249887399999999760e-01
-9.571537100000000464e-01
-9.857230500000000450e-01
-8.283381499999999953e-01
-5.297624300000000064e-01
-2.326146500000000061e-01
1.909531399999999865e-02
1.326794199999999924e-01
2.686508100000000177e-01
4.050621300000000202e-01
5.011803700000000417e-01
6.197779500000000219e-01
6.680522500000000141e-01
7.238205300000000175e-01
7.684871399999999575e-01
7.722115499999999688e-01
8.057446900000000412e-01
8.020173499999999622e-01
8.169281699999999535e-01
8.281145199999999651e-01
8.318436500000000455e-01
8.467647900000000449e-01
8.728888700000000389e-01
8.579588099999999606e-01
8.654230000000000533e-01
8.840896299999999597e-01
8.915578400000000459e-01
8.803556099999999551e-01
8.878236000000000461e-01
9.139719200000000487e-01
8.990282800000000130e-01
9.027634399999999726e-01
9.102357800000000498e-01
9.177093699999999687e-01
9.214462199999999825e-01
9.289217100000000116e-01
9.289217100000000116e-01
9.401369299999999818e-01
9.401369299999999818e-01
9.438757300000000239e-01
9.737999899999999487e-01
9.513550800000000196e-01
9.625760700000000059e-01
9.887694000000000205e-01
9.700577000000000227e-01
9.737999899999999487e-01
9.663167799999999863e-01
9.925122199999999451e-01
9.663167799999999863e-01
9.663167799999999863e-01
9.625760700000000059e-01
9.588348199999999766e-01
9.625760700000000059e-01
9.513550800000000196e-01
9.476147600000000004e-01
9.476147600000000004e-01
9.438757300000000239e-01
9.737999899999999487e-01
9.476147600000000004e-01
9.625760700000000059e-01
9.401369299999999818e-01
9.438757300000000239e-01
9.588348199999999766e-01
9.326595300000000144e-01
9.214462199999999825e-01
9.214462199999999825e-01
9.139719200000000487e-01
9.177093699999999687e-01
9.102357800000000498e-01
9.326595300000000144e-01
9.102357800000000498e-01
9.251833400000000207e-01
9.326595300000000144e-01
9.064999099999999643e-01
8.952933299999999983e-01
8.915578400000000459e-01
9.064999099999999643e-01
8.840896299999999597e-01
8.840896299999999597e-01
8.840896299999999597e-01
8.766218599999999750e-01
8.691557699999999942e-01
8.504958799999999819e-01
5.419111599999999473e-01
3.312713400000000252e-01
1.436878000000000044e-01
8.119652899999999646e-03
-1.452365300000000026e-01
-2.834999899999999795e-01
-3.923281399999999919e-01
-4.827973199999999743e-01
-5.694596400000000447e-01
-6.415373500000000062e-01
-7.062973599999999852e-01
-7.673638999999999877e-01
-8.175846399999999736e-01
-8.534180799999999678e-01
-8.892194399999999721e-01
-9.249887399999999760e-01
-9.321387899999999949e-01
-8.831707600000000546e-01
-8.799482699999999769e-01
-6.049747300000000161e-01
-3.311817499999999970e-01
-6.523275900000000127e-02
1.131211899999999965e-01
1.893432899999999974e-01
3.189388799999999802e-01
4.256035300000000077e-01
4.957628299999999877e-01
5.828030499999999892e-01
6.297520500000000077e-01
6.633220399999999461e-01
6.935596499999999720e-01
7.103682599999999736e-01
7.271845799999999693e-01
7.642052299999999576e-01
7.507388999999999868e-01
7.776760700000000526e-01
7.642052299999999576e-01
7.776760700000000526e-01
7.776760700000000526e-01
7.911512299999999831e-01
8.012607999999999953e-01
7.945209399999999533e-01
7.911512299999999831e-01
8.147440000000000238e-01
8.012607999999999953e-01
8.080022300000000435e-01
8.113730200000000004e-01
8.113730200000000004e-01
8.181161700000000314e-01
8.450988200000000283e-01
8.282327000000000439e-01
8.107541000000000331e-01
8.107541000000000331e-01
8.244871299999999570e-01
8.210536600000000185e-01
8.176204400000000039e-01
8.210536600000000185e-01
8.347901800000000483e-01
8.279217399999999616e-01
8.313558599999999466e-01
8.450959200000000004e-01
8.382257400000000525e-01
8.313558599999999466e-01
8.485323399999999960e-01
8.210536600000000185e-01
8.244871299999999570e-01
8.279217399999999616e-01
8.107541000000000331e-01
8.073217299999999597e-01
8.210536600000000185e-01
8.141866700000000012e-01
8.073217299999999597e-01
8.107541000000000331e-01
8.107541000000000331e-01
8.107541000000000331e-01
8.073217299999999597e-01
8.073217299999999597e-01
8.038888600000000384e-01
8.004571799999999904e-01
8.107541000000000331e-01
7.901629100000000516e-01
8.107541000000000331e-01
7.867323400000000300e-01
7.833012200000000202e-01
7.798712899999999948e-01
7.798712899999999948e-01
7.730113899999999649e-01
7.901629100000000516e-01
7.764416100000000043e-01
7.661535299999999715e-01
7.798712899999999948e-01
7.627242100000000136e-01
7.558681000000000427e-01
7.524401200000000456e-01
7.592960300000000107e-01
7.695823600000000209e-01
7.455853500000000356e-01
5.814212800000000403e-01
3.398388299999999806e-01
1.537185600000000041e-01
-1.262624800000000007e-03
-1.422224099999999936e-01
-2.626320400000000110e-01
-3.693423900000000204e-01
-4.591447900000000248e-01
-5.454186100000000259e-01
-6.149557900000000021e-01
-6.744557500000000205e-01
-7.305622600000000189e-01
-7.767040499999999792e-01
-7.997532600000000214e-01
-8.622426600000000496e-01
-8.753847000000000156e-01
-9.049372599999999656e-01
-9.508605300000000371e-01
-9.377455399999999885e-01
-8.063360600000000211e-01
-5.023065799999999470e-01
-2.459316300000000122e-01
-4.158957399999999721e-02
1.469670399999999932e-01
2.145328300000000077e-01
3.432312299999999983e-01
4.145367400000000146e-01
5.132195299999999794e-01
5.643596300000000010e-01
6.053193799999999625e-01
6.497404500000000249e-01
6.599984899999999932e-01
6.873660900000000407e-01
6.942112200000000177e-01
7.113284600000000513e-01
7.181772899999999682e-01
7.284529899999999669e-01
7.387313899999999878e-01
7.558681000000000427e-01
7.661535299999999715e-01
7.730113899999999649e-01
7.627242100000000136e-01
7.730113899999999649e-01
7.970257099999999983e-01
7.935937400000000475e-01
7.867323400000000300e-01
7.833012200000000202e-01
7.901629100000000516e-01
7.901629100000000516e-01
7.833012200000000202e-01
7.901629100000000516e-01
7.901629100000000516e-01
8.107541000000000331e-01
7.935937400000000475e-01
7.970257099999999983e-01
8.038888600000000384e-01
8.244871299999999570e-01
8.279217399999999616e-01
8.244871299999999570e-01
8.279217399999999616e-01
8.485323399999999960e-01
8.313558599999999466e-01
8.279217399999999616e-01
8.244871299999999570e-01
8.176204400000000039e-01
8.176204400000000039e-01
8.244871299999999570e-01
8.107541000000000331e-01
8.176204400000000039e-01
8.313558599999999466e-01
8.210536600000000185e-01
8.382257400000000525e-01
8.141866700000000012e-01
8.382257400000000525e-01
8.416607099999999786e-01
8.210536600000000185e-01
8.210536600000000185e-01
8.176204400000000039e-01
8.141866700000000012e-01
8.279217399999999616e-01
8.038888600000000384e-01
8.004571799999999904e-01
8.107541000000000331e-01
8.107541000000000331e-01
7.935937400000000475e-01
7.970257099999999983e-01
7.833012200000000202e-01
7.867323400000000300e-01
7.867323400000000300e-01
7.798712899999999948e-01
7.901629100000000516e-01
7.764416100000000043e-01
7.695823600000000209e-01
7.867323400000000300e-01
7.592960300000000107e-01
7.730113899999999649e-01
7.627242100000000136e-01
7.592960300000000107e-01
7.216024199999999666e-01
4.281340100000000093e-01
2.551286700000000018e-01
8.625875500000000640e-02
-7.851929600000000231e-02
-2.125077200000000111e-01
-3.260280500000000137e-01
-4.192591299999999799e-01
-5.056247699999999456e-01
-5.387890100000000126e-01
-6.447176999999999492e-01
-7.008692699999999887e-01
-7.569361000000000006e-01
-7.997532600000000214e-01
-8.425206200000000534e-01
-8.556698400000000149e-01
-9.016549000000000369e-01
-9.344659699999999791e-01
-9.475822600000000095e-01
-8.786695599999999606e-01
-6.314928199999999547e-01
-3.460256500000000179e-01
-1.254689900000000025e-01
7.278105099999999938e-02
2.246778200000000003e-01
2.889902400000000093e-01
3.975480000000000125e-01
4.553410199999999852e-01
5.370768099999999601e-01
5.814212800000000403e-01
6.189822000000000379e-01
6.463214999999999932e-01
6.702591700000000152e-01
7.147529000000000243e-01
7.010571500000000178e-01
7.079042199999999729e-01
7.387313899999999878e-01
7.250277099999999919e-01
7.387313899999999878e-01
7.627242100000000136e-01
7.455853500000000356e-01
7.524401200000000456e-01
7.558681000000000427e-01
7.833012200000000202e-01
7.627242100000000136e-01
7.935937400000000475e-01
7.798712899999999948e-01
7.833012200000000202e-01
8.004571799999999904e-01
8.073217299999999597e-01
8.176204400000000039e-01
7.970257099999999983e-01
8.210536600000000185e-01
8.244871299999999570e-01
8.176204400000000039e-01
8.107541000000000331e-01
8.210536600000000185e-01
8.416607099999999786e-01
8.450959200000000004e-01
8.279217399999999616e-01
8.313558599999999466e-01
8.279217399999999616e-01
8.347901800000000483e-01
8.279217399999999616e-01
8.210536600000000185e-01
8.210536600000000185e-01
8.244871299999999570e-01
8.176204400000000039e-01
8.176204400000000039e-01
8.313558599999999466e-01
8.141866700000000012e-01
8.107541000000000331e-01
8.107541000000000331e-01
8.279217399999999616e-01
8.141866700000000012e-01
8.279217399999999616e-01
8.107541000000000331e-01
8.382257400000000525e-01
8.313558599999999466e-01
8.141866700000000012e-01
8.279217399999999616e-01
8.073217299999999597e-01
8.244871299999999570e-01
8.004571799999999904e-01
8.004571799999999904e-01
7.970257099999999983e-01
8.176204400000000039e-01
7.833012200000000202e-01
7.867323400000000300e-01
7.833012200000000202e-01
7.798712899999999948e-01
7.833012200000000202e-01
7.764416100000000043e-01
7.661535299999999715e-01
7.627242100000000136e-01
7.730113899999999649e-01
7.524401200000000456e-01
7.455853500000000356e-01
7.592960300000000107e-01
5.814212800000000403e-01
3.262734199999999807e-01
1.672243200000000096e-01
-1.262624800000000007e-03
-1.321710500000000121e-01
-2.592927099999999818e-01
-3.693423900000000204e-01
-4.591447900000000248e-01
-5.387890100000000126e-01
-6.116471300000000388e-01
-6.744557500000000205e-01
-7.272642700000000460e-01
-7.503443699999999827e-01
-7.964614199999999755e-01
-8.326555599999999613e-01
-8.720996399999999538e-01
-9.147828599999999755e-01
-9.279062300000000540e-01
-9.410247200000000367e-01
-7.602314399999999806e-01
-4.657885700000000129e-01
-2.225378899999999882e-01
-1.470972599999999936e-02
1.672243200000000096e-01
2.348254499999999911e-01
3.364475499999999841e-01
4.213343700000000136e-01
5.132195299999999794e-01
5.575372499999999842e-01
5.950754600000000005e-01
6.223986999999999714e-01
6.531595999999999513e-01
6.771009599999999740e-01
6.839443499999999787e-01
7.113284600000000513e-01
7.079042199999999729e-01
7.113284600000000513e-01
7.387313899999999878e-01
7.455853500000000356e-01
7.318789700000000176e-01
7.421582199999999796e-01
7.661535299999999715e-01
7.730113899999999649e-01
7.627242100000000136e-01
7.833012200000000202e-01
7.935937400000000475e-01
7.833012200000000202e-01
7.970257099999999983e-01
8.004571799999999904e-01
8.176204400000000039e-01
8.210536600000000185e-01
8.279217399999999616e-01
8.141866700000000012e-01
8.107541000000000331e-01
8.313558599999999466e-01
8.141866700000000012e-01
8.210536600000000185e-01
8.176204400000000039e-01
8.485323399999999960e-01
8.244871299999999570e-01
8.279217399999999616e-01
8.313558599999999466e-01
8.244871299999999570e-01
8.210536600000000185e-01
8.210536600000000185e-01
8.210536600000000185e-01
8.176204400000000039e-01
8.210536600000000185e-01
8.313558599999999466e-01
8.382257400000000525e-01
8.313558599999999466e-01
8.107541000000000331e-01
8.107541000000000331e-01
8.073217299999999597e-01
8.107541000000000331e-01
8.107541000000000331e-01
8.107541000000000331e-01
8.073217299999999597e-01
8.107541000000000331e-01
8.073217299999999597e-01
8.107541000000000331e-01
8.004571799999999904e-01
7.970257099999999983e-01
7.970257099999999983e-01
8.107541000000000331e-01
7.970257099999999983e-01
8.004571799999999904e-01
7.901629100000000516e-01
7.867323400000000300e-01
7.833012200000000202e-01
7.798712899999999948e-01
7.695823600000000209e-01
7.833012200000000202e-01
7.661535299999999715e-01
7.558681000000000427e-01
7.730113899999999649e-01
7.524401200000000456e-01
7.421582199999999796e-01
7.181772899999999682e-01
4.519389200000000217e-01
2.179139300000000057e-01
6.267581199999999741e-02
-7.851929600000000231e-02
-2.158517399999999864e-01
-3.226937699999999909e-01
-4.159338000000000202e-01
-4.989880800000000005e-01
-5.785475199999999818e-01
-6.480228700000000286e-01
-7.041699500000000445e-01
-7.536406599999999623e-01
-7.997532600000000214e-01
-8.392325699999999555e-01
-8.753847000000000156e-01
-9.016549000000000369e-01
-9.311861999999999639e-01
-9.410247200000000367e-01
-8.655285200000000234e-01
-5.984108799999999784e-01
-3.293613000000000235e-01
-1.053547999999999984e-01
9.974117700000000031e-02
1.908709700000000009e-01
3.059331000000000134e-01
4.077406900000000167e-01
4.655487400000000164e-01
5.780083200000000199e-01
5.950754600000000005e-01
6.223986999999999714e-01
6.463214999999999932e-01
6.805225000000000302e-01
6.771009599999999740e-01
6.873660900000000407e-01
6.942112200000000177e-01
7.113284600000000513e-01
7.113284600000000513e-01
7.216024199999999666e-01
7.284529899999999669e-01
7.353052100000000424e-01
7.455853500000000356e-01
7.490123899999999724e-01
7.764416100000000043e-01
7.627242100000000136e-01
7.661535299999999715e-01
7.764416100000000043e-01
7.833012200000000202e-01
7.867323400000000300e-01
7.901629100000000516e-01
8.107541000000000331e-01
7.970257099999999983e-01
8.004571799999999904e-01
8.038888600000000384e-01
8.279217399999999616e-01
8.210536600000000185e-01
8.279217399999999616e-01
8.176204400000000039e-01
8.347901800000000483e-01
8.210536600000000185e-01
8.382257400000000525e-01
8.347901800000000483e-01
8.416607099999999786e-01
8.450959200000000004e-01
8.313558599999999466e-01
8.244871299999999570e-01
8.176204400000000039e-01
8.210536600000000185e-01
8.107541000000000331e-01
8.141866700000000012e-01
8.141866700000000012e-01
8.382257400000000525e-01
8.176204400000000039e-01
8.244871299999999570e-01
8.141866700000000012e-01
8.347901800000000483e-01
8.107541000000000331e-01
8.141866700000000012e-01
8.141866700000000012e-01
8.313558599999999466e-01
8.107541000000000331e-01
8.038888600000000384e-01
7.970257099999999983e-01
8.176204400000000039e-01
7.970257099999999983e-01
7.935937400000000475e-01
7.935937400000000475e-01
7.935937400000000475e-01
8.038888600000000384e-01
7.935937400000000475e-01
8.004571799999999904e-01
7.764416100000000043e-01
7.798712899999999948e-01
7.558681000000000427e-01
7.490123899999999724e-01
7.490123899999999724e-01
7.353052100000000424e-01
7.318789700000000176e-01
5.370768099999999601e-01
2.923782200000000220e-01
1.334681299999999904e-01
-2.815209200000000009e-02
-1.623171900000000001e-01
-2.626320400000000110e-01
-3.826600800000000135e-01
-4.657885700000000129e-01
-5.520466699999999616e-01
-6.149557900000000021e-01
-6.744557500000000205e-01
-7.338603399999999999e-01
-7.799975900000000184e-01
-8.030447099999999949e-01
-8.622426600000000496e-01
-8.950890700000000422e-01
-9.049372599999999656e-01
-9.213451000000000279e-01
-9.377455399999999885e-01
-7.503443699999999827e-01
-4.624668299999999954e-01
-2.158517399999999864e-01
-4.624802299999999575e-03
1.031126700000000035e-01
2.517435299999999931e-01
3.568037700000000201e-01
4.315332199999999951e-01
5.302591300000000230e-01
5.745955600000000052e-01
6.189822000000000379e-01
6.326496999999999815e-01
6.531595999999999513e-01
6.634185299999999508e-01
6.907885299999999562e-01
6.907885299999999562e-01
7.010571500000000178e-01
7.079042199999999729e-01
7.250277099999999919e-01
7.421582199999999796e-01
7.353052100000000424e-01
7.455853500000000356e-01
7.490123899999999724e-01
7.661535299999999715e-01
7.592960300000000107e-01
7.661535299999999715e-01
7.764416100000000043e-01
7.935937400000000475e-01
7.730113899999999649e-01
7.798712899999999948e-01
7.798712899999999948e-01
7.867323400000000300e-01
7.867323400000000300e-01
7.935937400000000475e-01
8.176204400000000039e-01
8.004571799999999904e-01
8.004571799999999904e-01
8.279217399999999616e-01
8.244871299999999570e-01
8.347901800000000483e-01
8.279217399999999616e-01
8.210536600000000185e-01
8.313558599999999466e-01
8.313558599999999466e-01
8.347901800000000483e-01
8.279217399999999616e-01
8.176204400000000039e-01
8.210536600000000185e-01
8.210536600000000185e-01
8.279217399999999616e-01
8.347901800000000483e-01
8.244871299999999570e-01
8.210536600000000185e-01
8.244871299999999570e-01
8.210536600000000185e-01
8.176204400000000039e-01
8.141866700000000012e-01
8.141866700000000012e-01
8.141866700000000012e-01
8.107541000000000331e-01
8.244871299999999570e-01
8.107541000000000331e-01
8.073217299999999597e-01
8.038888600000000384e-01
8.004571799999999904e-01
8.176204400000000039e-01
7.970257099999999983e-01
7.935937400000000475e-01
8.073217299999999597e-01
7.833012200000000202e-01
7.798712899999999948e-01
7.764416100000000043e-01
7.867323400000000300e-01
7.592960300000000107e-01
7.695823600000000209e-01
7.627242100000000136e-01
7.490123899999999724e-01
7.387313899999999878e-01
7.387313899999999878e-01
6.942112200000000177e-01
3.873579699999999959e-01
1.942508000000000012e-01
4.247328400000000004e-02
-1.087078300000000053e-01
-2.258810099999999932e-01
-3.360281800000000096e-01
-4.292345300000000030e-01
-4.956696899999999961e-01
-5.851700300000000077e-01
-6.513279400000000496e-01
-7.074698299999999662e-01
-7.635266800000000131e-01
-8.063360600000000211e-01
-8.490958299999999959e-01
-8.786695599999999606e-01
-8.950890700000000422e-01
-9.213451000000000279e-01
-9.377455399999999885e-01
-8.655285200000000234e-01
-5.818589199999999462e-01
-3.126901000000000264e-01
-9.529372399999999632e-02
9.637017600000000184e-02
2.585128999999999899e-01
3.025435399999999997e-01
3.907536699999999974e-01
4.621457299999999768e-01
5.507160300000000230e-01
5.916616599999999782e-01
6.292322999999999666e-01
6.497404500000000249e-01
6.702591700000000152e-01
6.976338100000000209e-01
7.113284600000000513e-01
7.250277099999999919e-01
7.113284600000000513e-01
7.387313899999999878e-01
7.284529899999999669e-01
7.592960300000000107e-01
7.421582199999999796e-01
7.524401200000000456e-01
7.524401200000000456e-01
7.764416100000000043e-01
7.592960300000000107e-01
7.661535299999999715e-01
7.935937400000000475e-01
7.764416100000000043e-01
7.798712899999999948e-01
8.004571799999999904e-01
7.833012200000000202e-01
7.798712899999999948e-01
7.798712899999999948e-01
7.867323400000000300e-01
8.073217299999999597e-01
8.073217299999999597e-01
8.244871299999999570e-01
8.210536600000000185e-01
8.141866700000000012e-01
8.210536600000000185e-01
8.210536600000000185e-01
8.450959200000000004e-01
8.244871299999999570e-01
8.244871299999999570e-01
8.347901800000000483e-01
8.279217399999999616e-01
8.313558599999999466e-01
8.554043199999999958e-01
8.347901800000000483e-01
8.313558599999999466e-01
8.485323399999999960e-01
8.519682499999999825e-01
8.382257400000000525e-01
8.450959200000000004e-01
8.141866700000000012e-01
8.176204400000000039e-01
8.107541000000000331e-01
8.141866700000000012e-01
8.313558599999999466e-01
8.073217299999999597e-01
8.244871299999999570e-01
8.210536600000000185e-01
7.935937400000000475e-01
8.038888600000000384e-01
7.867323400000000300e-01
7.798712899999999948e-01
7.901629100000000516e-01
7.901629100000000516e-01
