-2.546834000000000042e+00
-2.522527999999999881e+00
-2.471731999999999818e+00
-2.438461999999999907e+00
-2.477770000000000028e+00
-2.484093999999999802e+00
-2.373479000000000116e+00
-2.219148999999999816e+00
-2.055559999999999832e+00
-1.922643000000000102e+00
-1.911656000000000022e+00
-1.963654000000000011e+00
-1.932884999999999964e+00
-1.866338000000000052e+00
-1.803241000000000094e+00
-1.765463999999999922e+00
-1.760623999999999967e+00
-1.722634999999999916e+00
-1.746266000000000096e+00
-1.769992999999999927e+00
-1.830645999999999995e+00
-1.892452000000000023e+00
-1.965371999999999897e+00
-2.070044999999999913e+00
-2.226312000000000069e+00
-2.534378999999999937e+00
-2.751135000000000108e+00
-2.985434000000000143e+00
-3.089891000000000165e+00
-3.085107999999999961e+00
-2.911989999999999856e+00
-2.635555000000000092e+00
-2.284650000000000070e+00
-1.982761999999999913e+00
-1.824805000000000010e+00
-1.837520999999999960e+00
-1.893845999999999918e+00
-2.088913999999999938e+00
-2.197118999999999822e+00
-2.342255000000000198e+00
-2.401658999999999988e+00
-2.630481000000000069e+00
-2.859013000000000027e+00
-3.210688000000000208e+00
-3.595632999999999857e+00
-3.695479000000000180e+00
-3.890378000000000114e+00
-4.338200999999999752e+00
-4.573451999999999629e+00
-4.469031000000000198e+00
-4.414609999999999701e+00
-4.362969999999999793e+00
-4.672329000000000399e+00
-4.753013000000000154e+00
-4.469838000000000200e+00
-3.989326000000000150e+00
-3.465256000000000114e+00
-3.212819000000000091e+00
-3.035698000000000008e+00
-2.931156999999999790e+00
-2.786472999999999978e+00
-2.686285999999999952e+00
-2.529812999999999867e+00
-2.281388999999999889e+00
-2.201683000000000057e+00
-2.086285999999999863e+00
-1.909310999999999980e+00
-1.948371999999999993e+00
-1.846626000000000101e+00
-1.849199000000000037e+00
-1.704023999999999983e+00
-1.784520000000000106e+00
-1.808786999999999923e+00
-1.693122000000000016e+00
-1.622638000000000025e+00
-1.598613000000000062e+00
-1.581520000000000037e+00
-1.553779999999999939e+00
-1.536648999999999932e+00
-1.473754999999999926e+00
-1.293819000000000052e+00
-1.083890999999999938e+00
-9.061791000000000151e-01
-8.503616000000000508e-01
-7.836290999999999674e-01
-9.006553000000000475e-01
-1.338435000000000041e+00
-1.842495999999999912e+00
-2.184626000000000179e+00
-2.610584999999999933e+00
-3.115997999999999823e+00
-3.451817999999999831e+00
-3.068649999999999878e+00
-1.995006000000000057e+00
-1.008332999999999924e+00
-4.429122999999999810e-01
-2.087600000000000011e-01
-1.320880000000000110e-01
-5.570589000000000235e-01
-1.247527000000000053e+00
-2.201620000000000132e+00
-3.291943999999999981e+00
-4.533163000000000054e+00
-5.715714000000000183e+00
-6.127303999999999640e+00
-5.120667000000000080e+00
-3.767144000000000048e+00
-2.851715000000000000e+00
-2.614613999999999994e+00
-2.763793000000000166e+00
-3.159679000000000126e+00
-3.301239999999999952e+00
-3.360587000000000213e+00
-3.352250999999999870e+00
-3.204943000000000097e+00
-3.129779000000000089e+00
-2.888145000000000184e+00
-2.706275000000000208e+00
-2.494295999999999847e+00
-2.339503000000000110e+00
-2.329971000000000014e+00
-2.473139000000000198e+00
-2.518784000000000134e+00
-2.572029000000000121e+00
-2.546275000000000066e+00
-2.496380999999999961e+00
-2.571778000000000119e+00
-2.671412000000000120e+00
-2.513037000000000187e+00
-2.367957000000000090e+00
-2.212431000000000036e+00
-2.151120000000000143e+00
-2.008757000000000126e+00
-1.759671999999999903e+00
-1.574257000000000017e+00
-1.478183999999999942e+00
-1.387162000000000006e+00
-1.324681999999999915e+00
-1.293794000000000111e+00
-1.351726999999999901e+00
-1.272766999999999982e+00
-1.455762999999999918e+00
-1.770526999999999962e+00
-1.942145999999999928e+00
-2.205810000000000048e+00
-2.511763000000000190e+00
-2.645446999999999882e+00
-2.815742000000000189e+00
-2.997380999999999851e+00
-3.143561000000000050e+00
-3.023566000000000198e+00
-2.623295000000000154e+00
-2.227967000000000031e+00
-2.139162999999999926e+00
-2.358155000000000001e+00
-2.649160999999999877e+00
-2.805273999999999823e+00
-2.733937000000000062e+00
-2.876421000000000117e+00
-3.127024000000000026e+00
-3.498212000000000099e+00
-3.495195999999999970e+00
-3.564547000000000132e+00
-3.760898000000000074e+00
-3.938009000000000093e+00
-4.103479000000000099e+00
-4.311766999999999683e+00
-4.386865000000000236e+00
-4.474071999999999605e+00
-4.443945000000000256e+00
-4.177335000000000242e+00
-3.859907999999999895e+00
-3.515306999999999960e+00
-3.280130000000000212e+00
-2.995032999999999834e+00
-2.890878999999999976e+00
-2.697963999999999807e+00
-2.576299000000000117e+00
-2.470841000000000065e+00
-2.235278000000000098e+00
-1.868888000000000105e+00
-1.794262999999999941e+00
-1.640287999999999968e+00
-1.649216999999999933e+00
-1.599914000000000058e+00
-1.640881000000000034e+00
-1.607140000000000013e+00
-1.505973000000000006e+00
-1.486695000000000100e+00
-1.473300000000000054e+00
-1.497222999999999971e+00
-1.486625000000000085e+00
-1.450088000000000044e+00
-1.406460000000000043e+00
-1.299984999999999946e+00
-1.095529999999999893e+00
-8.679828000000000543e-01
-7.224555000000000282e-01
-6.015441999999999734e-01
-6.209325999999999457e-01
-1.053136999999999990e+00
-1.707626000000000088e+00
-2.279495999999999967e+00
-2.759609999999999896e+00
-3.379513999999999907e+00
-3.900526999999999855e+00
-3.377038000000000206e+00
-2.083003000000000160e+00
-1.091383999999999910e+00
-5.942693000000000003e-01
-2.248203000000000007e-01
-9.923232999999999360e-02
-4.484292999999999751e-01
-1.467259000000000091e+00
-2.750770999999999855e+00
-4.132465999999999973e+00
-5.331552000000000291e+00
-6.047457999999999778e+00
-5.419297000000000253e+00
-3.709770999999999930e+00
-2.664442000000000199e+00
-2.277254000000000111e+00
-2.316562999999999928e+00
-2.461736999999999842e+00
-2.666443000000000119e+00
-2.978558000000000039e+00
-3.293871999999999911e+00
-3.557615999999999890e+00
-3.553656000000000148e+00
-3.387570000000000192e+00
-3.193220999999999865e+00
-2.931694999999999940e+00
-2.730464000000000002e+00
-2.482581999999999844e+00
-2.395922000000000107e+00
-2.464233000000000118e+00
-2.514993000000000034e+00
-2.445486999999999966e+00
-2.308501999999999832e+00
-2.252959999999999852e+00
-2.192753999999999870e+00
-2.136430999999999969e+00
-2.083502000000000187e+00
-1.979487999999999914e+00
-1.931823999999999986e+00
-1.795873999999999970e+00
-1.777755999999999892e+00
-1.707079000000000013e+00
-1.626854000000000022e+00
-1.661945000000000006e+00
-1.589342999999999950e+00
-1.476607999999999921e+00
-1.356181999999999999e+00
-1.267695000000000016e+00
-1.299986000000000086e+00
-1.517508999999999997e+00
-1.654816999999999982e+00
-1.820610999999999979e+00
-2.180533000000000055e+00
-2.482508999999999855e+00
-2.657300999999999913e+00
-2.731859000000000037e+00
-2.739484000000000030e+00
-2.577595000000000081e+00
-2.398017999999999983e+00
-2.311690000000000023e+00
-2.428739000000000203e+00
-2.672369000000000216e+00
-3.024932000000000176e+00
-3.227705999999999964e+00
-3.159299999999999997e+00
-3.261746000000000034e+00
-3.494709999999999983e+00
-3.563321000000000183e+00
-3.440275000000000194e+00
-3.568185999999999858e+00
-3.910973999999999950e+00
-3.762633999999999812e+00
-3.820367000000000068e+00
-3.887083000000000066e+00
-4.072210000000000107e+00
-4.280643000000000420e+00
-4.116271000000000235e+00
-3.743348999999999815e+00
-3.342308000000000057e+00
-3.207470999999999961e+00
-3.263275999999999843e+00
-3.325327000000000144e+00
-3.278150000000000119e+00
-3.182552999999999965e+00
-3.084046999999999983e+00
-2.983429000000000109e+00
-2.691485000000000127e+00
-2.326236999999999888e+00
-2.021973000000000020e+00
-1.813901999999999903e+00
-1.702191999999999927e+00
-1.571549000000000085e+00
-1.538923000000000041e+00
-1.501100000000000101e+00
-1.449302000000000090e+00
-1.336100999999999983e+00
-1.257776000000000005e+00
-1.192128999999999994e+00
-1.228868000000000071e+00
-1.321569999999999911e+00
-1.381332000000000004e+00
-1.318376999999999910e+00
-1.097237999999999936e+00
-8.188037999999999705e-01
-5.570117999999999459e-01
-4.505761999999999823e-01
-6.387089000000000238e-01
-1.173527999999999905e+00
-1.591463000000000072e+00
-2.035991000000000106e+00
-2.643282000000000131e+00
-3.342203000000000035e+00
-3.632365000000000066e+00
-3.200241999999999809e+00
-2.166474000000000011e+00
-1.327838000000000074e+00
-8.160984999999999490e-01
-4.351422999999999819e-01
-3.837928999999999924e-01
-5.368762000000000256e-01
-9.039530000000000065e-01
-1.979111000000000065e+00
-3.402073000000000125e+00
-4.827759999999999607e+00
-5.610414999999999708e+00
-5.763940999999999981e+00
-4.658793000000000184e+00
-3.430092999999999837e+00
-2.578526999999999791e+00
-2.439407999999999799e+00
-2.783990000000000187e+00
-3.114501999999999882e+00
-3.245334000000000163e+00
-3.294232000000000049e+00
-3.235951000000000022e+00
-3.153391000000000055e+00
-3.027585999999999888e+00
-2.763900000000000023e+00
-2.676807999999999854e+00
-2.547251999999999850e+00
-2.359083000000000041e+00
-2.309123000000000037e+00
-2.292184000000000221e+00
-2.332219999999999960e+00
-2.380961999999999801e+00
-2.438238999999999823e+00
-2.443569000000000102e+00
-2.419845000000000024e+00
-2.350861000000000089e+00
-2.172318000000000193e+00
-1.998858999999999941e+00
-1.937378000000000045e+00
-1.819037000000000015e+00
-1.737160000000000037e+00
-1.722412000000000054e+00
-1.647334999999999994e+00
-1.605021000000000031e+00
-1.590778000000000025e+00
-1.611147000000000107e+00
-1.629802999999999891e+00
-1.583946000000000076e+00
-1.484834999999999905e+00
-1.416922999999999933e+00
-1.501624000000000070e+00
-1.624648000000000092e+00
-1.723481999999999958e+00
-1.855339999999999989e+00
-2.194262999999999852e+00
-2.390518999999999838e+00
-2.534680999999999962e+00
-2.695501000000000147e+00
-2.837909999999999933e+00
-2.769248000000000154e+00
-2.477279999999999927e+00
-2.176861000000000157e+00
-2.083231000000000055e+00
-2.181216000000000044e+00
-2.387169000000000096e+00
-2.624118000000000173e+00
-2.632096000000000213e+00
-2.559320000000000039e+00
-2.642374999999999918e+00
-2.901425999999999839e+00
-3.126958999999999822e+00
-3.116908000000000012e+00
-3.229223999999999872e+00
-3.556748999999999938e+00
-3.565763000000000016e+00
-3.716060999999999837e+00
-3.890340000000000131e+00
-4.126816999999999958e+00
-4.374649999999999928e+00
-4.432344999999999757e+00
-4.194503000000000092e+00
-3.776775999999999911e+00
-3.404078999999999855e+00
-3.243759999999999977e+00
-3.154846000000000039e+00
-3.199895000000000156e+00
-3.130876999999999910e+00
-2.972618999999999900e+00
-2.837298000000000098e+00
-2.660714000000000024e+00
-2.367119999999999891e+00
-2.148098000000000063e+00
-1.944385000000000030e+00
-1.859394999999999909e+00
-1.791166999999999954e+00
-1.609296999999999978e+00
-1.807760000000000034e+00
-1.749808999999999948e+00
-1.655974000000000057e+00
-1.559881000000000073e+00
-1.515662999999999982e+00
-1.461113000000000106e+00
-1.435243999999999964e+00
-1.456407000000000007e+00
-1.422355000000000036e+00
-1.302548000000000039e+00
-1.124073000000000100e+00
-8.979637999999999787e-01
-7.298797999999999675e-01
-6.445735999999999688e-01
-7.126702999999999788e-01
-1.049798999999999927e+00
-1.639010999999999996e+00
-1.938930000000000042e+00
-2.208597999999999839e+00
-2.733124000000000109e+00
-3.027283000000000168e+00
-2.940876999999999963e+00
-2.262980000000000214e+00
-1.432506999999999975e+00
-8.853326999999999725e-01
-6.813194000000000194e-01
-9.362873000000000445e-01
-1.678525000000000045e+00
-2.047733000000000025e+00
-2.427112000000000158e+00
-3.346067000000000125e+00
-4.776646000000000392e+00
-5.487429999999999808e+00
-5.320127000000000272e+00
-4.440892999999999979e+00
-3.386934999999999807e+00
-2.681896000000000058e+00
-2.514051999999999953e+00
-2.738431999999999977e+00
-3.042533999999999850e+00
-3.190547000000000022e+00
-3.216432999999999875e+00
-3.116727000000000025e+00
-2.978812000000000015e+00
-2.896198000000000050e+00
-2.819224999999999870e+00
-2.754037999999999986e+00
-2.617748999999999882e+00
-2.459877999999999787e+00
-2.530407999999999991e+00
-2.542406000000000166e+00
-2.511203000000000074e+00
-2.516497000000000206e+00
-2.462499999999999911e+00
-2.440477000000000007e+00
-2.331122000000000138e+00
-2.284511000000000180e+00
-2.257575000000000109e+00
-2.105989999999999807e+00
-1.963589999999999947e+00
-1.768059000000000047e+00
-1.694145999999999930e+00
-1.623194000000000026e+00
-1.595420999999999978e+00
-1.585171000000000108e+00
-1.490617999999999999e+00
-1.445405000000000051e+00
-1.413145000000000095e+00
-1.331509000000000054e+00
-1.230680999999999914e+00
-1.180979000000000001e+00
-1.210074000000000094e+00
-1.253913999999999973e+00
-1.441805000000000003e+00
-1.863815999999999917e+00
-2.251843000000000039e+00
-2.524988000000000010e+00
-2.708235000000000170e+00
-2.890171000000000046e+00
-2.874057000000000084e+00
-2.604535999999999962e+00
-2.207368000000000219e+00
-1.956067000000000000e+00
-2.072236000000000189e+00
-2.432288999999999923e+00
-2.753534999999999844e+00
-2.933279999999999887e+00
-2.895325999999999844e+00
-2.889402000000000026e+00
-2.951700000000000212e+00
-3.089881000000000100e+00
-3.219809999999999839e+00
-3.442714000000000052e+00
-3.796154000000000028e+00
-4.005085000000000228e+00
-4.144379999999999953e+00
-4.216300999999999632e+00
-4.275958000000000148e+00
-4.532090000000000174e+00
-4.665719000000000172e+00
-4.378330000000000055e+00
-3.899227000000000221e+00
-3.462775000000000158e+00
-3.188960999999999935e+00
-3.161405999999999938e+00
-3.242732999999999866e+00
-3.256753999999999927e+00
-3.257492000000000054e+00
-3.076442999999999817e+00
-2.764504000000000072e+00
-2.527006000000000085e+00
-2.194021999999999917e+00
-1.826160000000000005e+00
-1.613809000000000049e+00
-1.509328000000000003e+00
-1.575264999999999915e+00
-1.625696999999999948e+00
-1.592560999999999893e+00
-1.548553999999999986e+00
-1.425936000000000092e+00
-1.275484999999999980e+00
-1.185678000000000010e+00
-1.115707999999999922e+00
-1.075185999999999975e+00
-1.009903999999999913e+00
-8.937511999999999679e-01
-7.670622999999999747e-01
-6.900621999999999590e-01
-6.379034999999999567e-01
-6.307604999999999462e-01
-9.630984999999999685e-01
-1.633653999999999940e+00
-2.092563999999999869e+00
-2.691708999999999907e+00
-3.621323999999999987e+00
-4.224788000000000210e+00
-3.774255999999999833e+00
-2.345772000000000190e+00
-1.085361999999999938e+00
-4.113370000000000082e-01
-2.456327000000000094e-01
-3.306532999999999833e-01
-6.421297000000000255e-01
-1.060902000000000012e+00
-1.491123999999999894e+00
-2.429237000000000091e+00
-3.860835999999999935e+00
-4.888867000000000296e+00
-5.539143000000000150e+00
-5.290854000000000390e+00
-3.994318999999999953e+00
-2.958286999999999889e+00
-2.737467000000000095e+00
-2.908669000000000171e+00
-2.993831999999999827e+00
-3.012970000000000148e+00
-2.882563999999999904e+00
-2.730088999999999988e+00
-2.586272999999999822e+00
-2.701665000000000205e+00
-2.547136000000000067e+00
-2.472119000000000177e+00
-2.242449000000000137e+00
-2.129450999999999983e+00
-2.115883000000000180e+00
-2.148457000000000061e+00
-2.186488000000000209e+00
-2.339881999999999795e+00
-2.440434000000000214e+00
-2.582097000000000087e+00
-2.541027999999999842e+00
-2.481272999999999840e+00
-2.364557000000000020e+00
-2.287643000000000093e+00
-2.184865999999999975e+00
-2.142624000000000084e+00
-2.034626999999999963e+00
-1.955513000000000057e+00
-1.866085999999999911e+00
-1.815666999999999920e+00
-1.717972999999999972e+00
-1.684960000000000013e+00
-1.605137999999999954e+00
-1.480598000000000081e+00
-1.333706000000000058e+00
-1.181791000000000036e+00
-1.196854000000000084e+00
-1.417766999999999999e+00
-1.599947999999999926e+00
-1.910606000000000027e+00
-2.335424000000000166e+00
-2.622206999999999955e+00
-2.697337000000000096e+00
-2.807215999999999934e+00
-2.783198000000000061e+00
-2.597876999999999992e+00
-2.341603000000000101e+00
-2.189417000000000169e+00
-2.284845999999999933e+00
-2.545665000000000067e+00
-2.676289000000000140e+00
-2.716263999999999790e+00
-2.614278999999999797e+00
-2.586475000000000080e+00
-2.795180000000000220e+00
-3.203533000000000186e+00
-3.401606999999999825e+00
-3.585761999999999894e+00
-3.750414000000000136e+00
-3.724206000000000127e+00
-3.735231000000000190e+00
-3.840838999999999892e+00
-4.104936999999999614e+00
-4.443596999999999575e+00
-4.506542999999999743e+00
-4.276296999999999571e+00
-3.915097999999999967e+00
-3.579486000000000168e+00
-3.383805000000000174e+00
-3.323882999999999921e+00
-3.283360000000000056e+00
-3.149649000000000143e+00
-3.019534999999999858e+00
-2.835544000000000064e+00
-2.617407000000000039e+00
-2.320759999999999934e+00
-2.055956000000000117e+00
-1.800534999999999997e+00
-1.659383000000000052e+00
-1.563673000000000091e+00
-1.450946000000000069e+00
-1.453217999999999899e+00
-1.446790000000000020e+00
-1.384071000000000051e+00
-1.324005000000000098e+00
-1.318886000000000003e+00
-1.346770999999999940e+00
-1.315655999999999937e+00
-1.293395999999999990e+00
-1.196982999999999908e+00
-1.035274999999999945e+00
-8.669497999999999927e-01
-7.372802999999999995e-01
-6.981521000000000532e-01
-8.856912999999999592e-01
-1.312966000000000077e+00
-1.798640000000000017e+00
-2.227095999999999965e+00
-2.809388999999999914e+00
-3.331678000000000139e+00
-3.770150000000000112e+00
-3.544900000000000162e+00
-2.590106000000000019e+00
-1.466439000000000048e+00
-6.583407000000000009e-01
-2.702169999999999850e-01
-1.882816999999999963e-01
-6.307513999999999621e-01
-1.211214999999999931e+00
-1.547720999999999902e+00
-2.405761000000000038e+00
-3.941981999999999875e+00
-5.703327999999999953e+00
-6.301510000000000389e+00
-5.224759999999999849e+00
-3.732337999999999933e+00
-2.730322999999999833e+00
-2.227589000000000041e+00
-2.352415000000000145e+00
-2.787437000000000165e+00
-3.229559000000000069e+00
-3.486483000000000221e+00
-3.588470000000000049e+00
-3.502873000000000125e+00
-3.413295000000000190e+00
-3.180327000000000126e+00
-2.866613000000000078e+00
-2.684701000000000004e+00
-2.504338999999999871e+00
-2.303262999999999838e+00
-2.253168000000000060e+00
-2.334038000000000057e+00
-2.406067999999999873e+00
-2.542270999999999948e+00
-2.594107000000000163e+00
-2.574170000000000069e+00
-2.459969000000000072e+00
-2.322071000000000218e+00
-2.249931999999999821e+00
-2.058555999999999830e+00
-1.951991000000000032e+00
-1.759830999999999923e+00
-1.635688000000000031e+00
-1.619704999999999950e+00
-1.450442999999999927e+00
-1.359145000000000048e+00
-1.310329000000000077e+00
-1.378165000000000084e+00
-1.425060999999999911e+00
-1.349450000000000038e+00
-1.256156999999999968e+00
-1.307482000000000033e+00
-1.549261999999999917e+00
-1.716091999999999951e+00
-2.013989000000000029e+00
-2.419109000000000176e+00
-2.673569000000000084e+00
-2.740098999999999840e+00
-2.747570000000000068e+00
-2.672841000000000022e+00
-2.364192000000000071e+00
-2.075010999999999939e+00
-2.060325000000000184e+00
-2.439592000000000205e+00
-2.812520999999999827e+00
-3.125105000000000022e+00
-3.101401000000000074e+00
-3.021571999999999925e+00
-3.197988000000000053e+00
-3.314208999999999961e+00
-3.050308999999999937e+00
-3.316624000000000017e+00
-3.776095999999999897e+00
-3.953939000000000092e+00
-3.994651000000000174e+00
-4.157441999999999638e+00
-4.469903000000000404e+00
-4.802213000000000065e+00
-4.775941000000000436e+00
-4.367441000000000351e+00
-3.905580000000000052e+00
-3.537758000000000180e+00
-3.357555000000000067e+00
-3.357258999999999993e+00
-3.319471000000000060e+00
-3.254274999999999807e+00
-3.096982999999999819e+00
-2.913838999999999846e+00
-2.751250999999999891e+00
-2.433812000000000086e+00
-2.027004999999999946e+00
-1.774339000000000111e+00
-1.567177000000000042e+00
-1.536124999999999963e+00
-1.445662999999999920e+00
-1.410258999999999929e+00
-1.381318000000000046e+00
-1.346033999999999953e+00
-1.285354000000000108e+00
-1.225649999999999906e+00
-1.208793000000000006e+00
-1.269849999999999923e+00
-1.270907000000000009e+00
-1.174732000000000109e+00
-9.524721000000000437e-01
-7.557256999999999447e-01
-5.501806000000000196e-01
-4.559392999999999918e-01
-6.451014999999999944e-01
-1.129661999999999944e+00
-1.541549999999999976e+00
-2.210277000000000047e+00
-3.081557999999999797e+00
-3.772120000000000140e+00
-3.886880999999999808e+00
-3.026565999999999867e+00
-1.797900999999999971e+00
-8.206560000000000521e-01
-1.829330000000000123e-01
1.520112999999999881e-01
7.582229999999999526e-02
-3.279174999999999729e-01
-1.177186000000000066e+00
-1.911526999999999976e+00
-3.008258999999999794e+00
-4.862140000000000128e+00
-6.322869999999999990e+00
-6.509324999999999584e+00
-5.727146000000000292e+00
-4.269199999999999662e+00
-3.262951999999999853e+00
-3.064554999999999918e+00
-3.221610999999999780e+00
-3.239065999999999779e+00
-3.141820000000000057e+00
-2.969018999999999853e+00
-2.930851000000000095e+00
-3.015966000000000147e+00
-3.019013999999999864e+00
-3.008198999999999845e+00
-2.874527000000000054e+00
-2.639734999999999943e+00
-2.414810000000000123e+00
-2.308743000000000212e+00
-2.311662000000000106e+00
-2.369177999999999784e+00
-2.449583000000000066e+00
-2.441673000000000204e+00
-2.451421999999999990e+00
-2.319031999999999982e+00
-2.198370000000000157e+00
-2.050631999999999788e+00
-1.889111999999999902e+00
-1.744990999999999959e+00
-1.681173000000000028e+00
-1.579390999999999989e+00
-1.432531999999999917e+00
-1.206831999999999905e+00
-1.176385000000000014e+00
-1.107617999999999991e+00
-1.044418000000000069e+00
-9.901029999999999553e-01
-8.740752999999999995e-01
-8.793246999999999591e-01
-1.078785000000000105e+00
-1.389294000000000029e+00
-1.599625000000000075e+00
-1.957502000000000075e+00
-2.338654000000000011e+00
-2.550164000000000097e+00
-2.619847000000000037e+00
-2.663784000000000152e+00
-2.588480000000000114e+00
-2.389269000000000087e+00
-2.243708999999999953e+00
-2.431648000000000032e+00
-2.648684999999999956e+00
-2.968217000000000105e+00
-3.218242000000000047e+00
-3.220310000000000006e+00
-3.378315999999999875e+00
-3.597037999999999958e+00
-3.360959999999999948e+00
-3.340154000000000067e+00
-3.621532999999999891e+00
-3.495722999999999914e+00
-3.319723000000000201e+00
-3.447496999999999812e+00
-3.639243000000000006e+00
-3.813394000000000172e+00
-4.080172000000000132e+00
-4.148889999999999745e+00
-3.798202999999999996e+00
-3.288473000000000201e+00
-3.026682999999999790e+00
-2.838312000000000168e+00
-2.850045000000000162e+00
-2.948773999999999784e+00
-2.888961000000000112e+00
-2.870703999999999922e+00
-2.616855999999999849e+00
-2.379300000000000193e+00
-2.195964000000000027e+00
-1.974116999999999900e+00
-1.814799000000000051e+00
-1.737206000000000028e+00
-1.618401999999999896e+00
-1.636770000000000058e+00
-1.688496999999999915e+00
-1.700455999999999968e+00
-1.656188999999999911e+00
-1.615197999999999912e+00
-1.568845999999999963e+00
-1.593920999999999921e+00
-1.616301999999999905e+00
-1.481991999999999976e+00
-1.302783999999999942e+00
-1.187821999999999933e+00
-1.006942999999999921e+00
-7.747848000000000512e-01
-6.814388000000000112e-01
-8.217103999999999520e-01
-1.033789000000000069e+00
-1.313177999999999956e+00
-1.707975999999999939e+00
-2.236772000000000205e+00
-2.883493000000000084e+00
-3.001011999999999791e+00
-2.425613999999999937e+00
-1.350991000000000053e+00
-3.575949999999999962e-01
1.038357000000000030e-01
-2.104511000000000021e-01
-1.093096999999999985e+00
-1.776988000000000012e+00
-2.262637999999999927e+00
-3.516723999999999961e+00
-5.285899999999999821e+00
-6.131382000000000332e+00
-5.893028000000000155e+00
-4.998073999999999906e+00
-3.547410999999999870e+00
-2.604369000000000156e+00
-2.690405000000000157e+00
-3.020093999999999834e+00
-3.274706999999999812e+00
-3.435788000000000064e+00
-3.573551999999999840e+00
-3.530155999999999850e+00
-3.488325000000000120e+00
-3.371700999999999837e+00
-3.234761999999999915e+00
-2.995140999999999831e+00
-2.708261999999999947e+00
-2.511531000000000180e+00
-2.484525000000000095e+00
-2.504554000000000169e+00
-2.548642000000000074e+00
-2.597735000000000127e+00
-2.604645000000000099e+00
-2.508106000000000169e+00
-2.320819999999999883e+00
-2.196705999999999825e+00
-2.209890000000000132e+00
-2.080703999999999887e+00
-1.979843999999999937e+00
-1.911861999999999950e+00
-1.824708999999999914e+00
-1.681815000000000060e+00
-1.491676999999999920e+00
-1.386117999999999961e+00
-1.413345999999999991e+00
-1.386446000000000067e+00
-1.289855999999999892e+00
-1.171532000000000018e+00
-1.154107999999999912e+00
-1.260553999999999952e+00
-1.377413999999999916e+00
-1.437974000000000085e+00
-1.570237000000000105e+00
-1.931759000000000004e+00
-2.360473999999999961e+00
-2.480329999999999924e+00
-2.474089000000000205e+00
-2.401066999999999840e+00
-2.311843999999999788e+00
-2.251390999999999920e+00
-2.257483000000000128e+00
-2.331107999999999958e+00
-2.551381999999999817e+00
-2.661814999999999820e+00
-2.540363000000000149e+00
-2.439408999999999939e+00
-2.573218999999999923e+00
-2.937870999999999899e+00
-3.168172000000000210e+00
-3.300378999999999952e+00
-3.513949000000000211e+00
-3.447656999999999972e+00
-3.657503999999999866e+00
-4.089803999999999995e+00
-4.575762000000000107e+00
-5.197428999999999633e+00
-5.432386000000000159e+00
-4.988567999999999891e+00
-4.353900999999999577e+00
-3.837724000000000135e+00
-3.505237000000000158e+00
-3.340672999999999782e+00
-3.295586000000000126e+00
-3.351005999999999929e+00
-3.116277000000000186e+00
-2.849473999999999840e+00
-2.619197000000000219e+00
-2.317647000000000013e+00
-1.983983000000000052e+00
-1.738204000000000082e+00
-1.405901999999999985e+00
-1.362359000000000098e+00
-1.292696000000000067e+00
-1.441626000000000074e+00
-1.537309000000000037e+00
-1.654428999999999927e+00
-1.661923999999999957e+00
-1.547114000000000100e+00
-1.469662999999999942e+00
-1.366127000000000091e+00
-1.343366000000000060e+00
-1.275193999999999939e+00
-1.155184999999999906e+00
-9.799227000000000354e-01
-8.003947000000000145e-01
-7.207139000000000184e-01
-7.540383000000000502e-01
-1.041520999999999919e+00
-1.455152999999999919e+00
-1.945486999999999966e+00
-2.348793999999999826e+00
-2.925323000000000118e+00
-3.764866000000000046e+00
-4.142268999999999757e+00
-3.479032000000000124e+00
-2.210071000000000119e+00
-1.137799999999999923e+00
-3.816453000000000206e-01
-9.975733000000000517e-02
-4.745026999999999995e-01
-1.273134999999999906e+00
-1.659126000000000101e+00
-2.202037999999999940e+00
-3.593516999999999850e+00
-4.930695000000000050e+00
-4.801726999999999634e+00
-4.425627999999999673e+00
-4.078958000000000084e+00
-3.397848000000000201e+00
-2.590002000000000137e+00
-2.519334000000000184e+00
-2.960249999999999826e+00
-3.484395000000000131e+00
-3.860160000000000036e+00
-3.914153999999999911e+00
-3.747091000000000172e+00
-3.464569000000000010e+00
-3.069328000000000056e+00
-2.708768000000000065e+00
-2.463769999999999794e+00
-2.368418999999999830e+00
-2.313842000000000176e+00
-2.328571999999999864e+00
-2.404933000000000209e+00
-2.511652999999999913e+00
-2.630831999999999837e+00
-2.687807999999999975e+00
-2.761261000000000188e+00
-2.707310000000000105e+00
-2.584734999999999783e+00
-2.463375000000000092e+00
-2.326239999999999863e+00
-2.110980000000000079e+00
-2.036156000000000077e+00
-1.855048999999999948e+00
-1.637507000000000046e+00
-1.530947999999999976e+00
-1.453148000000000106e+00
-1.395596999999999976e+00
-1.321571000000000051e+00
-1.147113000000000049e+00
-9.265086999999999628e-01
-7.899399999999999755e-01
-7.910137000000000418e-01
-8.870727000000000473e-01
-1.133272000000000057e+00
-1.669546999999999892e+00
-2.095543999999999851e+00
-2.232981999999999800e+00
-2.231308999999999987e+00
-2.295618999999999854e+00
-2.332733999999999863e+00
-2.283427000000000096e+00
-2.279479999999999951e+00
-2.757172999999999874e+00
-3.257465999999999973e+00
-3.417603000000000169e+00
-3.435576000000000185e+00
-3.492866999999999944e+00
-3.609405000000000197e+00
-3.623302999999999940e+00
-3.317995999999999945e+00
-3.093552999999999997e+00
-3.259039000000000019e+00
-3.565599999999999881e+00
-3.903131999999999824e+00
-4.143155000000000143e+00
-4.469824000000000019e+00
-4.778618999999999950e+00
-4.642981999999999942e+00
-4.100088999999999650e+00
-3.516805999999999877e+00
-3.163305999999999951e+00
-3.130104000000000219e+00
-3.311087000000000113e+00
-3.542866000000000071e+00
-3.471477999999999842e+00
-3.167577000000000087e+00
-2.863761999999999919e+00
-2.642838999999999938e+00
-2.381527999999999867e+00
-2.119057000000000190e+00
-1.884004000000000012e+00
-1.694112999999999980e+00
-1.615971000000000046e+00
-1.542512000000000105e+00
-1.556327000000000016e+00
-1.610001000000000015e+00
-1.590673000000000004e+00
-1.484075000000000033e+00
-1.389034000000000102e+00
-1.333563000000000054e+00
-1.289247000000000032e+00
-1.269984999999999919e+00
-1.199894000000000016e+00
-1.053357000000000099e+00
-8.861639000000000044e-01
-7.050340999999999969e-01
-5.704523000000000232e-01
-6.202990999999999921e-01
-1.012885000000000035e+00
-1.434279000000000082e+00
-1.821148999999999907e+00
-2.242100999999999900e+00
-2.996172000000000057e+00
-3.705582999999999849e+00
-3.758124000000000020e+00
-2.704969000000000179e+00
-1.413626999999999967e+00
-6.155713000000000434e-01
-2.290439999999999976e-01
-1.701833000000000165e-02
-1.950442000000000009e-01
-6.535260000000000513e-01
-1.814829999999999943e+00
-3.663285999999999820e+00
-5.595685999999999716e+00
-6.425869999999999749e+00
-5.933340000000000281e+00
-4.690240000000000187e+00
-3.227508999999999961e+00
-2.312183999999999795e+00
-2.389123000000000108e+00
-2.617570000000000174e+00
-2.817474999999999952e+00
-3.037068000000000101e+00
-3.260793000000000053e+00
-3.404599999999999849e+00
-3.324351000000000056e+00
-3.169359000000000037e+00
-2.947404999999999831e+00
-2.760819999999999830e+00
-2.538133999999999890e+00
-2.341340999999999894e+00
-2.273517000000000010e+00
-2.280853000000000019e+00
-2.454625000000000057e+00
-2.636601999999999890e+00
-2.641350000000000087e+00
-2.452948000000000128e+00
-2.201878999999999920e+00
-2.035638000000000059e+00
-1.970965000000000078e+00
-1.822926000000000046e+00
-1.888822000000000001e+00
-1.812097999999999987e+00
-1.564289999999999958e+00
-1.510796999999999946e+00
-1.365631000000000039e+00
-1.234720000000000040e+00
-1.086823000000000095e+00
-1.014704000000000050e+00
-1.025314000000000059e+00
-1.020313999999999943e+00
-1.066082999999999892e+00
-1.203966000000000092e+00
-1.521106999999999987e+00
-2.034194999999999975e+00
-2.481273999999999980e+00
-2.699110999999999816e+00
-2.787805000000000089e+00
-2.893263999999999836e+00
-2.803691999999999851e+00
-2.479531000000000152e+00
-2.242688999999999933e+00
-2.340107999999999855e+00
-2.814563999999999844e+00
-3.516090000000000160e+00
-4.056147000000000169e+00
-4.231535000000000046e+00
-4.306871000000000116e+00
-3.785442999999999891e+00
-3.414428000000000019e+00
-3.686643999999999810e+00
-3.922606000000000037e+00
-4.088015999999999650e+00
-4.300947999999999993e+00
-4.579905000000000115e+00
-4.887782999999999767e+00
-5.079987000000000030e+00
-4.729738000000000220e+00
-4.037457999999999991e+00
-3.488755999999999968e+00
-3.331288999999999945e+00
-3.273514000000000035e+00
-3.290191000000000088e+00
-3.330529999999999990e+00
-3.241484999999999950e+00
-3.012519999999999865e+00
-2.696131999999999973e+00
-2.276467999999999936e+00
-1.808623000000000092e+00
-1.480842999999999909e+00
-1.343825000000000047e+00
-1.276893999999999973e+00
-1.288499000000000061e+00
-1.393885000000000041e+00
-1.508351999999999915e+00
-1.577102999999999922e+00
-1.521948000000000079e+00
-1.519514999999999949e+00
-1.458380000000000010e+00
-1.491546999999999956e+00
-1.572434000000000109e+00
-1.547997000000000067e+00
-1.418776000000000037e+00
-1.220591999999999899e+00
-1.021244000000000041e+00
-8.847479000000000315e-01
-7.626005000000000145e-01
-9.234849000000000530e-01
-1.190631999999999913e+00
-1.398762000000000061e+00
-1.819587999999999983e+00
-2.320256999999999792e+00
-2.947119999999999962e+00
-3.373495000000000132e+00
-3.199221000000000092e+00
-2.346964999999999968e+00
-1.273748000000000102e+00
-3.206712999999999925e-01
4.166682999999999915e-01
7.157810000000000006e-01
4.043366999999999933e-01
-3.899889999999999746e-01
-1.629105999999999943e+00
-2.775920999999999861e+00
-3.970193000000000083e+00
-5.392640000000000100e+00
-6.890151000000000359e+00
-7.078049000000000035e+00
-5.400852000000000430e+00
-3.473202999999999818e+00
-2.546209000000000167e+00
-2.640318999999999861e+00
-3.124230999999999980e+00
-3.349645000000000206e+00
-3.328861999999999988e+00
-3.508818000000000215e+00
-3.735685999999999840e+00
-3.856663000000000174e+00
-3.831424999999999859e+00
-3.497879999999999878e+00
-2.972510999999999903e+00
-2.636423000000000183e+00
-2.373731999999999953e+00
-2.253089999999999815e+00
-2.227088999999999874e+00
-2.290602999999999945e+00
-2.350128999999999913e+00
-2.426270000000000149e+00
-2.313871999999999929e+00
-2.094221000000000110e+00
-2.179453000000000085e+00
-2.144233999999999973e+00
-1.924854000000000065e+00
-1.647725000000000106e+00
-1.445221000000000089e+00
-1.418387000000000064e+00
-1.343464999999999909e+00
-1.238566999999999974e+00
-1.183407000000000098e+00
-1.268632999999999900e+00
-1.288979000000000097e+00
-1.225313000000000097e+00
-1.074554000000000009e+00
-8.062907000000000268e-01
-6.550392999999999910e-01
-7.135283000000000042e-01
-8.464237000000000011e-01
-1.200925000000000020e+00
-1.541946000000000039e+00
-1.864959999999999951e+00
-2.130579000000000001e+00
-2.468806999999999974e+00
-2.793470000000000120e+00
-2.993307999999999858e+00
-3.001304999999999890e+00
-2.801905000000000090e+00
-2.732426999999999939e+00
-2.753530000000000033e+00
-2.962000000000000188e+00
-3.076308000000000042e+00
-3.001221999999999834e+00
-3.120665999999999940e+00
-3.454797999999999814e+00
-3.752244000000000135e+00
-3.685613000000000028e+00
-3.843973000000000084e+00
-3.890842000000000134e+00
-3.719279999999999919e+00
-3.841774000000000022e+00
-4.014097999999999722e+00
-4.438424999999999621e+00
-4.758002000000000287e+00
-4.470689000000000135e+00
-3.828993999999999787e+00
-3.260892999999999819e+00
-2.925898999999999806e+00
-2.924554999999999794e+00
-2.987048999999999843e+00
-3.021904999999999841e+00
-3.112335999999999991e+00
-3.046743000000000201e+00
-2.786446000000000200e+00
-2.551232999999999862e+00
-2.372291000000000150e+00
-2.061056999999999917e+00
-1.688169000000000031e+00
-1.519331999999999905e+00
-1.534647000000000094e+00
-1.545406000000000057e+00
-1.500952999999999982e+00
-1.419046999999999947e+00
-1.329193999999999987e+00
-1.198250999999999955e+00
-1.027957000000000010e+00
-8.929217000000000404e-01
-8.238043999999999922e-01
-7.065997000000000527e-01
-5.933827000000000407e-01
-4.795271999999999868e-01
-3.510327999999999782e-01
-2.276924999999999921e-01
-1.908629000000000020e-01
-4.826059999999999794e-01
-1.272353999999999985e+00
-1.829865000000000075e+00
-2.728874999999999940e+00
-3.811106999999999800e+00
-3.990140999999999938e+00
-3.016506999999999827e+00
-1.887868000000000102e+00
-1.202504999999999935e+00
-1.029889000000000054e+00
-1.056003999999999943e+00
-9.843435000000000379e-01
-1.767398000000000025e+00
-3.810881000000000185e+00
-5.635634999999999728e+00
-6.024676000000000364e+00
-4.987335999999999991e+00
-3.549026000000000014e+00
-2.635718999999999923e+00
-1.779366999999999921e+00
-1.647262000000000004e+00
-2.096398999999999901e+00
-2.486381999999999870e+00
-3.124321000000000126e+00
-3.629699000000000009e+00
-3.816027000000000058e+00
-3.620401000000000202e+00
-3.262360999999999844e+00
-2.851561999999999930e+00
-2.607455999999999996e+00
-2.472231999999999985e+00
-2.229487000000000219e+00
-2.188060999999999812e+00
-2.226738999999999802e+00
-2.357206000000000135e+00
-2.462873000000000090e+00
-2.438107000000000024e+00
-2.316173000000000037e+00
-2.249788000000000121e+00
-2.200432000000000166e+00
-2.031893999999999867e+00
-1.741765999999999925e+00
-1.609232999999999913e+00
-1.547447000000000017e+00
-1.584189999999999987e+00
-1.615336000000000105e+00
-1.561827999999999994e+00
-1.477341000000000015e+00
-1.441802999999999946e+00
-1.386748000000000092e+00
-1.381561000000000039e+00
-1.269274000000000013e+00
-1.139837999999999907e+00
-1.142227000000000103e+00
-1.276173999999999920e+00
-1.470460000000000100e+00
-1.781222000000000083e+00
-2.057266999999999957e+00
-2.265678999999999998e+00
-2.485183000000000142e+00
-2.652833000000000219e+00
-2.722967999999999833e+00
-2.498638000000000137e+00
-2.061215999999999937e+00
-1.850926999999999989e+00
-1.896079999999999988e+00
-2.156058999999999948e+00
-2.587889999999999802e+00
-2.931665000000000187e+00
-3.099486000000000185e+00
-3.088100999999999985e+00
-3.046915999999999958e+00
-3.069058000000000064e+00
-3.204292000000000140e+00
-3.518212000000000117e+00
-3.958261999999999947e+00
-4.152088000000000001e+00
-4.203331999999999624e+00
-4.236971999999999738e+00
-4.100546999999999720e+00
-4.249192999999999998e+00
-4.478722000000000314e+00
-4.377221999999999724e+00
-3.986178999999999917e+00
-3.522711999999999843e+00
-3.179533000000000165e+00
-3.003317000000000014e+00
-2.866283000000000136e+00
-2.681658999999999793e+00
-2.657503000000000171e+00
-2.726866999999999930e+00
-2.736117000000000132e+00
-2.624073999999999796e+00
-2.394118000000000190e+00
-1.930968999999999935e+00
-1.496809000000000056e+00
-1.252720000000000056e+00
-1.254135999999999918e+00
-1.371758000000000033e+00
-1.475896000000000097e+00
-1.538956999999999908e+00
-1.588125999999999927e+00
-1.581930999999999976e+00
-1.587779000000000051e+00
-1.694048999999999916e+00
-1.790964999999999918e+00
-1.769147000000000025e+00
-1.723659999999999970e+00
-1.724361999999999950e+00
-1.685847000000000095e+00
-1.513695000000000013e+00
-1.345639999999999947e+00
-1.443073999999999968e+00
-1.802734999999999976e+00
-2.175968999999999820e+00
-2.284553999999999974e+00
-2.064281999999999950e+00
-1.854684999999999917e+00
-1.569244000000000083e+00
-1.993290000000000006e+00
-3.396911999999999932e+00
-5.269580000000000375e+00
-6.492587999999999582e+00
-4.665062999999999960e+00
-2.596894999999999953e+00
-2.130565999999999960e+00
-2.371195999999999859e+00
-2.475588999999999817e+00
-2.357375999999999916e+00
-2.273442999999999881e+00
-2.614822999999999897e+00
-3.245991000000000071e+00
-3.735510000000000108e+00
-4.402491000000000376e+00
-4.651387999999999856e+00
-4.294120000000000381e+00
-3.592160999999999937e+00
-3.052436000000000149e+00
-2.671930999999999834e+00
-2.489561000000000135e+00
-2.617265999999999870e+00
-2.682370000000000143e+00
-2.627829000000000192e+00
-2.446029999999999927e+00
-2.321213999999999889e+00
-2.284399000000000068e+00
-2.314102000000000103e+00
-2.201991000000000032e+00
-1.969033999999999951e+00
-1.772976000000000107e+00
-1.631750999999999951e+00
-1.616471999999999909e+00
-1.567468000000000083e+00
-1.405791000000000013e+00
-1.400527999999999995e+00
-1.402268999999999988e+00
-1.455270000000000064e+00
-1.492890999999999968e+00
-1.395537999999999945e+00
-1.499279000000000028e+00
-1.849990999999999941e+00
-2.048039000000000165e+00
-2.208038000000000167e+00
