-2.546834000000000042e+00
-2.522527999999999881e+00
-2.471731999999999818e+00
-2.438461999999999907e+00
-2.477770000000000028e+00
-2.484093999999999802e+00
-2.373479000000000116e+00
-2.219148999999999816e+00
-2.055559999999999832e+00
-1.922643000000000102e+00
-1.911656000000000022e+00
-1.963654000000000011e+00
-1.932884999999999964e+00
-1.866338000000000052e+00
-1.803241000000000094e+00
-1.765463999999999922e+00
-1.760623999999999967e+00
-1.722634999999999916e+00
-1.746266000000000096e+00
-1.769992999999999927e+00
-1.830645999999999995e+00
-1.892452000000000023e+00
-1.965371999999999897e+00
-2.070044999999999913e+00
-2.226312000000000069e+00
-2.534378999999999937e+00
-2.751135000000000108e+00
-2.985434000000000143e+00
-3.089891000000000165e+00
-3.085107999999999961e+00
-2.911989999999999856e+00
-2.635555000000000092e+00
-2.284650000000000070e+00
-1.982761999999999913e+00
-1.824805000000000010e+00
-1.837520999999999960e+00
-1.893845999999999918e+00
-2.088913999999999938e+00
-2.197118999999999822e+00
-2.342255000000000198e+00
-2.401658999999999988e+00
-2.630481000000000069e+00
-2.859013000000000027e+00
-3.210688000000000208e+00
-3.595632999999999857e+00
-3.695479000000000180e+00
-3.890378000000000114e+00
-4.338200999999999752e+00
-4.573451999999999629e+00
-4.469031000000000198e+00
-4.414609999999999701e+00
-4.362969999999999793e+00
-4.672329000000000399e+00
-4.753013000000000154e+00
-4.469838000000000200e+00
-3.989326000000000150e+00
-3.465256000000000114e+00
-3.212819000000000091e+00
-3.035698000000000008e+00
-2.931156999999999790e+00
-2.786472999999999978e+00
-2.686285999999999952e+00
-2.529812999999999867e+00
-2.281388999999999889e+00
-2.201683000000000057e+00
-2.086285999999999863e+00
-1.909310999999999980e+00
-1.948371999999999993e+00
-1.846626000000000101e+00
-1.849199000000000037e+00
-1.704023999999999983e+00
-1.784520000000000106e+00
-1.808786999999999923e+00
-1.693122000000000016e+00
-1.622638000000000025e+00
-1.598613000000000062e+00
-1.581520000000000037e+00
-1.553779999999999939e+00
-1.536648999999999932e+00
-1.473754999999999926e+00
-1.293819000000000052e+00
-1.083890999999999938e+00
-9.061791000000000151e-01
-8.503616000000000508e-01
-7.836290999999999674e-01
-9.006553000000000475e-01
-1.338435000000000041e+00
-1.842495999999999912e+00
-2.184626000000000179e+00
-2.610584999999999933e+00
-3.115997999999999823e+00
-3.451817999999999831e+00
-3.068649999999999878e+00
-1.995006000000000057e+00
-1.008332999999999924e+00
-4.429122999999999810e-01
-2.087600000000000011e-01
-1.320880000000000110e-01
-5.570589000000000235e-01
-1.247527000000000053e+00
-2.201620000000000132e+00
-3.291943999999999981e+00
-4.533163000000000054e+00
-5.715714000000000183e+00
-6.127303999999999640e+00
-5.120667000000000080e+00
-3.767144000000000048e+00
-2.851715000000000000e+00
-2.614613999999999994e+00
-2.763793000000000166e+00
-3.159679000000000126e+00
-3.301239999999999952e+00
-3.360587000000000213e+00
-3.352250999999999870e+00
-3.204943000000000097e+00
-3.129779000000000089e+00
-2.888145000000000184e+00
-2.706275000000000208e+00
-2.494295999999999847e+00
-2.339503000000000110e+00
-2.329971000000000014e+00
-2.473139000000000198e+00
-2.518784000000000134e+00
-2.572029000000000121e+00
-2.546275000000000066e+00
-2.496380999999999961e+00
-2.571778000000000119e+00
-2.671412000000000120e+00
-2.513037000000000187e+00
-2.367957000000000090e+00
-2.212431000000000036e+00
-2.151120000000000143e+00
-2.008757000000000126e+00
-1.759671999999999903e+00
-1.574257000000000017e+00
-1.478183999999999942e+00
-1.387162000000000006e+00
-1.324681999999999915e+00
-1.293794000000000111e+00
-1.351726999999999901e+00
-1.272766999999999982e+00
-1.455762999999999918e+00
-1.770526999999999962e+00
-1.942145999999999928e+00
-2.205810000000000048e+00
-2.511763000000000190e+00
-2.645446999999999882e+00
-2.815742000000000189e+00
-2.997380999999999851e+00
-3.143561000000000050e+00
-3.023566000000000198e+00
-2.623295000000000154e+00
-2.227967000000000031e+00
-2.139162999999999926e+00
-2.358155000000000001e+00
-2.649160999999999877e+00
-2.805273999999999823e+00
-2.733937000000000062e+00
-2.876421000000000117e+00
-3.127024000000000026e+00
-3.498212000000000099e+00
-3.495195999999999970e+00
-3.564547000000000132e+00
-3.760898000000000074e+00
-3.938009000000000093e+00
-4.103479000000000099e+00
-4.311766999999999683e+00
-4.386865000000000236e+00
-4.474071999999999605e+00
-4.443945000000000256e+00
-4.177335000000000242e+00
-3.859907999999999895e+00
-3.515306999999999960e+00
-3.280130000000000212e+00
-2.995032999999999834e+00
-2.890878999999999976e+00
-2.697963999999999807e+00
-2.576299000000000117e+00
-2.470841000000000065e+00
-2.235278000000000098e+00
-1.868888000000000105e+00
-1.794262999999999941e+00
-1.640287999999999968e+00
-1.649216999999999933e+00
-1.599914000000000058e+00
-1.640881000000000034e+00
-1.607140000000000013e+00
-1.505973000000000006e+00
-1.486695000000000100e+00
-1.473300000000000054e+00
-1.497222999999999971e+00
-1.486625000000000085e+00
-1.450088000000000044e+00
-1.406460000000000043e+00
-1.299984999999999946e+00
-1.095529999999999893e+00
-8.679828000000000543e-01
-7.224555000000000282e-01
-6.015441999999999734e-01
-6.209325999999999457e-01
-1.053136999999999990e+00
-1.707626000000000088e+00
-2.279495999999999967e+00
-2.759609999999999896e+00
-3.379513999999999907e+00
-3.900526999999999855e+00
-3.377038000000000206e+00
-2.083003000000000160e+00
-1.091383999999999910e+00
-5.942693000000000003e-01
-2.248203000000000007e-01
-9.923232999999999360e-02
-4.484292999999999751e-01
-1.467259000000000091e+00
-2.750770999999999855e+00
-4.132465999999999973e+00
-5.331552000000000291e+00
-6.047457999999999778e+00
-5.419297000000000253e+00
-3.709770999999999930e+00
-2.664442000000000199e+00
-2.277254000000000111e+00
-2.316562999999999928e+00
-2.461736999999999842e+00
-2.666443000000000119e+00
-2.978558000000000039e+00
-3.293871999999999911e+00
-3.557615999999999890e+00
-3.553656000000000148e+00
-3.387570000000000192e+00
-3.193220999999999865e+00
-2.931694999999999940e+00
-2.730464000000000002e+00
-2.482581999999999844e+00
-2.395922000000000107e+00
-2.464233000000000118e+00
-2.514993000000000034e+00
-2.445486999999999966e+00
-2.308501999999999832e+00
-2.252959999999999852e+00
-2.192753999999999870e+00
-2.136430999999999969e+00
-2.083502000000000187e+00
-1.979487999999999914e+00
-1.931823999999999986e+00
-1.795873999999999970e+00
-1.777755999999999892e+00
-1.707079000000000013e+00
-1.626854000000000022e+00
-1.661945000000000006e+00
-1.589342999999999950e+00
-1.476607999999999921e+00
-1.356181999999999999e+00
-1.267695000000000016e+00
-1.299986000000000086e+00
-1.517508999999999997e+00
-1.654816999999999982e+00
-1.820610999999999979e+00
-2.180533000000000055e+00
-2.482508999999999855e+00
-2.657300999999999913e+00
-2.731859000000000037e+00
-2.739484000000000030e+00
-2.577595000000000081e+00
-2.398017999999999983e+00
-2.311690000000000023e+00
-2.428739000000000203e+00
-2.672369000000000216e+00
-3.024932000000000176e+00
-3.227705999999999964e+00
-3.159299999999999997e+00
-3.261746000000000034e+00
-3.494709999999999983e+00
-3.563321000000000183e+00
-3.440275000000000194e+00
-3.568185999999999858e+00
-3.910973999999999950e+00
-3.762633999999999812e+00
-3.820367000000000068e+00
-3.887083000000000066e+00
-4.072210000000000107e+00
-4.280643000000000420e+00
-4.116271000000000235e+00
-3.743348999999999815e+00
-3.342308000000000057e+00
-3.207470999999999961e+00
-3.263275999999999843e+00
-3.325327000000000144e+00
-3.278150000000000119e+00
-3.182552999999999965e+00
-3.084046999999999983e+00
-2.983429000000000109e+00
-2.691485000000000127e+00
-2.326236999999999888e+00
-2.021973000000000020e+00
-1.813901999999999903e+00
-1.702191999999999927e+00
-1.571549000000000085e+00
-1.538923000000000041e+00
-1.501100000000000101e+00
-1.449302000000000090e+00
-1.336100999999999983e+00
-1.257776000000000005e+00
-1.192128999999999994e+00
-1.228868000000000071e+00
-1.321569999999999911e+00
-1.381332000000000004e+00
-1.318376999999999910e+00
-1.097237999999999936e+00
-8.188037999999999705e-01
-5.570117999999999459e-01
-4.505761999999999823e-01
-6.387089000000000238e-01
-1.173527999999999905e+00
-1.591463000000000072e+00
-2.035991000000000106e+00
-2.643282000000000131e+00
-3.342203000000000035e+00
-3.632365000000000066e+00
-3.200241999999999809e+00
-2.166474000000000011e+00
-1.327838000000000074e+00
-8.160984999999999490e-01
-4.351422999999999819e-01
-3.837928999999999924e-01
-5.368762000000000256e-01
-9.039530000000000065e-01
-1.979111000000000065e+00
-3.402073000000000125e+00
-4.827759999999999607e+00
-5.610414999999999708e+00
-5.763940999999999981e+00
-4.658793000000000184e+00
-3.430092999999999837e+00
-2.578526999999999791e+00
-2.439407999999999799e+00
-2.783990000000000187e+00
-3.114501999999999882e+00
-3.245334000000000163e+00
-3.294232000000000049e+00
-3.235951000000000022e+00
-3.153391000000000055e+00
-3.027585999999999888e+00
-2.763900000000000023e+00
-2.676807999999999854e+00
-2.547251999999999850e+00
-2.359083000000000041e+00
-2.309123000000000037e+00
-2.292184000000000221e+00
-2.332219999999999960e+00
-2.380961999999999801e+00
-2.438238999999999823e+00
-2.443569000000000102e+00
-2.419845000000000024e+00
-2.350861000000000089e+00
-2.172318000000000193e+00
-1.998858999999999941e+00
-1.937378000000000045e+00
-1.819037000000000015e+00
-1.737160000000000037e+00
-1.722412000000000054e+00
-1.647334999999999994e+00
-1.605021000000000031e+00
-1.590778000000000025e+00
-1.611147000000000107e+00
-1.629802999999999891e+00
-1.583946000000000076e+00
-1.484834999999999905e+00
-1.416922999999999933e+00
-1.501624000000000070e+00
-1.624648000000000092e+00
-1.723481999999999958e+00
-1.855339999999999989e+00
-2.194262999999999852e+00
-2.390518999999999838e+00
-2.534680999999999962e+00
-2.695501000000000147e+00
-2.837909999999999933e+00
-2.769248000000000154e+00
-2.477279999999999927e+00
-2.176861000000000157e+00
-2.083231000000000055e+00
-2.181216000000000044e+00
-2.387169000000000096e+00
-2.624118000000000173e+00
-2.632096000000000213e+00
-2.559320000000000039e+00
-2.642374999999999918e+00
-2.901425999999999839e+00
-3.126958999999999822e+00
-3.116908000000000012e+00
-3.229223999999999872e+00
-3.556748999999999938e+00
-3.565763000000000016e+00
-3.716060999999999837e+00
-3.890340000000000131e+00
-4.126816999999999958e+00
-4.374649999999999928e+00
-4.432344999999999757e+00
-4.194503000000000092e+00
-3.776775999999999911e+00
-3.404078999999999855e+00
-3.243759999999999977e+00
-3.154846000000000039e+00
-3.199895000000000156e+00
-3.130876999999999910e+00
-2.972618999999999900e+00
-2.837298000000000098e+00
-2.660714000000000024e+00
-2.367119999999999891e+00
-2.148098000000000063e+00
-1.944385000000000030e+00
-1.859394999999999909e+00
-1.791166999999999954e+00
-1.609296999999999978e+00
-1.807760000000000034e+00
-1.749808999999999948e+00
-1.655974000000000057e+00
-1.559881000000000073e+00
-1.515662999999999982e+00
-1.461113000000000106e+00
-1.435243999999999964e+00
-1.456407000000000007e+00
-1.422355000000000036e+00
-1.302548000000000039e+00
-1.124073000000000100e+00
-8.979637999999999787e-01
-7.298797999999999675e-01
-6.445735999999999688e-01
-7.126702999999999788e-01
-1.049798999999999927e+00
-1.639010999999999996e+00
-1.938930000000000042e+00
-2.208597999999999839e+00
-2.733124000000000109e+00
-3.027283000000000168e+00
-2.940876999999999963e+00
-2.262980000000000214e+00
-1.432506999999999975e+00
-8.853326999999999725e-01
-6.813194000000000194e-01
-9.362873000000000445e-01
-1.678525000000000045e+00
-2.047733000000000025e+00
-2.427112000000000158e+00
-3.346067000000000125e+00
-4.776646000000000392e+00
-5.487429999999999808e+00
-5.320127000000000272e+00
-4.440892999999999979e+00
-3.386934999999999807e+00
-2.681896000000000058e+00
-2.514051999999999953e+00
-2.738431999999999977e+00
-3.042533999999999850e+00
-3.190547000000000022e+00
-3.216432999999999875e+00
-3.116727000000000025e+00
-2.978812000000000015e+00
-2.896198000000000050e+00
-2.819224999999999870e+00
-2.754037999999999986e+00
-2.617748999999999882e+00
-2.459877999999999787e+00
-2.530407999999999991e+00
-2.542406000000000166e+00
-2.511203000000000074e+00
-2.516497000000000206e+00
-2.462499999999999911e+00
-2.440477000000000007e+00
-2.331122000000000138e+00
-2.284511000000000180e+00
-2.257575000000000109e+00
-2.105989999999999807e+00
-1.963589999999999947e+00
-1.768059000000000047e+00
-1.694145999999999930e+00
-1.623194000000000026e+00
-1.595420999999999978e+00
-1.585171000000000108e+00
-1.490617999999999999e+00
-1.445405000000000051e+00
-1.413145000000000095e+00
-1.331509000000000054e+00
-1.230680999999999914e+00
-1.180979000000000001e+00
-1.210074000000000094e+00
-1.253913999999999973e+00
-1.441805000000000003e+00
-1.863815999999999917e+00
-2.251843000000000039e+00
-2.524988000000000010e+00
-2.708235000000000170e+00
-2.890171000000000046e+00
-2.874057000000000084e+00
-2.604535999999999962e+00
-2.207368000000000219e+00
-1.956067000000000000e+00
-2.072236000000000189e+00
-2.432288999999999923e+00
-2.753534999999999844e+00
-2.933279999999999887e+00
-2.895325999999999844e+00
-2.889402000000000026e+00
-2.951700000000000212e+00
-3.089881000000000100e+00
-3.219809999999999839e+00
-3.442714000000000052e+00
-3.796154000000000028e+00
-4.005085000000000228e+00
-4.144379999999999953e+00
-4.216300999999999632e+00
-4.275958000000000148e+00
-4.532090000000000174e+00
-4.665719000000000172e+00
-4.378330000000000055e+00
-3.899227000000000221e+00
-3.462775000000000158e+00
-3.188960999999999935e+00
-3.161405999999999938e+00
-3.242732999999999866e+00
-3.256753999999999927e+00
-3.257492000000000054e+00
-3.076442999999999817e+00
-2.764504000000000072e+00
-2.527006000000000085e+00
-2.194021999999999917e+00
-1.826160000000000005e+00
-1.613809000000000049e+00
-1.509328000000000003e+00
-1.575264999999999915e+00
-1.625696999999999948e+00
-1.592560999999999893e+00
-1.548553999999999986e+00
-1.425936000000000092e+00
-1.275484999999999980e+00
-1.185678000000000010e+00
-1.115707999999999922e+00
-1.075185999999999975e+00
-1.009903999999999913e+00
-8.937511999999999679e-01
-7.670622999999999747e-01
-6.900621999999999590e-01
-6.379034999999999567e-01
-6.307604999999999462e-01
-9.630984999999999685e-01
-1.633653999999999940e+00
-2.092563999999999869e+00
-2.691708999999999907e+00
-3.621323999999999987e+00
-4.224788000000000210e+00
-3.774255999999999833e+00
-2.345772000000000190e+00
-1.085361999999999938e+00
-4.113370000000000082e-01
-2.456327000000000094e-01
-3.306532999999999833e-01
-6.421297000000000255e-01
-1.060902000000000012e+00
-1.491123999999999894e+00
-2.429237000000000091e+00
-3.860835999999999935e+00
-4.888867000000000296e+00
-5.539143000000000150e+00
-5.290854000000000390e+00
-3.994318999999999953e+00
-2.958286999999999889e+00
-2.737467000000000095e+00
-2.908669000000000171e+00
-2.993831999999999827e+00
-3.012970000000000148e+00
-2.882563999999999904e+00
-2.730088999999999988e+00
-2.586272999999999822e+00
-2.701665000000000205e+00
-2.547136000000000067e+00
-2.472119000000000177e+00
-2.242449000000000137e+00
-2.129450999999999983e+00
-2.115883000000000180e+00
-2.148457000000000061e+00
-2.186488000000000209e+00
-2.339881999999999795e+00
-2.440434000000000214e+00
-2.582097000000000087e+00
-2.541027999999999842e+00
-2.481272999999999840e+00
-2.364557000000000020e+00
-2.287643000000000093e+00
-2.184865999999999975e+00
-2.142624000000000084e+00
-2.034626999999999963e+00
-1.955513000000000057e+00
-1.866085999999999911e+00
-1.815666999999999920e+00
-1.717972999999999972e+00
-1.684960000000000013e+00
-1.605137999999999954e+00
-1.480598000000000081e+00
-1.333706000000000058e+00
-1.181791000000000036e+00
-1.196854000000000084e+00
-1.417766999999999999e+00
-1.599947999999999926e+00
-1.910606000000000027e+00
-2.335424000000000166e+00
-2.622206999999999955e+00
-2.697337000000000096e+00
-2.807215999999999934e+00
-2.783198000000000061e+00
-2.597876999999999992e+00
-2.341603000000000101e+00
-2.189417000000000169e+00
-2.284845999999999933e+00
-2.545665000000000067e+00
-2.676289000000000140e+00
-2.716263999999999790e+00
-2.614278999999999797e+00
-2.586475000000000080e+00
-2.795180000000000220e+00
-3.203533000000000186e+00
-3.401606999999999825e+00
-3.585761999999999894e+00
-3.750414000000000136e+00
-3.724206000000000127e+00
-3.735231000000000190e+00
-3.840838999999999892e+00
-4.104936999999999614e+00
-4.443596999999999575e+00
-4.506542999999999743e+00
-4.276296999999999571e+00
-3.915097999999999967e+00
-3.579486000000000168e+00
-3.383805000000000174e+00
-3.323882999999999921e+00
-3.283360000000000056e+00
-3.149649000000000143e+00
-3.019534999999999858e+00
-2.835544000000000064e+00
-2.617407000000000039e+00
-2.320759999999999934e+00
-2.055956000000000117e+00
-1.800534999999999997e+00
-1.659383000000000052e+00
-1.563673000000000091e+00
-1.450946000000000069e+00
-1.453217999999999899e+00
-1.446790000000000020e+00
-1.384071000000000051e+00
-1.324005000000000098e+00
-1.318886000000000003e+00
-1.346770999999999940e+00
-1.315655999999999937e+00
-1.293395999999999990e+00
-1.196982999999999908e+00
-1.035274999999999945e+00
-8.669497999999999927e-01
-7.372802999999999995e-01
-6.981521000000000532e-01
-8.856912999999999592e-01
-1.312966000000000077e+00
-1.798640000000000017e+00
-2.227095999999999965e+00
-2.809388999999999914e+00
-3.331678000000000139e+00
-3.770150000000000112e+00
-3.544900000000000162e+00
-2.590106000000000019e+00
-1.466439000000000048e+00
-6.583407000000000009e-01
-2.702169999999999850e-01
-1.882816999999999963e-01
-6.307513999999999621e-01
-1.211214999999999931e+00
-1.547720999999999902e+00
-2.405761000000000038e+00
-3.941981999999999875e+00
-5.703327999999999953e+00
-6.301510000000000389e+00
-5.224759999999999849e+00
-3.732337999999999933e+00
-2.730322999999999833e+00
-2.227589000000000041e+00
-2.352415000000000145e+00
-2.787437000000000165e+00
-3.229559000000000069e+00
-3.486483000000000221e+00
-3.588470000000000049e+00
-3.502873000000000125e+00
-3.413295000000000190e+00
-3.180327000000000126e+00
-2.866613000000000078e+00
-2.684701000000000004e+00
-2.504338999999999871e+00
-2.303262999999999838e+00
-2.253168000000000060e+00
-2.334038000000000057e+00
-2.406067999999999873e+00
-2.542270999999999948e+00
-2.594107000000000163e+00
-2.574170000000000069e+00
-2.459969000000000072e+00
-2.322071000000000218e+00
-2.249931999999999821e+00
-2.058555999999999830e+00
-1.951991000000000032e+00
-1.759830999999999923e+00
-1.635688000000000031e+00
-1.619704999999999950e+00
-1.450442999999999927e+00
-1.359145000000000048e+00
-1.310329000000000077e+00
-1.378165000000000084e+00
-1.425060999999999911e+00
-1.349450000000000038e+00
-1.256156999999999968e+00
-1.307482000000000033e+00
-1.549261999999999917e+00
-1.716091999999999951e+00
-2.013989000000000029e+00
-2.419109000000000176e+00
-2.673569000000000084e+00
-2.740098999999999840e+00
-2.747570000000000068e+00
-2.672841000000000022e+00
-2.364192000000000071e+00
-2.075010999999999939e+00
-2.060325000000000184e+00
-2.439592000000000205e+00
-2.812520999999999827e+00
-3.125105000000000022e+00
-3.101401000000000074e+00
-3.021571999999999925e+00
-3.197988000000000053e+00
-3.314208999999999961e+00
-3.050308999999999937e+00
-3.316624000000000017e+00
-3.776095999999999897e+00
-3.953939000000000092e+00
-3.994651000000000174e+00
-4.157441999999999638e+00
-4.469903000000000404e+00
-4.802213000000000065e+00
-4.775941000000000436e+00
-4.367441000000000351e+00
-3.905580000000000052e+00
-3.537758000000000180e+00
-3.357555000000000067e+00
-3.357258999999999993e+00
-3.319471000000000060e+00
-3.254274999999999807e+00
-3.096982999999999819e+00
-2.913838999999999846e+00
-2.751250999999999891e+00
-2.433812000000000086e+00
-2.027004999999999946e+00
-1.774339000000000111e+00
-1.567177000000000042e+00
-1.536124999999999963e+00
-1.445662999999999920e+00
-1.410258999999999929e+00
-1.381318000000000046e+00
-1.346033999999999953e+00
-1.285354000000000108e+00
-1.225649999999999906e+00
-1.208793000000000006e+00
-1.269849999999999923e+00
-1.270907000000000009e+00
-1.174732000000000109e+00
-9.524721000000000437e-01
-7.557256999999999447e-01
-5.501806000000000196e-01
-4.559392999999999918e-01
-6.451014999999999944e-01
-1.129661999999999944e+00
-1.541549999999999976e+00
-2.210277000000000047e+00
-3.081557999999999797e+00
-3.772120000000000140e+00
-3.886880999999999808e+00
-3.026565999999999867e+00
-1.797900999999999971e+00
-8.206560000000000521e-01
-1.829330000000000123e-01
1.520112999999999881e-01
7.582229999999999526e-02
-3.279174999999999729e-01
-1.177186000000000066e+00
-1.911526999999999976e+00
-3.008258999999999794e+00
-4.862140000000000128e+00
-6.322869999999999990e+00
-6.509324999999999584e+00
-5.727146000000000292e+00
-4.269199999999999662e+00
-3.262951999999999853e+00
-3.064554999999999918e+00
-3.221610999999999780e+00
-3.239065999999999779e+00
-3.141820000000000057e+00
-2.969018999999999853e+00
-2.930851000000000095e+00
-3.015966000000000147e+00
-3.019013999999999864e+00
-3.008198999999999845e+00
-2.874527000000000054e+00
-2.639734999999999943e+00
-2.414810000000000123e+00
-2.308743000000000212e+00
-2.311662000000000106e+00
-2.369177999999999784e+00
-2.449583000000000066e+00
-2.441673000000000204e+00
-2.451421999999999990e+00
-2.319031999999999982e+00
-2.198370000000000157e+00
-2.050631999999999788e+00
-1.889111999999999902e+00
-1.744990999999999959e+00
-1.681173000000000028e+00
-1.579390999999999989e+00
-1.432531999999999917e+00
-1.206831999999999905e+00
-1.176385000000000014e+00
-1.107617999999999991e+00
-1.044418000000000069e+00
-9.901029999999999553e-01
-8.740752999999999995e-01
-8.793246999999999591e-01
-1.078785000000000105e+00
-1.389294000000000029e+00
-1.599625000000000075e+00
-1.957502000000000075e+00
-2.338654000000000011e+00
-2.550164000000000097e+00
-2.619847000000000037e+00
-2.663784000000000152e+00
-2.588480000000000114e+00
-2.389269000000000087e+00
-2.243708999999999953e+00
-2.431648000000000032e+00
-2.648684999999999956e+00
-2.968217000000000105e+00
-3.218242000000000047e+00
-3.220310000000000006e+00
-3.378315999999999875e+00
-3.597037999999999958e+00
-3.360959999999999948e+00
-3.340154000000000067e+00
-3.621532999999999891e+00
-3.495722999999999914e+00
-3.319723000000000201e+00
-3.447496999999999812e+00
-3.639243000000000006e+00
-3.813394000000000172e+00
-4.080172000000000132e+00
-4.148889999999999745e+00
-3.798202999999999996e+00
-3.288473000000000201e+00
-3.026682999999999790e+00
-2.838312000000000168e+00
-2.850045000000000162e+00
-2.948773999999999784e+00
-2.888961000000000112e+00
-2.870703999999999922e+00
-2.616855999999999849e+00
-2.379300000000000193e+00
-2.195964000000000027e+00
-1.974116999999999900e+00
-1.814799000000000051e+00
-1.737206000000000028e+00
-1.618401999999999896e+00
-1.636770000000000058e+00
-1.688496999999999915e+00
-1.700455999999999968e+00
-1.656188999999999911e+00
-1.615197999999999912e+00
-1.568845999999999963e+00
-1.593920999999999921e+00
-1.616301999999999905e+00
-1.481991999999999976e+00
-1.302783999999999942e+00
-1.187821999999999933e+00
-1.006942999999999921e+00
-7.747848000000000512e-01
-6.814388000000000112e-01
-8.217103999999999520e-01
-1.033789000000000069e+00
-1.313177999999999956e+00
-1.707975999999999939e+00
-2.236772000000000205e+00
-2.883493000000000084e+00
-3.001011999999999791e+00
-2.425613999999999937e+00
-1.350991000000000053e+00
-3.575949999999999962e-01
1.038357000000000030e-01
-2.104511000000000021e-01
-1.093096999999999985e+00
-1.776988000000000012e+00
-2.262637999999999927e+00
-3.516723999999999961e+00
-5.285899999999999821e+00
-6.131382000000000332e+00
-5.893028000000000155e+00
-4.998073999999999906e+00
-3.547410999999999870e+00
-2.604369000000000156e+00
-2.690405000000000157e+00
-3.020093999999999834e+00
-3.274706999999999812e+00
-3.435788000000000064e+00
-3.573551999999999840e+00
-3.530155999999999850e+00
-3.488325000000000120e+00
-3.371700999999999837e+00
-3.234761999999999915e+00
-2.995140999999999831e+00
-2.708261999999999947e+00
-2.511531000000000180e+00
-2.484525000000000095e+00
-2.504554000000000169e+00
-2.548642000000000074e+00
-2.597735000000000127e+00
-2.604645000000000099e+00
-2.508106000000000169e+00
-2.320819999999999883e+00
-2.196705999999999825e+00
-2.209890000000000132e+00
-2.080703999999999887e+00
-1.979843999999999937e+00
-1.911861999999999950e+00
-1.824708999999999914e+00
-1.681815000000000060e+00
-1.491676999999999920e+00
-1.386117999999999961e+00
-1.413345999999999991e+00
-1.386446000000000067e+00
-1.289855999999999892e+00
-1.171532000000000018e+00
-1.154107999999999912e+00
-1.260553999999999952e+00
-1.377413999999999916e+00
-1.437974000000000085e+00
-1.570237000000000105e+00
-1.931759000000000004e+00
-2.360473999999999961e+00
-2.480329999999999924e+00
-2.474089000000000205e+00
-2.401066999999999840e+00
-2.311843999999999788e+00
-2.251390999999999920e+00
-2.257483000000000128e+00
-2.331107999999999958e+00
-2.551381999999999817e+00
-2.661814999999999820e+00
-2.540363000000000149e+00
-2.439408999999999939e+00
-2.573218999999999923e+00
-2.937870999999999899e+00
-3.168172000000000210e+00
-3.300378999999999952e+00
-3.513949000000000211e+00
-3.447656999999999972e+00
-3.657503999999999866e+00
-4.089803999999999995e+00
-4.575762000000000107e+00
-5.197428999999999633e+00
-5.432386000000000159e+00
-4.988567999999999891e+00
-4.353900999999999577e+00
-3.837724000000000135e+00
-3.505237000000000158e+00
-3.340672999999999782e+00
-3.295586000000000126e+00
-3.351005999999999929e+00
-3.116277000000000186e+00
-2.849473999999999840e+00
-2.619197000000000219e+00
-2.317647000000000013e+00
-1.983983000000000052e+00
-1.738204000000000082e+00
-1.405901999999999985e+00
-1.362359000000000098e+00
-1.292696000000000067e+00
-1.441626000000000074e+00
-1.537309000000000037e+00
-1.654428999999999927e+00
-1.661923999999999957e+00
-1.547114000000000100e+00
-1.469662999999999942e+00
-1.366127000000000091e+00
-1.343366000000000060e+00
-1.275193999999999939e+00
-1.155184999999999906e+00
-9.799227000000000354e-01
-8.003947000000000145e-01
-7.207139000000000184e-01
-7.540383000000000502e-01
-1.041520999999999919e+00
-1.455152999999999919e+00
-1.945486999999999966e+00
-2.348793999999999826e+00
-2.925323000000000118e+00
-3.764866000000000046e+00
-4.142268999999999757e+00
-3.479032000000000124e+00
-2.210071000000000119e+00
-1.137799999999999923e+00
-3.816453000000000206e-01
-9.975733000000000517e-02
-4.745026999999999995e-01
-1.273134999999999906e+00
-1.659126000000000101e+00
-2.202037999999999940e+00
-3.593516999999999850e+00
-4.930695000000000050e+00
-4.801726999999999634e+00
-4.425627999999999673e+00
-4.078958000000000084e+00
-3.397848000000000201e+00
-2.590002000000000137e+00
-2.519334000000000184e+00
-2.960249999999999826e+00
-3.484395000000000131e+00
-3.860160000000000036e+00
-3.914153999999999911e+00
-3.747091000000000172e+00
-3.464569000000000010e+00
-3.069328000000000056e+00
-2.708768000000000065e+00
-2.463769999999999794e+00
-2.368418999999999830e+00
-2.313842000000000176e+00
-2.328571999999999864e+00
-2.404933000000000209e+00
-2.511652999999999913e+00
-2.630831999999999837e+00
-2.687807999999999975e+00
-2.761261000000000188e+00
-2.707310000000000105e+00
-2.584734999999999783e+00
-2.463375000000000092e+00
-2.326239999999999863e+00
-2.110980000000000079e+00
-2.036156000000000077e+00
-1.855048999999999948e+00
-1.637507000000000046e+00
-1.530947999999999976e+00
-1.453148000000000106e+00
-1.395596999999999976e+00
-1.321571000000000051e+00
-1.147113000000000049e+00
-9.265086999999999628e-01
-7.899399999999999755e-01
-7.910137000000000418e-01
-8.870727000000000473e-01
-1.133272000000000057e+00
-1.669546999999999892e+00
-2.095543999999999851e+00
-2.232981999999999800e+00
-2.231308999999999987e+00
-2.295618999999999854e+00
-2.332733999999999863e+00
-2.283427000000000096e+00
-2.279479999999999951e+00
-2.757172999999999874e+00
-3.257465999999999973e+00
-3.417603000000000169e+00
-3.435576000000000185e+00
-3.492866999999999944e+00
-3.609405000000000197e+00
-3.623302999999999940e+00
-3.317995999999999945e+00
-3.093552999999999997e+00
-3.259039000000000019e+00
-3.565599999999999881e+00
-3.903131999999999824e+00
-4.143155000000000143e+00
-4.469824000000000019e+00
-4.778618999999999950e+00
-4.642981999999999942e+00
-4.100088999999999650e+00
-3.516805999999999877e+00
-3.163305999999999951e+00
-3.130104000000000219e+00
-3.311087000000000113e+00
-3.542866000000000071e+00
-3.471477999999999842e+00
-3.167577000000000087e+00
-2.863761999999999919e+00
-2.642838999999999938e+00
-2.381527999999999867e+00
-2.119057000000000190e+00
-1.884004000000000012e+00
-1.694112999999999980e+00
-1.615971000000000046e+00
-1.542512000000000105e+00
-1.556327000000000016e+00
-1.610001000000000015e+00
-1.590673000000000004e+00
-1.484075000000000033e+00
-1.389034000000000102e+00
-1.333563000000000054e+00
-1.289247000000000032e+00
-1.269984999999999919e+00
-1.199894000000000016e+00
-1.053357000000000099e+00
-8.861639000000000044e-01
-7.050340999999999969e-01
-5.704523000000000232e-01
-6.202990999999999921e-01
-1.012885000000000035e+00
-1.434279000000000082e+00
-1.821148999999999907e+00
-2.242100999999999900e+00
-2.996172000000000057e+00
-3.705582999999999849e+00
-3.758124000000000020e+00
-2.704969000000000179e+00
-1.413626999999999967e+00
-6.155713000000000434e-01
-2.290439999999999976e-01
-1.701833000000000165e-02
-1.950442000000000009e-01
-6.535260000000000513e-01
-1.814829999999999943e+00
-3.663285999999999820e+00
-5.595685999999999716e+00
-6.425869999999999749e+00
-5.933340000000000281e+00
-4.690240000000000187e+00
-3.227508999999999961e+00
-2.312183999999999795e+00
-2.389123000000000108e+00
-2.617570000000000174e+00
-2.817474999999999952e+00
-3.037068000000000101e+00
-3.260793000000000053e+00
-3.404599999999999849e+00
-3.324351000000000056e+00
-3.169359000000000037e+00
-2.947404999999999831e+00
-2.760819999999999830e+00
-2.538133999999999890e+00
-2.341340999999999894e+00
-2.273517000000000010e+00
-2.280853000000000019e+00
-2.454625000000000057e+00
-2.636601999999999890e+00
-2.641350000000000087e+00
-2.452948000000000128e+00
-2.201878999999999920e+00
-2.035638000000000059e+00
-1.970965000000000078e+00
-1.822926000000000046e+00
-1.888822000000000001e+00
-1.812097999999999987e+00
-1.564289999999999958e+00
-1.510796999999999946e+00
-1.365631000000000039e+00
-1.234720000000000040e+00
-1.086823000000000095e+00
-1.014704000000000050e+00
-1.025314000000000059e+00
-1.020313999999999943e+00
-1.066082999999999892e+00
-1.203966000000000092e+00
-1.521106999999999987e+00
-2.034194999999999975e+00
-2.481273999999999980e+00
-2.699110999999999816e+00
-2.787805000000000089e+00
-2.893263999999999836e+00
-2.803691999999999851e+00
-2.479531000000000152e+00
-2.242688999999999933e+00
-2.340107999999999855e+00
-2.814563999999999844e+00
-3.516090000000000160e+00
-4.056147000000000169e+00
-4.231535000000000046e+00
-4.306871000000000116e+00
-3.785442999999999891e+00
-3.414428000000000019e+00
-3.686643999999999810e+00
-3.922606000000000037e+00
-4.088015999999999650e+00
-4.300947999999999993e+00
-4.579905000000000115e+00
-4.887782999999999767e+00
-5.079987000000000030e+00
-4.729738000000000220e+00
-4.037457999999999991e+00
-3.488755999999999968e+00
-3.331288999999999945e+00
-3.273514000000000035e+00
-3.290191000000000088e+00
-3.330529999999999990e+00
-3.241484999999999950e+00
-3.012519999999999865e+00
-2.696131999999999973e+00
-2.276467999999999936e+00
-1.808623000000000092e+00
-1.480842999999999909e+00
-1.343825000000000047e+00
-1.276893999999999973e+00
-1.288499000000000061e+00
-1.393885000000000041e+00
-1.508351999999999915e+00
-1.577102999999999922e+00
-1.521948000000000079e+00
-1.519514999999999949e+00
-1.458380000000000010e+00
-1.491546999999999956e+00
-1.572434000000000109e+00
-1.547997000000000067e+00
-1.418776000000000037e+00
-1.220591999999999899e+00
-1.021244000000000041e+00
-8.847479000000000315e-01
-7.626005000000000145e-01
-9.234849000000000530e-01
-1.190631999999999913e+00
-1.398762000000000061e+00
-1.819587999999999983e+00
-2.320256999999999792e+00
-2.947119999999999962e+00
-3.373495000000000132e+00
-3.199221000000000092e+00
-2.346964999999999968e+00
-1.273748000000000102e+00
-3.206712999999999925e-01
4.166682999999999915e-01
7.157810000000000006e-01
4.043366999999999933e-01
-3.899889999999999746e-01
-1.629105999999999943e+00
-2.775920999999999861e+00
-3.970193000000000083e+00
-5.392640000000000100e+00
-6.890151000000000359e+00
-7.078049000000000035e+00
-5.400852000000000430e+00
-3.473202999999999818e+00
-2.546209000000000167e+00
-2.640318999999999861e+00
-3.124230999999999980e+00
-3.349645000000000206e+00
-3.328861999999999988e+00
-3.508818000000000215e+00
-3.735685999999999840e+00
-3.856663000000000174e+00
-3.831424999999999859e+00
-3.497879999999999878e+00
-2.972510999999999903e+00
-2.636423000000000183e+00
-2.373731999999999953e+00
-2.253089999999999815e+00
-2.227088999999999874e+00
-2.290602999999999945e+00
-2.350128999999999913e+00
-2.426270000000000149e+00
-2.313871999999999929e+00
-2.094221000000000110e+00
-2.179453000000000085e+00
-2.144233999999999973e+00
-1.924854000000000065e+00
-1.647725000000000106e+00
-1.445221000000000089e+00
-1.418387000000000064e+00
-1.343464999999999909e+00
-1.238566999999999974e+00
-1.183407000000000098e+00
-1.268632999999999900e+00
-1.288979000000000097e+00
-1.225313000000000097e+00
-1.074554000000000009e+00
-8.062907000000000268e-01
-6.550392999999999910e-01
-7.135283000000000042e-01
-8.464237000000000011e-01
-1.200925000000000020e+00
-1.541946000000000039e+00
-1.864959999999999951e+00
-2.130579000000000001e+00
-2.468806999999999974e+00
-2.793470000000000120e+00
-2.993307999999999858e+00
-3.001304999999999890e+00
-2.801905000000000090e+00
-2.732426999999999939e+00
-2.753530000000000033e+00
-2.962000000000000188e+00
-3.076308000000000042e+00
-3.001221999999999834e+00
-3.120665999999999940e+00
-3.454797999999999814e+00
-3.752244000000000135e+00
-3.685613000000000028e+00
-3.843973000000000084e+00
-3.890842000000000134e+00
-3.719279999999999919e+00
-3.841774000000000022e+00
-4.014097999999999722e+00
-4.438424999999999621e+00
-4.758002000000000287e+00
-4.470689000000000135e+00
-3.828993999999999787e+00
-3.260892999999999819e+00
-2.925898999999999806e+00
-2.924554999999999794e+00
-2.987048999999999843e+00
-3.021904999999999841e+00
-3.112335999999999991e+00
-3.046743000000000201e+00
-2.786446000000000200e+00
-2.551232999999999862e+00
-2.372291000000000150e+00
-2.061056999999999917e+00
-1.688169000000000031e+00
-1.519331999999999905e+00
-1.534647000000000094e+00
-1.545406000000000057e+00
-1.500952999999999982e+00
-1.419046999999999947e+00
-1.329193999999999987e+00
-1.198250999999999955e+00
-1.027957000000000010e+00
-8.929217000000000404e-01
-8.238043999999999922e-01
-7.065997000000000527e-01
-5.933827000000000407e-01
-4.795271999999999868e-01
-3.510327999999999782e-01
-2.276924999999999921e-01
-1.908629000000000020e-01
-4.826059999999999794e-01
-1.272353999999999985e+00
-1.829865000000000075e+00
-2.728874999999999940e+00
-3.811106999999999800e+00
-3.990140999999999938e+00
-3.016506999999999827e+00
-1.887868000000000102e+00
-1.202504999999999935e+00
-1.029889000000000054e+00
-1.056003999999999943e+00
-9.843435000000000379e-01
-1.767398000000000025e+00
-3.810881000000000185e+00
-5.635634999999999728e+00
-6.024676000000000364e+00
-4.987335999999999991e+00
-3.549026000000000014e+00
-2.635718999999999923e+00
-1.779366999999999921e+00
-1.647262000000000004e+00
-2.096398999999999901e+00
-2.486381999999999870e+00
-3.124321000000000126e+00
-3.629699000000000009e+00
-3.816027000000000058e+00
-3.620401000000000202e+00
-3.262360999999999844e+00
-2.851561999999999930e+00
-2.607455999999999996e+00
-2.472231999999999985e+00
-2.229487000000000219e+00
-2.188060999999999812e+00
-2.226738999999999802e+00
-2.357206000000000135e+00
-2.462873000000000090e+00
-2.438107000000000024e+00
-2.316173000000000037e+00
-2.249788000000000121e+00
-2.200432000000000166e+00
-2.031893999999999867e+00
-1.741765999999999925e+00
-1.609232999999999913e+00
-1.547447000000000017e+00
-1.584189999999999987e+00
-1.615336000000000105e+00
-1.561827999999999994e+00
-1.477341000000000015e+00
-1.441802999999999946e+00
-1.386748000000000092e+00
-1.381561000000000039e+00
-1.269274000000000013e+00
-1.139837999999999907e+00
-1.142227000000000103e+00
-1.276173999999999920e+00
-1.470460000000000100e+00
-1.781222000000000083e+00
-2.057266999999999957e+00
-2.265678999999999998e+00
-2.485183000000000142e+00
-2.652833000000000219e+00
-2.722967999999999833e+00
-2.498638000000000137e+00
-2.061215999999999937e+00
-1.850926999999999989e+00
-1.896079999999999988e+00
-2.156058999999999948e+00
-2.587889999999999802e+00
-2.931665000000000187e+00
-3.099486000000000185e+00
-3.088100999999999985e+00
-3.046915999999999958e+00
-3.069058000000000064e+00
-3.204292000000000140e+00
-3.518212000000000117e+00
-3.958261999999999947e+00
-4.152088000000000001e+00
-4.203331999999999624e+00
-4.236971999999999738e+00
-4.100546999999999720e+00
-4.249192999999999998e+00
-4.478722000000000314e+00
-4.377221999999999724e+00
-3.986178999999999917e+00
-3.522711999999999843e+00
-3.179533000000000165e+00
-3.003317000000000014e+00
-2.866283000000000136e+00
-2.681658999999999793e+00
-2.657503000000000171e+00
-2.726866999999999930e+00
-2.736117000000000132e+00
-2.624073999999999796e+00
-2.394118000000000190e+00
-1.930968999999999935e+00
-1.496809000000000056e+00
-1.252720000000000056e+00
-1.254135999999999918e+00
-1.371758000000000033e+00
-1.475896000000000097e+00
-1.538956999999999908e+00
-1.588125999999999927e+00
-1.581930999999999976e+00
-1.587779000000000051e+00
-1.694048999999999916e+00
-1.790964999999999918e+00
-1.769147000000000025e+00
-1.723659999999999970e+00
-1.724361999999999950e+00
-1.685847000000000095e+00
-1.513695000000000013e+00
-1.345639999999999947e+00
-1.443073999999999968e+00
-1.802734999999999976e+00
-2.175968999999999820e+00
-2.284553999999999974e+00
-2.064281999999999950e+00
-1.854684999999999917e+00
-1.569244000000000083e+00
-1.993290000000000006e+00
-3.396911999999999932e+00
-5.269580000000000375e+00
-6.492587999999999582e+00
-4.665062999999999960e+00
-2.596894999999999953e+00
-2.130565999999999960e+00
-2.371195999999999859e+00
-2.475588999999999817e+00
-2.357375999999999916e+00
-2.273442999999999881e+00
-2.614822999999999897e+00
-3.245991000000000071e+00
-3.735510000000000108e+00
-4.402491000000000376e+00
-4.651387999999999856e+00
-4.294120000000000381e+00
-3.592160999999999937e+00
-3.052436000000000149e+00
-2.671930999999999834e+00
-2.489561000000000135e+00
-2.617265999999999870e+00
-2.682370000000000143e+00
-2.627829000000000192e+00
-2.446029999999999927e+00
-2.321213999999999889e+00
-2.284399000000000068e+00
-2.314102000000000103e+00
-2.201991000000000032e+00
-1.969033999999999951e+00
-1.772976000000000107e+00
-1.631750999999999951e+00
-1.616471999999999909e+00
-1.567468000000000083e+00
-1.405791000000000013e+00
-1.400527999999999995e+00
-1.402268999999999988e+00
-1.455270000000000064e+00
-1.492890999999999968e+00
-1.395537999999999945e+00
-1.499279000000000028e+00
-1.849990999999999941e+00
-2.048039000000000165e+00
-2.208038000000000167e+00
-2.488884999999999792e+00
-2.847226000000000035e+00
-3.423580999999999985e+00
-4.051563999999999943e+00
-4.354962000000000444e+00
-4.488233000000000139e+00
-4.368540999999999563e+00
-4.215684999999999683e+00
-4.441497000000000028e+00
-5.075709999999999944e+00
-5.677823000000000064e+00
-5.714036000000000115e+00
-5.364263000000000225e+00
-5.030346999999999902e+00
-4.695911999999999864e+00
-4.108375999999999806e+00
-3.633055999999999841e+00
-3.280610999999999944e+00
-2.936713000000000129e+00
-2.805451999999999835e+00
-2.756778999999999868e+00
-2.986887999999999987e+00
-3.139851000000000170e+00
-3.201423000000000130e+00
-3.171380000000000088e+00
-2.957802000000000042e+00
-2.675260999999999889e+00
-2.678332999999999853e+00
-2.528207999999999789e+00
-2.480602999999999891e+00
-2.475553999999999810e+00
-2.482425000000000104e+00
-2.451636999999999844e+00
-2.333431000000000033e+00
-2.206747000000000014e+00
-2.127577000000000051e+00
-2.104080999999999868e+00
-2.076147999999999882e+00
-2.010450000000000070e+00
-1.912770999999999999e+00
-1.830581999999999931e+00
-1.806472000000000078e+00
-1.777406999999999959e+00
-1.703318000000000110e+00
-1.654557999999999973e+00
-1.628004000000000007e+00
-1.601952000000000043e+00
-1.549001000000000072e+00
-1.532391000000000059e+00
-1.525465999999999989e+00
-1.544553999999999983e+00
-1.536210999999999993e+00
-1.441947000000000090e+00
-1.314424000000000037e+00
-1.152773000000000048e+00
-1.115874999999999950e+00
-1.370157999999999987e+00
-2.039884999999999948e+00
-3.049951000000000079e+00
-3.832469999999999821e+00
-4.010271999999999615e+00
-3.583353999999999928e+00
-2.826748999999999956e+00
-2.325790000000000024e+00
-2.507375000000000131e+00
-3.013539999999999885e+00
-3.555512999999999924e+00
-3.900860999999999912e+00
-3.962632000000000154e+00
-3.971327000000000051e+00
-4.151023999999999603e+00
-4.333414999999999573e+00
-4.390998999999999874e+00
-4.307369999999999699e+00
-4.016782000000000075e+00
-3.580312000000000161e+00
-3.248221000000000025e+00
-3.036077000000000137e+00
-3.013659000000000088e+00
-2.974940000000000140e+00
-2.936625999999999959e+00
-2.844616999999999951e+00
-2.782429000000000041e+00
-2.725159999999999805e+00
-2.685271999999999881e+00
-2.749509000000000203e+00
-2.738090999999999831e+00
-2.561636000000000024e+00
-2.657252000000000169e+00
-2.574812000000000101e+00
-2.517628999999999895e+00
-2.461519000000000013e+00
-2.368240999999999818e+00
-2.373578000000000188e+00
-2.455729999999999968e+00
-2.255053999999999892e+00
-2.101376000000000133e+00
-1.963151000000000090e+00
-1.826672999999999991e+00
-1.619534999999999947e+00
-1.495673999999999948e+00
-1.370789999999999953e+00
-1.235116000000000103e+00
-1.036956999999999907e+00
-9.141989999999999839e-01
-8.024740000000000206e-01
-7.727659999999999529e-01
-9.794966999999999979e-01
-1.105310999999999932e+00
-1.085137999999999936e+00
-1.179937999999999931e+00
-1.456302999999999903e+00
-1.713799999999999990e+00
-1.905928999999999984e+00
-2.072608999999999924e+00
-2.138825999999999894e+00
-2.311706000000000039e+00
-2.674361999999999906e+00
-3.008426000000000045e+00
-3.114113999999999827e+00
-3.208677999999999919e+00
-3.470129000000000019e+00
-3.779141000000000084e+00
-4.237601999999999869e+00
-4.498954999999999593e+00
-4.326744999999999841e+00
-4.041352999999999973e+00
-4.166033999999999793e+00
-4.433145999999999809e+00
-4.395194000000000045e+00
-4.152263999999999733e+00
-4.006065000000000431e+00
-3.854563000000000184e+00
-3.755632999999999999e+00
-3.541990999999999890e+00
-3.310534999999999783e+00
-3.285505999999999815e+00
-3.371596999999999955e+00
-3.392425999999999942e+00
-3.339226000000000028e+00
-3.287002000000000201e+00
-3.307021000000000210e+00
-3.257067999999999852e+00
-3.017927999999999944e+00
-2.713667000000000051e+00
-2.415731000000000073e+00
-2.149599999999999955e+00
-1.931991000000000014e+00
-1.695200999999999958e+00
-1.546246999999999927e+00
-1.468563000000000063e+00
-1.459791999999999978e+00
-1.433003000000000027e+00
-1.363887000000000072e+00
-1.291981999999999964e+00
-1.310103000000000018e+00
-1.371158000000000099e+00
-1.380595999999999934e+00
-1.333190000000000097e+00
-1.231988000000000083e+00
-1.116089000000000109e+00
-1.005433999999999939e+00
-1.029566999999999899e+00
-1.218831999999999915e+00
-1.423076999999999925e+00
-1.622549000000000019e+00
-1.748547000000000073e+00
-2.219894000000000034e+00
-2.942318999999999907e+00
-3.270484999999999864e+00
-3.027667000000000108e+00
-2.377244999999999830e+00
-1.789366000000000012e+00
-1.466274999999999995e+00
-1.338445000000000107e+00
-1.402007999999999921e+00
-1.612819999999999920e+00
-2.085837000000000163e+00
-3.023858999999999853e+00
-4.196131000000000277e+00
-5.569653999999999883e+00
-6.416964000000000112e+00
-5.852824000000000026e+00
-4.145413999999999710e+00
-2.842642000000000113e+00
-2.359592999999999829e+00
-2.494969000000000214e+00
-2.900055000000000049e+00
-3.219098999999999933e+00
-3.441771000000000136e+00
-3.545952999999999911e+00
-3.550537999999999972e+00
-3.431309999999999860e+00
-3.248869000000000007e+00
-2.974718000000000195e+00
-2.684200999999999837e+00
-2.465291999999999817e+00
-2.405892999999999837e+00
-2.309833999999999943e+00
-2.319265999999999828e+00
-2.395926999999999918e+00
-2.456052000000000124e+00
-2.523943000000000048e+00
-2.531264999999999876e+00
-2.466677999999999926e+00
-2.411564999999999959e+00
-2.267875999999999781e+00
-2.197118999999999822e+00
-2.172388000000000208e+00
-1.861426999999999943e+00
-1.925858999999999988e+00
-1.910347999999999935e+00
-1.950436999999999976e+00
-1.996812000000000031e+00
-2.006298999999999833e+00
-1.917702999999999935e+00
-1.810867000000000004e+00
-1.730248000000000008e+00
-1.624937000000000076e+00
-1.487235000000000085e+00
-1.166063000000000072e+00
-1.093188000000000049e+00
-1.128462000000000076e+00
-1.184136000000000077e+00
-1.543976000000000015e+00
-2.032742999999999967e+00
-2.181922999999999835e+00
-2.263695999999999930e+00
-2.296570000000000000e+00
-2.408131000000000022e+00
-2.459926999999999975e+00
-2.325124999999999886e+00
-2.264225000000000154e+00
-2.549986999999999782e+00
-2.932822999999999958e+00
-3.129293999999999798e+00
-3.313953000000000149e+00
-3.611527999999999849e+00
-3.991779000000000188e+00
-4.026448000000000249e+00
-3.617201000000000111e+00
-3.650392000000000081e+00
-3.898207999999999895e+00
-4.074894999999999712e+00
-4.281760000000000232e+00
-4.300127999999999950e+00
-4.494043999999999706e+00
-4.592776999999999887e+00
-4.155827000000000382e+00
-3.667372999999999994e+00
-3.182347000000000037e+00
-2.964716000000000129e+00
-2.997881000000000018e+00
-3.109395000000000131e+00
-3.148099999999999898e+00
-3.067790000000000017e+00
-2.857079999999999842e+00
-2.606291000000000135e+00
-2.439665000000000195e+00
-2.339188000000000045e+00
-2.176330999999999793e+00
-2.109919000000000100e+00
-2.066374999999999851e+00
-2.083956000000000142e+00
-2.089663999999999966e+00
-2.030120000000000147e+00
-1.940852000000000022e+00
-1.805760000000000032e+00
-1.557277999999999940e+00
-1.377526000000000028e+00
-1.300815999999999972e+00
-1.337712000000000012e+00
-1.354918000000000067e+00
-1.294470000000000010e+00
-1.201338000000000017e+00
-1.055234000000000005e+00
-8.590358000000000160e-01
-7.007411000000000056e-01
-7.022207000000000310e-01
-8.708822000000000507e-01
-1.309253999999999918e+00
-1.816991999999999940e+00
-1.760772000000000004e+00
-2.612801000000000151e+00
-3.664530000000000065e+00
-4.084484999999999921e+00
-3.455322999999999922e+00
-2.450915000000000177e+00
-1.596440000000000081e+00
-1.119194999999999940e+00
-1.233821000000000057e+00
-1.584456000000000087e+00
-1.890460000000000029e+00
-2.946960999999999942e+00
-4.134106000000000058e+00
-4.173163999999999874e+00
-3.336021999999999821e+00
-2.839630000000000098e+00
-2.807360000000000078e+00
-2.253268999999999966e+00
-2.160611999999999977e+00
-2.433793000000000095e+00
-2.977841999999999878e+00
-3.616363999999999912e+00
-3.941208000000000045e+00
-3.915023999999999837e+00
-3.595492999999999828e+00
-3.177090000000000192e+00
-2.936723999999999890e+00
-2.822233000000000214e+00
-2.875751999999999864e+00
-2.848138000000000059e+00
-2.825039999999999996e+00
-2.791056000000000203e+00
-2.750598000000000098e+00
-2.775583999999999829e+00
-2.685007999999999839e+00
-2.642161999999999900e+00
-2.466838999999999782e+00
-2.341009000000000118e+00
-2.138742999999999839e+00
-2.097818999999999878e+00
-1.852157000000000053e+00
-1.830610000000000070e+00
-1.883496999999999977e+00
-1.977020000000000000e+00
-1.981846999999999914e+00
-1.972693999999999948e+00
-1.723305000000000087e+00
-1.499096999999999902e+00
-1.287768999999999942e+00
-1.094400999999999957e+00
-1.098759000000000041e+00
-1.244505999999999890e+00
-1.402838999999999947e+00
-1.665853999999999946e+00
-2.115057999999999883e+00
-2.640556000000000125e+00
-2.937966999999999995e+00
-2.935411000000000215e+00
-2.831119000000000163e+00
-2.537117999999999984e+00
-2.120750000000000135e+00
-2.048465999999999898e+00
-2.332351000000000063e+00
-2.786189999999999944e+00
-3.120397000000000087e+00
-3.454146000000000161e+00
-3.876955000000000151e+00
-4.263631000000000171e+00
-4.136730000000000018e+00
-3.487979000000000163e+00
-2.985075999999999841e+00
-3.213344999999999896e+00
-3.553971999999999909e+00
-3.676698000000000022e+00
-3.805419999999999803e+00
-4.023964000000000318e+00
-4.096362000000000059e+00
-4.001235999999999571e+00
-3.812122000000000011e+00
-3.648085000000000022e+00
-3.655094000000000065e+00
-3.654396999999999895e+00
-3.585198999999999803e+00
-3.366045999999999871e+00
-3.170202000000000186e+00
-3.012256999999999962e+00
-2.821140000000000203e+00
-2.702275000000000205e+00
-2.597335999999999867e+00
-2.272041000000000199e+00
-2.141814000000000107e+00
-2.055757999999999974e+00
-2.020202999999999971e+00
-2.085777000000000214e+00
-1.947267999999999999e+00
-1.919232000000000049e+00
-1.866737000000000091e+00
-1.887785999999999964e+00
-1.871753000000000000e+00
-1.938622999999999985e+00
-1.974790999999999963e+00
-1.909658000000000078e+00
-1.964923999999999893e+00
-1.997897000000000034e+00
-1.908234999999999904e+00
-1.700285999999999964e+00
-1.486399000000000026e+00
-1.301590999999999942e+00
-1.276699000000000028e+00
-1.524339000000000111e+00
-1.894365000000000077e+00
-2.159229999999999983e+00
-2.204752000000000045e+00
-2.117417999999999800e+00
-2.046825000000000117e+00
-2.229019999999999779e+00
-2.088119999999999976e+00
-1.707630999999999899e+00
-1.404962999999999962e+00
-1.261498999999999926e+00
-1.547606000000000037e+00
-1.880881999999999943e+00
-2.309502000000000166e+00
-3.034629999999999939e+00
-4.341904000000000430e+00
-6.005963999999999636e+00
-5.789533999999999736e+00
-3.384875000000000078e+00
-2.126396000000000175e+00
-1.770175999999999972e+00
-1.717365999999999948e+00
-1.563630999999999993e+00
-1.698909000000000002e+00
-2.093710999999999878e+00
-2.608064999999999856e+00
-3.252121999999999957e+00
-3.820974999999999788e+00
-4.121273000000000408e+00
-4.004691000000000223e+00
-3.695127999999999968e+00
-3.382954999999999934e+00
-3.124607999999999830e+00
-2.827529999999999877e+00
-2.537514999999999965e+00
-2.338757999999999893e+00
-2.374159999999999826e+00
-2.450733000000000050e+00
-2.517425999999999942e+00
-2.557170000000000165e+00
-2.661207000000000100e+00
-2.688989999999999991e+00
-2.610332000000000097e+00
-2.554076999999999931e+00
-2.487493999999999872e+00
-2.357553999999999927e+00
-2.352681000000000022e+00
-2.294944999999999791e+00
-2.318747000000000114e+00
-2.273606000000000016e+00
-2.162551999999999808e+00
-2.163743999999999890e+00
-2.227085999999999899e+00
-2.190571999999999964e+00
-2.151304999999999801e+00
-2.076210000000000111e+00
-1.968901000000000012e+00
-1.875604000000000049e+00
-1.789392000000000094e+00
-1.756054000000000004e+00
-1.805449000000000082e+00
-1.904892000000000030e+00
-1.977502000000000093e+00
-2.021835999999999967e+00
-2.263253999999999877e+00
-2.278512000000000093e+00
-2.286497999999999919e+00
-2.219891000000000059e+00
-2.182161999999999935e+00
-2.125341999999999842e+00
-2.078997999999999902e+00
-2.240302999999999933e+00
-2.580782999999999827e+00
-2.911969000000000030e+00
-3.454772999999999872e+00
-4.006611999999999618e+00
-4.184909000000000212e+00
-3.949228999999999878e+00
-3.596277000000000168e+00
-3.381642999999999954e+00
-3.504106999999999861e+00
-3.681700000000000195e+00
-3.830922000000000160e+00
-3.754119000000000206e+00
-3.640756999999999799e+00
-3.470508000000000148e+00
-3.306154999999999955e+00
-3.184657000000000071e+00
-3.216832999999999831e+00
-3.360022999999999982e+00
-3.553204000000000029e+00
-3.789893000000000178e+00
-4.007369999999999877e+00
-4.032777000000000278e+00
-3.783716000000000079e+00
-3.402120000000000033e+00
-3.022390999999999828e+00
-2.685637999999999970e+00
-2.626310999999999840e+00
-2.433390999999999860e+00
-2.234583999999999904e+00
-2.242583999999999911e+00
-2.267211999999999783e+00
-2.188463000000000047e+00
-2.170967999999999787e+00
-2.169624999999999915e+00
-2.151368000000000169e+00
-2.170739999999999892e+00
-2.147651999999999894e+00
-2.117180999999999980e+00
-2.110552999999999901e+00
-2.147013999999999978e+00
-2.144775999999999794e+00
-2.086338000000000026e+00
-1.968337999999999921e+00
-1.813034000000000034e+00
-1.648514000000000035e+00
-1.438371000000000066e+00
-1.183651000000000009e+00
-9.187792999999999655e-01
-7.788694000000000450e-01
-8.441203999999999930e-01
-1.172398000000000051e+00
-1.512245999999999979e+00
-1.776461000000000068e+00
-1.925651999999999919e+00
-1.988882000000000039e+00
-1.986056000000000044e+00
-2.005304000000000197e+00
-1.888660999999999923e+00
-1.635626000000000024e+00
-1.401831000000000049e+00
-1.456928000000000001e+00
-2.401113000000000053e+00
-4.054566000000000336e+00
-4.651709999999999567e+00
-4.018552999999999820e+00
-3.544130000000000003e+00
-4.109346999999999639e+00
-5.505675000000000097e+00
-6.180888000000000382e+00
-4.896778000000000297e+00
-3.340428000000000175e+00
-2.875519999999999854e+00
-3.112130000000000063e+00
-3.364145000000000163e+00
-3.550349999999999895e+00
-3.659723000000000059e+00
-3.749986999999999959e+00
-3.621504999999999974e+00
-3.360669999999999824e+00
-3.199516000000000027e+00
-2.961473999999999940e+00
-2.720169999999999977e+00
-2.458578999999999848e+00
-2.314417000000000169e+00
-2.250062999999999924e+00
-2.314419000000000004e+00
-2.308298999999999879e+00
-2.404579000000000022e+00
-2.545265999999999806e+00
-2.657442000000000082e+00
-2.570889000000000202e+00
-2.452475999999999878e+00
-2.363847999999999949e+00
-2.274084000000000216e+00
-2.167133000000000198e+00
-2.116782000000000163e+00
-1.942955999999999905e+00
-1.823094999999999910e+00
-2.166475999999999846e+00
-2.381273999999999891e+00
-2.187863000000000113e+00
-1.940438000000000107e+00
-1.744809000000000054e+00
-1.498871000000000064e+00
-1.286346999999999907e+00
-1.060008000000000061e+00
-8.097680000000000433e-01
-5.644949999999999690e-01
-4.271477000000000190e-01
-5.125912999999999720e-01
-8.328813000000000466e-01
-1.246888999999999914e+00
-1.659836000000000089e+00
-2.147342999999999780e+00
-2.475419000000000036e+00
-2.669896000000000047e+00
-2.754243000000000219e+00
-2.831952999999999943e+00
-3.200820999999999916e+00
-4.012165000000000425e+00
-4.560368000000000421e+00
-4.671992000000000367e+00
-4.633185000000000109e+00
-4.325102000000000224e+00
-3.947150999999999854e+00
-3.872923999999999811e+00
-3.947764999999999969e+00
-3.822452999999999879e+00
-3.535139000000000031e+00
-3.516357000000000177e+00
-3.446886000000000116e+00
-3.140956000000000081e+00
-2.709865000000000190e+00
-2.312126999999999821e+00
-2.273207000000000200e+00
-2.336000999999999994e+00
-2.711107000000000156e+00
-3.033596000000000181e+00
-3.147641000000000133e+00
-3.132155000000000022e+00
-2.991789999999999949e+00
-2.843757000000000090e+00
-2.610850000000000115e+00
-2.318311000000000011e+00
-2.039849999999999941e+00
-1.905648000000000009e+00
-1.840041999999999955e+00
-1.725079000000000029e+00
-1.664479999999999960e+00
-1.745891999999999999e+00
-1.792332999999999954e+00
-1.782343999999999928e+00
-1.844753000000000087e+00
-1.808977999999999975e+00
-1.690922999999999954e+00
-1.470652000000000070e+00
-1.269628999999999897e+00
-1.123656999999999906e+00
-1.066105000000000080e+00
-1.046343000000000023e+00
-1.071315000000000017e+00
-1.330840999999999941e+00
-1.828397000000000050e+00
-2.226909000000000027e+00
-2.379119000000000206e+00
-2.449101000000000194e+00
-2.431958999999999982e+00
-2.150167999999999857e+00
-1.707740999999999953e+00
-1.238955999999999946e+00
-1.057229999999999892e+00
-1.489694000000000074e+00
-2.219660999999999884e+00
-2.758026999999999784e+00
-3.959611000000000214e+00
-5.274072000000000315e+00
-6.232414999999999594e+00
-5.236381999999999870e+00
-3.179635999999999907e+00
-2.182322000000000095e+00
-1.887561000000000044e+00
-1.800831999999999988e+00
-1.803665000000000074e+00
-2.067165999999999837e+00
-2.679514000000000173e+00
-3.249995000000000189e+00
-3.678329999999999878e+00
-3.831786999999999832e+00
-3.755405000000000104e+00
-3.521126000000000200e+00
-3.225042999999999882e+00
-2.948357000000000117e+00
-2.542043000000000053e+00
-2.352628000000000164e+00
-2.308616999999999919e+00
-2.392183999999999866e+00
-2.531480999999999870e+00
-2.544561999999999991e+00
-2.503928000000000154e+00
-2.459585999999999828e+00
-2.458490999999999982e+00
-2.500951999999999842e+00
-2.324465000000000003e+00
-2.109761999999999915e+00
-2.007702000000000098e+00
-1.855833999999999984e+00
-1.773473000000000077e+00
-1.682388999999999912e+00
-1.578853999999999980e+00
-1.480715000000000003e+00
-1.368592000000000031e+00
-1.293225000000000069e+00
-1.211314999999999920e+00
-1.182760000000000034e+00
-1.223869000000000096e+00
-1.190533000000000063e+00
-1.141632999999999898e+00
-1.165643999999999902e+00
-1.284815000000000040e+00
-1.449961000000000055e+00
-1.696920999999999902e+00
-1.846352999999999911e+00
-1.931824999999999903e+00
-2.027626000000000150e+00
-2.128451999999999789e+00
-2.399934000000000012e+00
-2.744523000000000046e+00
-3.159146999999999927e+00
-3.769223000000000212e+00
-4.385652999999999579e+00
-4.424205999999999861e+00
-3.908628999999999909e+00
-3.931439999999999824e+00
-4.046272000000000091e+00
-4.059402999999999651e+00
-3.900675999999999810e+00
-3.471483999999999792e+00
-3.384606999999999921e+00
-3.501460999999999935e+00
-3.330624999999999947e+00
-3.040741999999999834e+00
-2.810099999999999820e+00
-2.715969999999999995e+00
-2.666854999999999976e+00
-2.733836999999999851e+00
-2.775888000000000133e+00
-2.822915000000000063e+00
-2.695889999999999898e+00
-2.303965999999999958e+00
-2.022180000000000089e+00
-1.849220000000000086e+00
-1.697847000000000106e+00
-1.666541000000000050e+00
-1.545884000000000036e+00
-1.436473000000000111e+00
-1.406344999999999956e+00
-1.347933000000000048e+00
-1.284102000000000077e+00
-1.269304999999999906e+00
-1.315839999999999899e+00
-1.352880000000000082e+00
-1.384676000000000018e+00
-1.415597999999999912e+00
-1.405461999999999989e+00
-1.328907999999999978e+00
-1.327233000000000107e+00
-9.795998000000000205e-01
-1.035317000000000043e+00
-1.255803000000000003e+00
-1.424160000000000093e+00
-1.801272999999999902e+00
-1.902190999999999965e+00
-2.405256000000000061e+00
-3.217804999999999804e+00
-3.457446000000000019e+00
-2.924647999999999914e+00
-1.908873999999999960e+00
-1.111420000000000075e+00
-6.297840000000000105e-01
-8.224344999999999573e-01
-8.788169999999999593e-01
-1.454733000000000054e+00
-2.816723000000000088e+00
-4.634083000000000396e+00
-5.920066000000000273e+00
-5.939034000000000368e+00
-4.872481999999999758e+00
-3.384059000000000150e+00
-2.584303999999999935e+00
-2.262396999999999991e+00
-2.648414999999999964e+00
-3.227937999999999974e+00
-3.583458999999999950e+00
-3.752088999999999785e+00
-3.658654999999999990e+00
-3.323215999999999948e+00
-2.982559999999999878e+00
-2.603041000000000160e+00
-2.322964999999999947e+00
-2.094869000000000092e+00
-2.363446999999999854e+00
-2.385520999999999781e+00
-2.651723000000000052e+00
-2.684771000000000019e+00
-2.501104000000000216e+00
-2.160985999999999851e+00
-2.335824000000000122e+00
-2.401206000000000174e+00
-2.211167000000000105e+00
-2.033586000000000116e+00
-2.195755999999999819e+00
-2.219352000000000213e+00
-1.867336000000000107e+00
-1.935424999999999951e+00
-1.618367000000000111e+00
-1.507919000000000009e+00
-1.308100999999999958e+00
-1.176944999999999908e+00
-1.222475999999999896e+00
-1.479344999999999910e+00
-1.577653999999999890e+00
-1.713019000000000069e+00
-1.676771999999999929e+00
-1.821898000000000017e+00
-1.758545999999999943e+00
-1.700201999999999991e+00
-1.571604000000000001e+00
-1.564626999999999990e+00
-1.562899000000000038e+00
-1.648150999999999922e+00
-1.937570999999999932e+00
-2.144763999999999893e+00
-2.294167999999999985e+00
-2.418585999999999903e+00
-2.514742000000000033e+00
-2.469847999999999821e+00
-2.233493000000000173e+00
-2.100961999999999996e+00
-2.004450999999999983e+00
-1.948590999999999962e+00
-2.028417000000000137e+00
-2.319914999999999949e+00
-2.607349999999999834e+00
-2.929422999999999888e+00
-3.333698000000000050e+00
-3.754290999999999823e+00
-4.016886999999999652e+00
-4.303014000000000117e+00
-4.366213000000000122e+00
-3.941624000000000017e+00
-3.888701999999999881e+00
-3.814375000000000071e+00
-3.796307999999999794e+00
-3.706236000000000086e+00
-3.558896999999999977e+00
-3.244864999999999888e+00
-3.109033000000000158e+00
-2.909730999999999845e+00
-2.847379000000000104e+00
-2.840418999999999805e+00
-2.919770999999999894e+00
-3.251793999999999851e+00
-3.454139000000000070e+00
-3.473775999999999975e+00
-3.343532000000000171e+00
-2.840670999999999946e+00
-2.527738999999999958e+00
-2.496140000000000025e+00
-2.305324999999999847e+00
-2.215514999999999901e+00
-2.149929999999999897e+00
-2.232034000000000074e+00
-2.182021999999999906e+00
-2.104607000000000117e+00
-2.143861999999999934e+00
-2.218567999999999873e+00
-2.088455000000000172e+00
-1.939619999999999900e+00
-1.984873000000000109e+00
-2.003655000000000186e+00
-2.018332000000000015e+00
-1.966636999999999968e+00
-2.024604000000000070e+00
-1.826880999999999977e+00
-1.662250999999999923e+00
-1.446738000000000079e+00
-1.232880999999999894e+00
-1.181418000000000079e+00
-1.205302000000000096e+00
-1.238253999999999966e+00
-1.434927999999999981e+00
-1.586462999999999957e+00
-1.708757000000000081e+00
-1.735011000000000081e+00
-1.674355999999999955e+00
-1.655445000000000055e+00
-1.324632999999999949e+00
-1.116873999999999922e+00
-1.038739000000000079e+00
-1.389432999999999918e+00
-1.750553999999999943e+00
-2.384752999999999901e+00
-2.984529999999999905e+00
-3.795490000000000030e+00
-4.583953000000000166e+00
-5.262033999999999878e+00
-5.421630000000000393e+00
-4.634935999999999723e+00
-3.833267999999999898e+00
-3.443703000000000181e+00
-2.869895999999999781e+00
-2.579893000000000214e+00
-2.896732999999999780e+00
-3.174401000000000028e+00
-3.392290000000000028e+00
-4.016905999999999644e+00
-4.245832000000000050e+00
-4.617899000000000420e+00
-4.222062000000000204e+00
-3.516274000000000122e+00
-2.969625000000000181e+00
-2.871214000000000155e+00
-2.586997000000000213e+00
-2.590412999999999855e+00
-2.764117999999999853e+00
-2.741366000000000192e+00
-2.732861999999999902e+00
-2.923036999999999885e+00
-3.010361000000000065e+00
-3.077676999999999996e+00
-3.018267999999999951e+00
-3.006540000000000212e+00
-2.721995000000000164e+00
-2.481930999999999887e+00
-2.346785000000000121e+00
-2.309984000000000037e+00
-2.215358999999999856e+00
-2.093649000000000093e+00
-1.975381999999999971e+00
-1.887318000000000051e+00
-1.946263000000000076e+00
-2.182983000000000118e+00
-2.190414999999999779e+00
-2.061227000000000142e+00
-1.944800000000000084e+00
-1.785636000000000001e+00
-1.719333999999999918e+00
-1.614015999999999895e+00
-1.474564999999999904e+00
-1.559469999999999912e+00
-1.731133999999999951e+00
-1.661639000000000088e+00
-1.701748000000000038e+00
-1.770000000000000018e+00
-1.997204999999999897e+00
-1.862605000000000066e+00
-1.922093999999999969e+00
-1.979271999999999920e+00
-2.059159000000000184e+00
-2.035194000000000170e+00
-1.897040000000000060e+00
-1.801727000000000078e+00
-1.815725999999999951e+00
-2.030374000000000123e+00
-2.425054999999999961e+00
-2.728169999999999984e+00
-2.863626000000000005e+00
-3.226964000000000166e+00
-3.394848999999999783e+00
-3.648392999999999997e+00
-3.741657000000000011e+00
-3.577484000000000108e+00
-3.521946999999999939e+00
-3.355728000000000044e+00
-3.195232999999999990e+00
-3.081443000000000154e+00
-2.904682000000000208e+00
-2.781010000000000204e+00
-2.612350999999999868e+00
-2.539210999999999885e+00
-2.536059999999999981e+00
-2.587387999999999799e+00
-2.728664000000000200e+00
-2.936116999999999866e+00
-3.097916999999999810e+00
-3.192527999999999810e+00
-3.221176999999999957e+00
-3.325721999999999845e+00
-3.329314999999999802e+00
-2.952055999999999791e+00
-2.547883000000000120e+00
-2.286896000000000040e+00
-1.996626000000000012e+00
-1.833336000000000077e+00
-1.705495999999999901e+00
-1.773665000000000047e+00
-1.671521000000000035e+00
-1.660790999999999906e+00
-1.790774000000000088e+00
-1.937122999999999928e+00
-2.170630000000000059e+00
-2.305130999999999819e+00
-2.330229000000000106e+00
-2.306591000000000058e+00
-2.172452999999999967e+00
-2.003931000000000129e+00
-1.825209000000000081e+00
-1.683626999999999985e+00
-1.572948999999999931e+00
-1.527184000000000097e+00
-1.502342999999999984e+00
-1.501549000000000023e+00
-1.515562999999999994e+00
-1.572503999999999902e+00
-1.593811000000000089e+00
-1.578252999999999906e+00
-1.594810000000000061e+00
-1.579776000000000069e+00
-1.601623000000000019e+00
-1.673192999999999930e+00
-1.720833999999999975e+00
-1.646722000000000019e+00
-1.651478000000000002e+00
-1.512237999999999971e+00
-1.475794000000000050e+00
-1.514623000000000053e+00
-1.528987000000000096e+00
-1.615588000000000024e+00
-1.731222999999999956e+00
-1.804019999999999957e+00
-1.748588000000000031e+00
-1.673059999999999992e+00
-1.576443000000000039e+00
-1.407675999999999927e+00
-1.327301000000000064e+00
-1.189667000000000030e+00
-1.203265999999999947e+00
-1.398671999999999915e+00
-1.750062000000000006e+00
-2.124477999999999867e+00
-2.412361000000000200e+00
-2.624686000000000075e+00
-3.187783000000000033e+00
-3.617662000000000155e+00
-4.245764000000000316e+00
-4.728958000000000439e+00
-4.243439999999999657e+00
-3.287266999999999939e+00
-2.695323999999999831e+00
-2.535465999999999998e+00
-2.631025999999999865e+00
-2.632432999999999801e+00
-2.654657999999999962e+00
-2.766817000000000082e+00
-2.992443000000000186e+00
-3.334077000000000179e+00
-3.264534999999999965e+00
-3.082847000000000115e+00
-2.808743000000000212e+00
-2.723095999999999961e+00
-2.559131999999999962e+00
-2.386375999999999831e+00
-2.280349999999999877e+00
-2.268822999999999812e+00
-2.300511999999999890e+00
-2.318029000000000117e+00
-2.409987999999999797e+00
-2.569258000000000042e+00
-2.414893999999999874e+00
-2.705562000000000022e+00
-2.628127000000000102e+00
-2.098847999999999825e+00
-1.858030000000000070e+00
-1.977373999999999965e+00
-2.146611000000000047e+00
-2.185000000000000053e+00
-2.119085000000000107e+00
-2.020198999999999856e+00
-1.932296999999999931e+00
-2.081341999999999803e+00
-2.193102999999999803e+00
-2.184203999999999812e+00
-2.178901999999999894e+00
-2.230980999999999881e+00
-2.293534999999999879e+00
-2.238299000000000039e+00
-2.124152000000000040e+00
-2.047661999999999871e+00
-1.996272999999999964e+00
-1.943948000000000009e+00
-1.963618000000000086e+00
-1.954504999999999937e+00
-1.895412000000000097e+00
-1.931346000000000007e+00
-2.168188999999999922e+00
-2.232972000000000179e+00
-2.198653999999999886e+00
-2.279103000000000101e+00
-2.469228999999999896e+00
-2.624470000000000081e+00
-2.774178000000000033e+00
-2.839318000000000008e+00
-2.787228999999999957e+00
-2.682653999999999872e+00
-2.493139000000000216e+00
-2.303601000000000010e+00
-2.107981000000000105e+00
-2.004964000000000190e+00
-1.990761999999999921e+00
-2.079632000000000147e+00
-2.140429000000000137e+00
-2.042218999999999784e+00
-2.194376999999999800e+00
-2.657058999999999838e+00
-3.207040000000000113e+00
-3.507954999999999934e+00
-3.648506999999999945e+00
-3.794652000000000136e+00
-3.752647000000000066e+00
-3.618142000000000191e+00
-3.646006999999999998e+00
-3.949240999999999779e+00
-4.193882999999999583e+00
-4.241266000000000425e+00
-4.040877000000000052e+00
-3.604999999999999982e+00
-3.284704000000000068e+00
-3.216511000000000120e+00
-3.418118999999999907e+00
-3.502235000000000209e+00
-3.219955000000000123e+00
-3.120903000000000205e+00
-3.241906999999999872e+00
-3.180886000000000102e+00
-3.273366000000000220e+00
-3.320202999999999793e+00
-3.198094999999999910e+00
-3.170020000000000060e+00
-2.950000000000000178e+00
-2.592160999999999937e+00
-2.380148999999999848e+00
-2.194246000000000141e+00
-2.189776000000000167e+00
-2.143473999999999879e+00
-2.195895999999999848e+00
-2.365432000000000201e+00
-2.221159999999999801e+00
-2.272815000000000030e+00
-2.280413999999999941e+00
-2.053884000000000043e+00
-2.041955999999999882e+00
-1.980510999999999910e+00
-2.121125000000000149e+00
-2.303385000000000016e+00
-2.399405999999999928e+00
-2.352402000000000104e+00
-2.016786999999999885e+00
-1.697411999999999921e+00
-1.350267000000000106e+00
-1.073337999999999903e+00
-9.512264999999999748e-01
-1.056950999999999974e+00
-1.327773000000000092e+00
-1.731292999999999971e+00
-1.851318999999999937e+00
-1.563204000000000038e+00
-1.357760999999999996e+00
-1.357474000000000069e+00
-1.448174000000000072e+00
-1.482688000000000006e+00
-1.530119000000000007e+00
-1.449297999999999975e+00
-1.416973999999999956e+00
-1.772180000000000089e+00
-2.254194000000000031e+00
-3.175336999999999854e+00
-4.348772000000000304e+00
-5.469062000000000090e+00
-6.311458000000000013e+00
-6.217722000000000193e+00
-5.188106000000000328e+00
-4.078097999999999779e+00
-3.734939999999999927e+00
-3.670082999999999984e+00
-3.506273000000000195e+00
-3.094990999999999826e+00
-3.026120000000000143e+00
-3.193369999999999820e+00
-3.209667000000000048e+00
-3.282513999999999932e+00
-3.300393999999999828e+00
-3.294112999999999847e+00
-3.032467000000000024e+00
-2.807186000000000181e+00
-2.843068000000000151e+00
-2.962365999999999833e+00
-2.601602999999999888e+00
-2.303097999999999868e+00
-2.218910999999999856e+00
-2.107944999999999958e+00
-2.067785999999999902e+00
-2.118507999999999836e+00
-2.242453999999999947e+00
-2.131425000000000125e+00
-1.999538000000000038e+00
-2.023785999999999863e+00
-1.948398000000000074e+00
-1.858716000000000035e+00
-1.851572999999999913e+00
-1.895678999999999892e+00
-1.817933999999999939e+00
-1.630109000000000030e+00
-1.833801999999999932e+00
-2.021545999999999843e+00
-2.177723999999999993e+00
-1.998868000000000089e+00
-1.763967000000000063e+00
-1.630001999999999951e+00
-1.501125000000000043e+00
-1.399990999999999985e+00
-1.499486000000000097e+00
-1.885474000000000094e+00
-2.166290000000000049e+00
-2.251653999999999822e+00
-2.219202999999999815e+00
-2.132712000000000163e+00
-2.121379000000000126e+00
-2.213178000000000090e+00
-2.288028000000000173e+00
-2.398794000000000093e+00
-2.458734000000000197e+00
-2.755586999999999787e+00
-2.865148000000000028e+00
-2.514057999999999904e+00
-1.903256999999999977e+00
-1.521517999999999926e+00
-1.376994999999999969e+00
