2.099600000000000077e-01
2.160600000000000021e-01
2.124000000000000055e-01
1.745599999999999929e-01
-9.765599999999999281e-03
-1.831099999999999950e-01
-2.136200000000000043e-01
-2.148400000000000032e-01
-2.075200000000000100e-01
-1.989700000000000080e-01
-1.928700000000000137e-01
-1.892099999999999893e-01
-1.879899999999999904e-01
-1.843299999999999939e-01
-1.806599999999999873e-01
-9.521499999999999408e-02
1.586899999999999977e-01
2.697800000000000198e-01
3.137199999999999989e-01
3.112800000000000011e-01
2.954100000000000059e-01
2.771000000000000130e-01
2.477999999999999925e-01
2.185100000000000098e-01
2.136200000000000043e-01
2.075200000000000100e-01
1.953100000000000114e-01
1.904299999999999882e-01
1.940900000000000125e-01
1.916499999999999870e-01
1.611299999999999955e-01
-2.075199999999999961e-02
-1.831099999999999950e-01
-2.124000000000000055e-01
-2.087400000000000089e-01
-1.977500000000000091e-01
-1.904299999999999882e-01
-1.855499999999999927e-01
-1.806599999999999873e-01
-1.745599999999999929e-01
-1.696799999999999975e-01
-1.672399999999999998e-01
4.150399999999999923e-02
2.075200000000000100e-01
2.893100000000000116e-01
3.161599999999999966e-01
3.076200000000000045e-01
2.880900000000000127e-01
2.685500000000000109e-01
2.563500000000000223e-01
2.404799999999999993e-01
2.221700000000000064e-01
2.026399999999999868e-01
1.953100000000000114e-01
1.867699999999999916e-01
1.843299999999999939e-01
1.757799999999999918e-01
1.355000000000000093e-01
-9.277299999999999436e-02
-1.989700000000000080e-01
-2.148400000000000032e-01
-2.075200000000000100e-01
-1.965300000000000102e-01
-1.892099999999999893e-01
-1.806599999999999873e-01
-1.733399999999999941e-01
-1.696799999999999975e-01
-1.684599999999999986e-01
-1.330600000000000116e-01
1.171900000000000025e-01
2.477999999999999925e-01
3.002900000000000014e-01
3.051800000000000068e-01
2.905300000000000105e-01
2.673300000000000121e-01
2.429199999999999970e-01
2.209500000000000075e-01
2.026399999999999868e-01
1.806599999999999873e-01
1.672399999999999998e-01
1.623499999999999943e-01
1.696799999999999975e-01
1.647899999999999920e-01
1.355000000000000093e-01
9.765599999999999281e-03
-1.745599999999999929e-01
-2.111800000000000066e-01
-2.099600000000000077e-01
-1.977500000000000091e-01
-1.904299999999999882e-01
-1.794399999999999884e-01
-1.745599999999999929e-01
-1.721199999999999952e-01
-1.660200000000000009e-01
-1.379400000000000071e-01
1.147500000000000048e-01
2.453599999999999948e-01
2.954100000000000059e-01
3.027299999999999991e-01
2.795400000000000107e-01
2.551300000000000234e-01
2.307099999999999984e-01
2.063000000000000111e-01
1.892099999999999893e-01
1.806599999999999873e-01
1.769999999999999907e-01
1.684599999999999986e-01
1.550300000000000011e-01
1.574699999999999989e-01
1.513700000000000045e-01
1.135300000000000059e-01
-8.544899999999999718e-02
-1.989700000000000080e-01
-2.136200000000000043e-01
-2.063000000000000111e-01
-1.940900000000000125e-01
-1.843299999999999939e-01
-1.806599999999999873e-01
-1.733399999999999941e-01
-1.672399999999999998e-01
-1.647899999999999920e-01
-1.513700000000000045e-01
7.690400000000000014e-02
2.246100000000000041e-01
2.917500000000000093e-01
3.125000000000000000e-01
3.051800000000000068e-01
2.722200000000000175e-01
2.331499999999999961e-01
2.087400000000000089e-01
1.928700000000000137e-01
1.818799999999999861e-01
1.721199999999999952e-01
1.660200000000000009e-01
1.647899999999999920e-01
1.660200000000000009e-01
1.464799999999999991e-01
5.615200000000000052e-02
-1.562500000000000000e-01
-2.087400000000000089e-01
-2.087400000000000089e-01
-1.989700000000000080e-01
-1.904299999999999882e-01
-1.831099999999999950e-01
-1.733399999999999941e-01
-1.672399999999999998e-01
-1.623499999999999943e-01
-1.586899999999999977e-01
-2.075199999999999961e-02
1.879899999999999904e-01
2.648900000000000143e-01
2.941900000000000071e-01
2.893100000000000116e-01
2.685500000000000109e-01
2.526900000000000257e-01
2.294899999999999995e-01
2.063000000000000111e-01
1.855499999999999927e-01
1.794399999999999884e-01
1.696799999999999975e-01
1.586899999999999977e-01
1.562500000000000000e-01
1.562500000000000000e-01
1.379400000000000071e-01
1.342800000000000070e-02
-1.757799999999999918e-01
-2.111800000000000066e-01
-2.087400000000000089e-01
-2.026399999999999868e-01
-1.904299999999999882e-01
-1.806599999999999873e-01
-1.708999999999999964e-01
-1.660200000000000009e-01
-1.623499999999999943e-01
-1.562500000000000000e-01
3.295900000000000218e-02
2.063000000000000111e-01
2.844200000000000061e-01
3.039600000000000080e-01
2.844200000000000061e-01
2.551300000000000234e-01
2.356000000000000039e-01
2.124000000000000055e-01
1.953100000000000114e-01
1.904299999999999882e-01
1.879899999999999904e-01
1.794399999999999884e-01
1.745599999999999929e-01
1.733399999999999941e-01
1.513700000000000045e-01
9.033199999999999563e-02
-1.330600000000000116e-01
-2.087400000000000089e-01
-2.148400000000000032e-01
-2.063000000000000111e-01
-1.940900000000000125e-01
-1.831099999999999950e-01
-1.757799999999999918e-01
-1.684599999999999986e-01
-1.635699999999999932e-01
-1.611299999999999955e-01
4.882800000000000334e-02
2.124000000000000055e-01
2.746600000000000152e-01
2.905300000000000105e-01
2.856400000000000050e-01
2.600100000000000189e-01
2.331499999999999961e-01
2.038600000000000134e-01
1.843299999999999939e-01
1.684599999999999986e-01
1.635699999999999932e-01
1.611299999999999955e-01
1.599099999999999966e-01
1.660200000000000009e-01
1.586899999999999977e-01
1.245099999999999957e-01
-7.446300000000000141e-02
-1.989700000000000080e-01
-2.111800000000000066e-01
-2.038600000000000134e-01
-1.953100000000000114e-01
-1.867699999999999916e-01
-1.769999999999999907e-01
-1.696799999999999975e-01
-1.635699999999999932e-01
-1.586899999999999977e-01
-1.550300000000000011e-01
3.418000000000000205e-02
2.014199999999999879e-01
2.746600000000000152e-01
3.088400000000000034e-01
2.990700000000000025e-01
2.710000000000000187e-01
2.380400000000000016e-01
2.185100000000000098e-01
2.026399999999999868e-01
1.867699999999999916e-01
1.708999999999999964e-01
1.574699999999999989e-01
1.550300000000000011e-01
1.599099999999999966e-01
1.525900000000000034e-01
8.422899999999999832e-02
-1.379400000000000071e-01
-2.111800000000000066e-01
-2.124000000000000055e-01
-2.026399999999999868e-01
-1.940900000000000125e-01
-1.794399999999999884e-01
-1.721199999999999952e-01
-1.660200000000000009e-01
-1.635699999999999932e-01
-1.599099999999999966e-01
-1.550300000000000011e-01
5.981399999999999911e-02
2.136200000000000043e-01
2.746600000000000152e-01
2.954100000000000059e-01
2.856400000000000050e-01
2.673300000000000121e-01
2.453599999999999948e-01
2.270500000000000018e-01
1.940900000000000125e-01
1.794399999999999884e-01
1.769999999999999907e-01
1.708999999999999964e-01
1.660200000000000009e-01
1.660200000000000009e-01
1.525900000000000034e-01
1.049800000000000039e-01
-1.184100000000000014e-01
-2.111800000000000066e-01
-2.136200000000000043e-01
-2.075200000000000100e-01
-1.928700000000000137e-01
-1.818799999999999861e-01
-1.721199999999999952e-01
-1.684599999999999986e-01
-1.611299999999999955e-01
-1.574699999999999989e-01
-7.568400000000000127e-02
1.525900000000000034e-01
2.612300000000000177e-01
3.064000000000000057e-01
3.064000000000000057e-01
2.929700000000000082e-01
2.697800000000000198e-01
2.319299999999999973e-01
2.099600000000000077e-01
1.965300000000000102e-01
1.745599999999999929e-01
1.611299999999999955e-01
1.574699999999999989e-01
1.599099999999999966e-01
1.586899999999999977e-01
1.306200000000000139e-01
-1.953099999999999975e-02
-1.855499999999999927e-01
-2.136200000000000043e-01
-2.087400000000000089e-01
-1.965300000000000102e-01
-1.867699999999999916e-01
-1.757799999999999918e-01
-1.684599999999999986e-01
-1.660200000000000009e-01
-1.599099999999999966e-01
-1.562500000000000000e-01
4.516599999999999782e-02
2.087400000000000089e-01
2.954100000000000059e-01
3.137199999999999989e-01
2.758800000000000141e-01
2.319299999999999973e-01
2.197300000000000086e-01
2.429199999999999970e-01
2.526900000000000257e-01
2.392600000000000005e-01
2.343800000000000050e-01
2.282700000000000007e-01
2.246100000000000041e-01
2.001999999999999891e-01
6.713900000000000423e-02
-1.623499999999999943e-01
-2.136200000000000043e-01
-2.160600000000000021e-01
-2.111800000000000066e-01
-2.026399999999999868e-01
-1.953100000000000114e-01
-1.904299999999999882e-01
-1.867699999999999916e-01
-1.855499999999999927e-01
-1.806599999999999873e-01
-1.098599999999999993e-01
1.403800000000000048e-01
2.551300000000000234e-01
3.112800000000000011e-01
3.198199999999999932e-01
3.064000000000000057e-01
2.893100000000000116e-01
2.636700000000000155e-01
2.441399999999999959e-01
2.307099999999999984e-01
2.160600000000000021e-01
2.014199999999999879e-01
1.916499999999999870e-01
1.879899999999999904e-01
1.904299999999999882e-01
1.696799999999999975e-01
8.422899999999999832e-02
-1.428200000000000025e-01
-2.111800000000000066e-01
-2.148400000000000032e-01
-2.099600000000000077e-01
-2.014199999999999879e-01
-1.916499999999999870e-01
-1.831099999999999950e-01
-1.794399999999999884e-01
-1.745599999999999929e-01
-1.696799999999999975e-01
4.638699999999999768e-02
2.136200000000000043e-01
2.880900000000000127e-01
3.198199999999999932e-01
3.149399999999999977e-01
3.027299999999999991e-01
2.819800000000000084e-01
2.563500000000000223e-01
2.392600000000000005e-01
2.270500000000000018e-01
2.099600000000000077e-01
2.001999999999999891e-01
1.928700000000000137e-01
1.879899999999999904e-01
1.623499999999999943e-01
9.643599999999999395e-02
-1.220699999999999980e-01
-2.063000000000000111e-01
-2.160600000000000021e-01
-2.111800000000000066e-01
-2.038600000000000134e-01
-1.928700000000000137e-01
-1.892099999999999893e-01
-1.806599999999999873e-01
-1.757799999999999918e-01
-1.733399999999999941e-01
-5.127000000000000307e-02
1.782199999999999895e-01
2.648900000000000143e-01
2.990700000000000025e-01
2.990700000000000025e-01
2.758800000000000141e-01
2.612300000000000177e-01
2.416999999999999982e-01
2.294899999999999995e-01
2.087400000000000089e-01
1.928700000000000137e-01
1.806599999999999873e-01
1.708999999999999964e-01
1.769999999999999907e-01
1.843299999999999939e-01
1.635699999999999932e-01
9.887700000000000655e-02
-1.232899999999999968e-01
-2.063000000000000111e-01
-2.124000000000000055e-01
-2.063000000000000111e-01
-1.989700000000000080e-01
-1.892099999999999893e-01
-1.843299999999999939e-01
-1.782199999999999895e-01
-1.721199999999999952e-01
-1.684599999999999986e-01
3.295900000000000218e-02
2.063000000000000111e-01
2.746600000000000152e-01
3.002900000000000014e-01
2.966300000000000048e-01
2.856400000000000050e-01
2.636700000000000155e-01
2.404799999999999993e-01
2.282700000000000007e-01
2.172900000000000109e-01
2.001999999999999891e-01
1.831099999999999950e-01
1.806599999999999873e-01
1.794399999999999884e-01
1.586899999999999977e-01
1.037600000000000050e-01
-1.159700000000000036e-01
-2.014199999999999879e-01
-2.136200000000000043e-01
-2.075200000000000100e-01
-1.989700000000000080e-01
-1.928700000000000137e-01
-1.818799999999999861e-01
-1.769999999999999907e-01
-1.721199999999999952e-01
-1.696799999999999975e-01
-1.489300000000000068e-01
8.911099999999999577e-02
2.307099999999999984e-01
2.905300000000000105e-01
3.002900000000000014e-01
2.893100000000000116e-01
2.661100000000000132e-01
2.429199999999999970e-01
2.172900000000000109e-01
2.014199999999999879e-01
1.904299999999999882e-01
1.843299999999999939e-01
1.782199999999999895e-01
1.769999999999999907e-01
1.733399999999999941e-01
1.525900000000000034e-01
5.004900000000000321e-02
-1.538100000000000023e-01
-2.075200000000000100e-01
-2.111800000000000066e-01
-2.038600000000000134e-01
-1.965300000000000102e-01
-1.843299999999999939e-01
-1.806599999999999873e-01
-1.769999999999999907e-01
-1.708999999999999964e-01
-1.684599999999999986e-01
-9.887700000000000655e-02
1.330600000000000116e-01
2.404799999999999993e-01
2.795400000000000107e-01
2.807600000000000096e-01
2.710000000000000187e-01
2.551300000000000234e-01
2.331499999999999961e-01
2.075200000000000100e-01
1.928700000000000137e-01
1.843299999999999939e-01
1.721199999999999952e-01
1.647899999999999920e-01
1.696799999999999975e-01
1.635699999999999932e-01
1.306200000000000139e-01
-7.690400000000000014e-02
-2.148400000000000032e-01
-2.392600000000000005e-01
-2.404799999999999993e-01
-2.453599999999999948e-01
-2.429199999999999970e-01
-2.307099999999999984e-01
-2.221700000000000064e-01
-2.136200000000000043e-01
-2.087400000000000089e-01
-1.953100000000000114e-01
5.004900000000000321e-02
2.221700000000000064e-01
3.100600000000000023e-01
3.576699999999999879e-01
3.527799999999999825e-01
3.308099999999999929e-01
3.051800000000000068e-01
2.795400000000000107e-01
2.648900000000000143e-01
2.392600000000000005e-01
2.197300000000000086e-01
2.063000000000000111e-01
2.063000000000000111e-01
2.038600000000000134e-01
1.684599999999999986e-01
4.516599999999999782e-02
-1.733399999999999941e-01
-2.221700000000000064e-01
-2.246100000000000041e-01
-2.172900000000000109e-01
-2.111800000000000066e-01
-2.026399999999999868e-01
-1.940900000000000125e-01
-1.879899999999999904e-01
-1.855499999999999927e-01
-1.843299999999999939e-01
-1.220700000000000084e-02
1.855499999999999927e-01
2.722200000000000175e-01
2.990700000000000025e-01
2.880900000000000127e-01
2.734400000000000164e-01
2.539100000000000246e-01
2.368200000000000027e-01
2.258300000000000030e-01
2.087400000000000089e-01
2.001999999999999891e-01
1.721199999999999952e-01
1.452600000000000002e-01
1.428200000000000025e-01
1.293900000000000050e-01
3.418000000000000205e-02
-1.843299999999999939e-01
-2.294899999999999995e-01
-2.294899999999999995e-01
-2.197300000000000086e-01
-2.124000000000000055e-01
-2.014199999999999879e-01
-1.977500000000000091e-01
-1.965300000000000102e-01
-1.916499999999999870e-01
2.441400000000000167e-02
2.258300000000000030e-01
3.015100000000000002e-01
3.344699999999999895e-01
3.295899999999999941e-01
3.076200000000000045e-01
2.746600000000000152e-01
2.502400000000000180e-01
2.307099999999999984e-01
2.197300000000000086e-01
2.136200000000000043e-01
2.124000000000000055e-01
2.087400000000000089e-01
2.111800000000000066e-01
1.892099999999999893e-01
1.391600000000000059e-01
-9.399399999999999422e-02
-2.038600000000000134e-01
-2.209500000000000075e-01
-2.148400000000000032e-01
-2.075200000000000100e-01
-1.977500000000000091e-01
-1.879899999999999904e-01
-1.831099999999999950e-01
-1.794399999999999884e-01
-1.745599999999999929e-01
5.249000000000000193e-02
2.185100000000000098e-01
2.856400000000000050e-01
3.100600000000000023e-01
3.027299999999999991e-01
2.832000000000000073e-01
2.661100000000000132e-01
2.404799999999999993e-01
2.148400000000000032e-01
2.050800000000000123e-01
1.965300000000000102e-01
1.879899999999999904e-01
1.831099999999999950e-01
1.892099999999999893e-01
1.721199999999999952e-01
9.399399999999999422e-02
-1.367200000000000082e-01
-2.136200000000000043e-01
-2.197300000000000086e-01
-2.087400000000000089e-01
-1.965300000000000102e-01
-1.867699999999999916e-01
-1.806599999999999873e-01
-1.769999999999999907e-01
-1.721199999999999952e-01
-1.721199999999999952e-01
-1.025400000000000061e-01
1.342800000000000105e-01
2.465799999999999936e-01
2.966300000000000048e-01
2.990700000000000025e-01
2.783200000000000118e-01
2.612300000000000177e-01
2.368200000000000027e-01
2.001999999999999891e-01
1.843299999999999939e-01
1.806599999999999873e-01
1.757799999999999918e-01
1.660200000000000009e-01
1.623499999999999943e-01
1.647899999999999920e-01
1.477100000000000080e-01
6.103499999999999898e-02
-1.489300000000000068e-01
-2.124000000000000055e-01
-2.258300000000000030e-01
-2.246100000000000041e-01
-2.136200000000000043e-01
-2.063000000000000111e-01
-1.965300000000000102e-01
-1.904299999999999882e-01
-1.831099999999999950e-01
-1.831099999999999950e-01
-9.033199999999999563e-02
1.501500000000000057e-01
2.563500000000000223e-01
2.978500000000000036e-01
3.027299999999999991e-01
2.917500000000000093e-01
2.771000000000000130e-01
2.563500000000000223e-01
2.502400000000000180e-01
2.343800000000000050e-01
2.209500000000000075e-01
2.087400000000000089e-01
1.989700000000000080e-01
2.026399999999999868e-01
1.965300000000000102e-01
1.623499999999999943e-01
1.831100000000000089e-02
-1.831099999999999950e-01
-2.233900000000000052e-01
-2.221700000000000064e-01
-2.148400000000000032e-01
-2.063000000000000111e-01
-1.989700000000000080e-01
-1.916499999999999870e-01
-1.904299999999999882e-01
-1.892099999999999893e-01
-1.342800000000000105e-01
1.159700000000000036e-01
2.368200000000000027e-01
2.917500000000000093e-01
2.905300000000000105e-01
2.600100000000000189e-01
2.539100000000000246e-01
2.441399999999999959e-01
2.233900000000000052e-01
2.075200000000000100e-01
1.977500000000000091e-01
1.892099999999999893e-01
1.843299999999999939e-01
1.782199999999999895e-01
1.403800000000000048e-01
5.737300000000000039e-02
-1.818799999999999861e-01
-2.465799999999999936e-01
-2.416999999999999982e-01
-2.294899999999999995e-01
-2.148400000000000032e-01
-2.063000000000000111e-01
-1.965300000000000102e-01
-1.928700000000000137e-01
-1.892099999999999893e-01
-1.892099999999999893e-01
-1.025400000000000061e-01
1.550300000000000011e-01
2.502400000000000180e-01
2.832000000000000073e-01
3.064000000000000057e-01
2.966300000000000048e-01
2.746600000000000152e-01
2.575700000000000212e-01
2.453599999999999948e-01
2.209500000000000075e-01
2.050800000000000123e-01
1.977500000000000091e-01
1.953100000000000114e-01
1.892099999999999893e-01
1.892099999999999893e-01
1.708999999999999964e-01
8.178699999999999859e-02
-1.452600000000000002e-01
-2.124000000000000055e-01
-2.185100000000000098e-01
-2.136200000000000043e-01
-2.038600000000000134e-01
-1.965300000000000102e-01
-1.928700000000000137e-01
-1.879899999999999904e-01
-1.831099999999999950e-01
-1.122999999999999970e-01
1.440400000000000014e-01
2.539100000000000246e-01
3.027299999999999991e-01
3.100600000000000023e-01
2.832000000000000073e-01
2.636700000000000155e-01
2.575700000000000212e-01
2.380400000000000016e-01
2.172900000000000109e-01
2.026399999999999868e-01
1.940900000000000125e-01
1.916499999999999870e-01
1.953100000000000114e-01
1.892099999999999893e-01
1.550300000000000011e-01
-5.371100000000000180e-02
-1.928700000000000137e-01
-2.148400000000000032e-01
-2.099600000000000077e-01
-2.026399999999999868e-01
-1.928700000000000137e-01
-1.843299999999999939e-01
-1.806599999999999873e-01
-1.745599999999999929e-01
-1.721199999999999952e-01
-7.080100000000000282e-02
1.550300000000000011e-01
2.563500000000000223e-01
3.039600000000000080e-01
3.027299999999999991e-01
2.819800000000000084e-01
2.612300000000000177e-01
2.368200000000000027e-01
2.148400000000000032e-01
2.063000000000000111e-01
1.965300000000000102e-01
1.904299999999999882e-01
1.794399999999999884e-01
1.855499999999999927e-01
1.769999999999999907e-01
1.440400000000000014e-01
1.220699999999999910e-03
-1.818799999999999861e-01
-2.124000000000000055e-01
-2.087400000000000089e-01
-2.014199999999999879e-01
-1.928700000000000137e-01
-1.879899999999999904e-01
-1.794399999999999884e-01
-1.745599999999999929e-01
-1.721199999999999952e-01
-1.525900000000000034e-01
8.911099999999999577e-02
2.221700000000000064e-01
2.722200000000000175e-01
2.868700000000000139e-01
2.795400000000000107e-01
2.563500000000000223e-01
2.270500000000000018e-01
2.050800000000000123e-01
1.831099999999999950e-01
1.818799999999999861e-01
1.806599999999999873e-01
1.708999999999999964e-01
1.647899999999999920e-01
1.599099999999999966e-01
1.416000000000000036e-01
6.835900000000000309e-02
-1.403800000000000048e-01
-2.063000000000000111e-01
-2.111800000000000066e-01
-2.014199999999999879e-01
-1.965300000000000102e-01
-1.855499999999999927e-01
-1.769999999999999907e-01
-1.733399999999999941e-01
-1.733399999999999941e-01
-1.696799999999999975e-01
-1.269500000000000073e-01
1.086400000000000005e-01
2.319299999999999973e-01
2.856400000000000050e-01
2.954100000000000059e-01
2.710000000000000187e-01
2.539100000000000246e-01
2.331499999999999961e-01
2.124000000000000055e-01
1.904299999999999882e-01
1.806599999999999873e-01
1.733399999999999941e-01
1.696799999999999975e-01
1.708999999999999964e-01
1.660200000000000009e-01
1.293900000000000050e-01
-5.127000000000000307e-02
-1.904299999999999882e-01
-2.124000000000000055e-01
-2.099600000000000077e-01
-1.989700000000000080e-01
-1.904299999999999882e-01
-1.794399999999999884e-01
-1.733399999999999941e-01
-1.721199999999999952e-01
-1.660200000000000009e-01
-8.666999999999999704e-02
1.379400000000000071e-01
2.319299999999999973e-01
2.648900000000000143e-01
2.758800000000000141e-01
2.685500000000000109e-01
2.441399999999999959e-01
2.172900000000000109e-01
2.050800000000000123e-01
1.953100000000000114e-01
1.855499999999999927e-01
1.782199999999999895e-01
1.721199999999999952e-01
1.635699999999999932e-01
1.672399999999999998e-01
1.538100000000000023e-01
8.789099999999999691e-02
-1.330600000000000116e-01
-2.124000000000000055e-01
-2.160600000000000021e-01
-2.050800000000000123e-01
-1.940900000000000125e-01
-1.843299999999999939e-01
-1.782199999999999895e-01
-1.745599999999999929e-01
-1.696799999999999975e-01
-1.672399999999999998e-01
-1.074200000000000016e-01
1.220699999999999980e-01
2.404799999999999993e-01
2.990700000000000025e-01
3.064000000000000057e-01
2.856400000000000050e-01
2.575700000000000212e-01
2.368200000000000027e-01
2.111800000000000066e-01
1.977500000000000091e-01
1.818799999999999861e-01
1.708999999999999964e-01
1.696799999999999975e-01
1.733399999999999941e-01
1.586899999999999977e-01
1.098599999999999993e-01
-1.025400000000000061e-01
-2.014199999999999879e-01
-2.124000000000000055e-01
-2.050800000000000123e-01
-1.953100000000000114e-01
-1.879899999999999904e-01
-1.782199999999999895e-01
-1.733399999999999941e-01
-1.684599999999999986e-01
-1.660200000000000009e-01
-1.049800000000000039e-01
1.281700000000000061e-01
2.429199999999999970e-01
2.966300000000000048e-01
3.076200000000000045e-01
2.832000000000000073e-01
2.575700000000000212e-01
2.282700000000000007e-01
2.050800000000000123e-01
1.904299999999999882e-01
1.843299999999999939e-01
1.733399999999999941e-01
1.647899999999999920e-01
1.672399999999999998e-01
1.623499999999999943e-01
1.318400000000000127e-01
-3.662100000000000077e-02
-1.867699999999999916e-01
-2.111800000000000066e-01
-2.099600000000000077e-01
-1.977500000000000091e-01
-1.892099999999999893e-01
-1.818799999999999861e-01
-1.745599999999999929e-01
-1.708999999999999964e-01
-1.684599999999999986e-01
-1.635699999999999932e-01
-9.399399999999999422e-02
1.355000000000000093e-01
2.416999999999999982e-01
2.917500000000000093e-01
3.015100000000000002e-01
2.844200000000000061e-01
2.624500000000000166e-01
2.356000000000000039e-01
2.111800000000000066e-01
1.904299999999999882e-01
1.806599999999999873e-01
1.757799999999999918e-01
1.647899999999999920e-01
1.611299999999999955e-01
1.586899999999999977e-01
1.355000000000000093e-01
-3.173800000000000232e-02
-1.892099999999999893e-01
-2.136200000000000043e-01
-2.099600000000000077e-01
-1.989700000000000080e-01
-1.892099999999999893e-01
-1.831099999999999950e-01
-1.733399999999999941e-01
-1.684599999999999986e-01
-1.647899999999999920e-01
-1.318400000000000127e-01
9.643599999999999395e-02
2.282700000000000007e-01
2.917500000000000093e-01
3.051800000000000068e-01
2.880900000000000127e-01
2.624500000000000166e-01
2.343800000000000050e-01
2.099600000000000077e-01
1.953100000000000114e-01
1.831099999999999950e-01
1.672399999999999998e-01
1.440400000000000014e-01
1.477100000000000080e-01
1.538100000000000023e-01
1.440400000000000014e-01
7.690400000000000014e-02
-1.391600000000000059e-01
-2.087400000000000089e-01
-2.136200000000000043e-01
-2.026399999999999868e-01
-1.953100000000000114e-01
-1.843299999999999939e-01
-1.757799999999999918e-01
-1.708999999999999964e-01
-1.660200000000000009e-01
-1.635699999999999932e-01
4.638699999999999768e-02
2.050800000000000123e-01
2.722200000000000175e-01
3.015100000000000002e-01
2.832000000000000073e-01
2.551300000000000234e-01
2.356000000000000039e-01
2.099600000000000077e-01
1.867699999999999916e-01
1.745599999999999929e-01
1.684599999999999986e-01
1.599099999999999966e-01
1.562500000000000000e-01
1.611299999999999955e-01
1.538100000000000023e-01
1.220699999999999980e-01
-2.563500000000000154e-02
-1.831099999999999950e-01
-2.111800000000000066e-01
-2.099600000000000077e-01
-1.977500000000000091e-01
-1.879899999999999904e-01
-1.794399999999999884e-01
-1.721199999999999952e-01
-1.696799999999999975e-01
-1.623499999999999943e-01
-1.220699999999999980e-01
1.196300000000000002e-01
2.392600000000000005e-01
2.966300000000000048e-01
3.051800000000000068e-01
2.819800000000000084e-01
2.539100000000000246e-01
2.356000000000000039e-01
2.185100000000000098e-01
2.001999999999999891e-01
1.855499999999999927e-01
1.782199999999999895e-01
1.611299999999999955e-01
1.525900000000000034e-01
1.501500000000000057e-01
1.232899999999999968e-01
-5.371100000000000180e-02
-1.904299999999999882e-01
-2.124000000000000055e-01
-2.087400000000000089e-01
-1.953100000000000114e-01
-1.879899999999999904e-01
-1.794399999999999884e-01
-1.733399999999999941e-01
-1.660200000000000009e-01
-1.599099999999999966e-01
-1.086400000000000005e-01
1.171900000000000025e-01
2.465799999999999936e-01
3.064000000000000057e-01
2.917500000000000093e-01
2.551300000000000234e-01
2.319299999999999973e-01
2.246100000000000041e-01
2.343800000000000050e-01
2.404799999999999993e-01
2.343800000000000050e-01
2.294899999999999995e-01
2.258300000000000030e-01
2.172900000000000109e-01
1.818799999999999861e-01
4.272499999999999909e-02
-1.660200000000000009e-01
-2.099600000000000077e-01
-2.160600000000000021e-01
-2.087400000000000089e-01
-2.014199999999999879e-01
-1.940900000000000125e-01
-1.904299999999999882e-01
-1.855499999999999927e-01
-1.806599999999999873e-01
-8.544899999999999718e-02
1.660200000000000009e-01
2.648900000000000143e-01
3.002900000000000014e-01
3.051800000000000068e-01
2.856400000000000050e-01
2.673300000000000121e-01
2.539100000000000246e-01
2.270500000000000018e-01
1.965300000000000102e-01
1.843299999999999939e-01
1.904299999999999882e-01
1.867699999999999916e-01
1.904299999999999882e-01
1.916499999999999870e-01
1.647899999999999920e-01
6.469700000000000450e-02
-1.550300000000000011e-01
-2.148400000000000032e-01
-2.148400000000000032e-01
-2.063000000000000111e-01
-1.989700000000000080e-01
-1.904299999999999882e-01
-1.843299999999999939e-01
-1.782199999999999895e-01
-1.745599999999999929e-01
-1.562500000000000000e-01
8.300799999999999845e-02
2.270500000000000018e-01
2.917500000000000093e-01
3.088400000000000034e-01
2.966300000000000048e-01
2.697800000000000198e-01
2.343800000000000050e-01
2.258300000000000030e-01
2.172900000000000109e-01
2.075200000000000100e-01
2.001999999999999891e-01
1.940900000000000125e-01
1.916499999999999870e-01
1.806599999999999873e-01
1.416000000000000036e-01
-2.929700000000000013e-02
-1.879899999999999904e-01
-2.172900000000000109e-01
-2.124000000000000055e-01
-2.026399999999999868e-01
-1.940900000000000125e-01
-1.879899999999999904e-01
-1.818799999999999861e-01
-1.769999999999999907e-01
-1.733399999999999941e-01
1.342800000000000070e-02
2.001999999999999891e-01
2.746600000000000152e-01
3.051800000000000068e-01
2.990700000000000025e-01
2.746600000000000152e-01
2.477999999999999925e-01
2.136200000000000043e-01
1.989700000000000080e-01
1.965300000000000102e-01
1.879899999999999904e-01
1.794399999999999884e-01
1.696799999999999975e-01
1.721199999999999952e-01
1.708999999999999964e-01
1.440400000000000014e-01
5.249000000000000193e-02
-1.489300000000000068e-01
-2.087400000000000089e-01
-2.099600000000000077e-01
-2.063000000000000111e-01
-1.965300000000000102e-01
-1.879899999999999904e-01
-1.794399999999999884e-01
-1.757799999999999918e-01
-1.733399999999999941e-01
-1.330600000000000116e-01
1.110799999999999982e-01
2.392600000000000005e-01
2.868700000000000139e-01
2.929700000000000082e-01
2.856400000000000050e-01
2.697800000000000198e-01
2.380400000000000016e-01
2.063000000000000111e-01
1.916499999999999870e-01
1.769999999999999907e-01
1.696799999999999975e-01
1.623499999999999943e-01
1.647899999999999920e-01
1.574699999999999989e-01
1.232899999999999968e-01
-7.812500000000000000e-02
-1.940900000000000125e-01
-2.111800000000000066e-01
-2.075200000000000100e-01
-1.965300000000000102e-01
-1.879899999999999904e-01
-1.818799999999999861e-01
-1.745599999999999929e-01
-1.757799999999999918e-01
-1.696799999999999975e-01
-1.672399999999999998e-01
-6.835900000000000309e-02
1.623499999999999943e-01
2.575700000000000212e-01
2.880900000000000127e-01
2.758800000000000141e-01
2.636700000000000155e-01
2.429199999999999970e-01
2.172900000000000109e-01
2.026399999999999868e-01
1.867699999999999916e-01
1.745599999999999929e-01
1.635699999999999932e-01
1.623499999999999943e-01
1.684599999999999986e-01
1.660200000000000009e-01
1.196300000000000002e-01
-1.025400000000000061e-01
-1.989700000000000080e-01
-2.124000000000000055e-01
-2.038600000000000134e-01
-1.928700000000000137e-01
-1.855499999999999927e-01
-1.794399999999999884e-01
-1.757799999999999918e-01
-1.708999999999999964e-01
-1.684599999999999986e-01
-1.147500000000000048e-01
1.159700000000000036e-01
2.246100000000000041e-01
2.673300000000000121e-01
2.819800000000000084e-01
2.661100000000000132e-01
2.380400000000000016e-01
2.197300000000000086e-01
2.014199999999999879e-01
1.867699999999999916e-01
1.806599999999999873e-01
1.757799999999999918e-01
1.745599999999999929e-01
1.782199999999999895e-01
1.684599999999999986e-01
1.330600000000000116e-01
-5.249000000000000193e-02
-1.867699999999999916e-01
-2.087400000000000089e-01
-2.063000000000000111e-01
-1.953100000000000114e-01
-1.867699999999999916e-01
-1.782199999999999895e-01
-1.745599999999999929e-01
-1.696799999999999975e-01
-1.672399999999999998e-01
-1.635699999999999932e-01
-1.831100000000000089e-02
1.818799999999999861e-01
2.661100000000000132e-01
2.990700000000000025e-01
2.966300000000000048e-01
2.636700000000000155e-01
2.258300000000000030e-01
2.075200000000000100e-01
2.014199999999999879e-01
1.867699999999999916e-01
1.696799999999999975e-01
1.660200000000000009e-01
1.684599999999999986e-01
1.660200000000000009e-01
1.184100000000000014e-01
0.000000000000000000e+00
-2.282700000000000007e-01
-2.685500000000000109e-01
-2.514600000000000168e-01
-2.343800000000000050e-01
-2.197300000000000086e-01
-2.111800000000000066e-01
-2.038600000000000134e-01
-1.977500000000000091e-01
-1.953100000000000114e-01
-1.916499999999999870e-01
-2.075199999999999961e-02
1.879899999999999904e-01
2.648900000000000143e-01
3.051800000000000068e-01
2.978500000000000036e-01
2.807600000000000096e-01
2.771000000000000130e-01
2.624500000000000166e-01
2.441399999999999959e-01
2.343800000000000050e-01
2.258300000000000030e-01
2.197300000000000086e-01
2.136200000000000043e-01
2.063000000000000111e-01
1.708999999999999964e-01
3.662100000000000077e-02
-1.745599999999999929e-01
-2.185100000000000098e-01
-2.209500000000000075e-01
-2.111800000000000066e-01
-2.026399999999999868e-01
-1.953100000000000114e-01
-1.892099999999999893e-01
-1.855499999999999927e-01
-1.818799999999999861e-01
-1.794399999999999884e-01
-6.469700000000000450e-02
1.696799999999999975e-01
2.612300000000000177e-01
3.027299999999999991e-01
3.015100000000000002e-01
2.844200000000000061e-01
2.490199999999999914e-01
2.331499999999999961e-01
2.209500000000000075e-01
2.050800000000000123e-01
1.879899999999999904e-01
1.745599999999999929e-01
1.696799999999999975e-01
1.733399999999999941e-01
1.733399999999999941e-01
1.513700000000000045e-01
6.835900000000000309e-02
-1.464799999999999991e-01
-2.063000000000000111e-01
-2.099600000000000077e-01
-1.977500000000000091e-01
-1.879899999999999904e-01
-1.843299999999999939e-01
-1.769999999999999907e-01
-1.708999999999999964e-01
-1.684599999999999986e-01
-1.062000000000000027e-01
1.232899999999999968e-01
2.368200000000000027e-01
2.734400000000000164e-01
2.819800000000000084e-01
2.710000000000000187e-01
2.575700000000000212e-01
2.368200000000000027e-01
2.233900000000000052e-01
2.026399999999999868e-01
1.855499999999999927e-01
1.794399999999999884e-01
1.599099999999999966e-01
1.538100000000000023e-01
1.574699999999999989e-01
1.403800000000000048e-01
6.958000000000000296e-02
-1.416000000000000036e-01
-2.136200000000000043e-01
-2.124000000000000055e-01
-2.038600000000000134e-01
-1.965300000000000102e-01
-1.867699999999999916e-01
-1.769999999999999907e-01
-1.733399999999999941e-01
-1.672399999999999998e-01
-1.635699999999999932e-01
-4.150399999999999923e-02
1.794399999999999884e-01
2.587900000000000200e-01
2.978500000000000036e-01
2.856400000000000050e-01
2.539100000000000246e-01
2.233900000000000052e-01
2.050800000000000123e-01
1.843299999999999939e-01
1.745599999999999929e-01
1.660200000000000009e-01
1.599099999999999966e-01
1.599099999999999966e-01
1.647899999999999920e-01
1.489300000000000068e-01
1.074200000000000016e-01
-9.399399999999999422e-02
-1.989700000000000080e-01
-2.136200000000000043e-01
-2.050800000000000123e-01
-1.940900000000000125e-01
