-1.089293999999999984e+00
-1.091491999999999907e+00
-1.090759000000000034e+00
-1.090759000000000034e+00
-1.090942000000000078e+00
-1.090759000000000034e+00
-1.089722000000000079e+00
-1.091247999999999996e+00
-1.091002999999999945e+00
-1.090270999999999990e+00
-1.091124999999999901e+00
-1.091552999999999995e+00
-1.090209999999999901e+00
-1.090942000000000078e+00
-1.091369999999999951e+00
-1.092041000000000039e+00
-1.091796999999999906e+00
-1.091247999999999996e+00
-1.090880999999999990e+00
-1.090392999999999946e+00
-1.089539000000000035e+00
-1.090637000000000079e+00
-1.091857999999999995e+00
-1.090270999999999990e+00
-1.090637000000000079e+00
-1.090027000000000079e+00
-1.091186999999999907e+00
-1.093993999999999911e+00
-1.087585000000000024e+00
-1.089293999999999984e+00
-1.089782999999999946e+00
-1.089844000000000035e+00
-1.088745000000000074e+00
-1.089904999999999902e+00
-1.091614000000000084e+00
-1.091247999999999996e+00
-1.090454000000000034e+00
-1.090087999999999946e+00
-1.091491999999999907e+00
-1.090270999999999990e+00
-1.090087999999999946e+00
-1.091309000000000085e+00
-1.090819999999999901e+00
-1.089844000000000035e+00
-1.089050000000000074e+00
-1.090270999999999990e+00
-1.090087999999999946e+00
-1.092346000000000039e+00
-1.093140000000000001e+00
-1.093993999999999911e+00
-1.096497000000000055e+00
-1.096068999999999960e+00
-1.094421000000000088e+00
-1.098144999999999927e+00
-1.096985000000000099e+00
-1.096008000000000093e+00
-1.097229000000000010e+00
-1.097107000000000054e+00
-1.095825000000000049e+00
-1.095763999999999960e+00
-1.097045999999999966e+00
-1.090027000000000079e+00
-1.083434999999999926e+00
-1.083984000000000059e+00
-1.081909000000000010e+00
-1.090027000000000079e+00
-1.093445000000000000e+00
-1.089172000000000029e+00
-1.095703000000000094e+00
-1.114502000000000104e+00
-1.097107000000000054e+00
-1.066650000000000098e+00
-1.070678999999999936e+00
-1.079285000000000050e+00
-1.070983999999999936e+00
-1.072510000000000074e+00
-1.076354999999999951e+00
-1.075684000000000085e+00
-1.072265999999999941e+00
-1.082152999999999921e+00
-1.075989000000000084e+00
-1.088378999999999985e+00
-1.090027000000000079e+00
-1.073120000000000074e+00
-1.065795999999999966e+00
-1.082581000000000016e+00
-1.120972000000000079e+00
-1.388184000000000085e+00
-1.648743000000000070e+00
-1.768188000000000093e+00
-2.000000000000000000e+00
-2.000000000000000000e+00
-9.377440000000000220e-01
3.928829999999999822e-01
-5.064089999999999980e-01
-9.447020000000000417e-01
-1.442382999999999971e+00
-2.000000000000000000e+00
-1.932617000000000029e+00
-1.583312999999999970e+00
-1.030396000000000090e+00
-9.785770000000000302e-01
-5.728760000000000518e-01
-1.127625000000000099e+00
-1.115479000000000109e+00
-1.093506000000000089e+00
-1.093261999999999956e+00
-1.078125000000000000e+00
-1.082642000000000104e+00
-1.093018000000000045e+00
-1.110228999999999910e+00
-1.186217999999999995e+00
-1.420166000000000039e+00
-1.691284000000000010e+00
-2.000000000000000000e+00
-2.000000000000000000e+00
-1.851256999999999930e+00
9.582499999999999352e-02
2.966299999999999840e-02
-7.770390000000000352e-01
-1.454345999999999917e+00
-2.000000000000000000e+00
-2.000000000000000000e+00
-1.920592999999999995e+00
-1.143982000000000054e+00
-9.320680000000000076e-01
-1.066832999999999920e+00
-8.017579999999999707e-01
-1.019042999999999921e+00
-1.114562999999999970e+00
-1.094116000000000088e+00
-1.087768999999999986e+00
-1.096068999999999960e+00
-1.091796999999999906e+00
-1.106934000000000085e+00
-1.095642000000000005e+00
-1.105469000000000035e+00
-1.154846000000000039e+00
-1.254882999999999971e+00
-1.384887999999999897e+00
-1.579102000000000006e+00
-1.969421000000000088e+00
-2.000000000000000000e+00
-1.911499000000000059e+00
-2.747800000000000242e-01
1.577759999999999996e-01
-5.811159999999999659e-01
-1.200194999999999901e+00
-1.911254999999999926e+00
-2.000000000000000000e+00
-1.991089000000000109e+00
-1.654662999999999995e+00
-1.071350000000000025e+00
-1.207457999999999920e+00
-8.366700000000000248e-01
-4.219359999999999777e-01
-1.124390000000000001e+00
-1.144470000000000098e+00
-1.100219999999999976e+00
-1.095703000000000094e+00
-1.090027000000000079e+00
-1.072815000000000074e+00
-1.088988999999999985e+00
-1.099854000000000109e+00
-1.140441999999999956e+00
-1.340392999999999946e+00
-1.432495000000000074e+00
-1.719359999999999999e+00
-2.000000000000000000e+00
-2.000000000000000000e+00
-1.926757999999999971e+00
2.352910000000000001e-01
8.966100000000000458e-02
-5.553590000000000471e-01
-1.272583000000000020e+00
-1.950989000000000084e+00
-2.000000000000000000e+00
-1.992553999999999936e+00
-1.776000999999999941e+00
-1.068114999999999926e+00
-1.099609000000000059e+00
-1.034790000000000099e+00
-3.977049999999999752e-01
-9.492800000000000127e-01
-1.166565000000000074e+00
-1.101256999999999930e+00
-1.096557999999999922e+00
-1.089965999999999990e+00
-1.078673999999999911e+00
-1.086853000000000069e+00
-1.083374000000000059e+00
-1.091979999999999951e+00
-1.127258000000000093e+00
-1.123596000000000039e+00
-1.247374999999999901e+00
-1.515746999999999955e+00
-1.897521999999999931e+00
-2.000000000000000000e+00
-1.992188000000000070e+00
-1.335021999999999931e+00
2.598880000000000079e-01
-2.496950000000000003e-01
-6.897579999999999822e-01
-1.373046999999999906e+00
-1.927489999999999926e+00
-2.000000000000000000e+00
-1.921691999999999956e+00
-1.336913999999999936e+00
-1.114807000000000103e+00
-7.985229999999999828e-01
-6.756590000000000096e-01
-1.111755000000000049e+00
-1.089965999999999990e+00
-1.094910000000000050e+00
-1.095215000000000050e+00
-1.081604000000000010e+00
-1.091979999999999951e+00
-1.103148999999999935e+00
-1.087096999999999980e+00
-1.087830000000000075e+00
-1.132689999999999975e+00
-1.271789999999999976e+00
-1.650023999999999935e+00
-1.987975999999999965e+00
-2.000000000000000000e+00
-1.955872000000000055e+00
-7.630620000000000180e-01
1.870120000000000116e-01
-4.049679999999999946e-01
-7.819819999999999549e-01
-1.449645999999999990e+00
-1.998656999999999906e+00
-2.000000000000000000e+00
-1.578003000000000045e+00
-1.137572999999999945e+00
-1.159607000000000054e+00
-1.057800000000000074e+00
-1.211425999999999892e+00
-8.216550000000000242e-01
-1.109375000000000000e+00
-1.100403000000000020e+00
-1.091186999999999907e+00
-1.097534000000000010e+00
-1.091431000000000040e+00
-1.110900999999999916e+00
-1.093566999999999956e+00
-1.087707999999999897e+00
-1.080994000000000010e+00
-1.087585000000000024e+00
-1.114807000000000103e+00
-1.187743999999999911e+00
-1.502869000000000010e+00
-1.772704999999999975e+00
-1.861388999999999960e+00
-1.927856000000000014e+00
-1.807738999999999985e+00
-1.282165999999999917e+00
7.797849999999999504e-01
-3.816530000000000200e-01
-8.164059999999999651e-01
-1.176514000000000060e+00
-1.454895000000000049e+00
-1.677429000000000059e+00
-1.752013999999999960e+00
-1.413391000000000064e+00
-8.045039999999999969e-01
-1.065430000000000099e+00
-1.371825999999999990e+00
-9.156490000000000462e-01
-9.361570000000000169e-01
-1.074829000000000034e+00
-1.122130999999999990e+00
-1.089782999999999946e+00
-1.096313000000000093e+00
-1.101745999999999892e+00
-1.085571000000000064e+00
-1.082397000000000054e+00
-1.106627999999999945e+00
-1.107177999999999995e+00
-1.077758999999999912e+00
-1.080017000000000005e+00
-1.089110999999999940e+00
-1.076721000000000039e+00
-1.076904000000000083e+00
-1.081177000000000055e+00
-1.088562000000000030e+00
-1.093811000000000089e+00
-1.086548000000000069e+00
-1.085204999999999975e+00
-1.084229000000000109e+00
-1.085509999999999975e+00
-1.088012999999999897e+00
-1.087768999999999986e+00
-1.084044999999999925e+00
-1.071715999999999891e+00
-1.084351000000000065e+00
-1.084534000000000109e+00
-1.079955999999999916e+00
-1.060974000000000084e+00
-1.061706999999999956e+00
-1.075072999999999945e+00
-1.075744999999999951e+00
-1.072692999999999897e+00
-1.075866999999999907e+00
-1.082214000000000009e+00
-1.071288999999999936e+00
-1.063171000000000088e+00
-1.071288999999999936e+00
-1.076232999999999995e+00
-1.074035999999999991e+00
-1.072875999999999941e+00
-1.069763000000000019e+00
-1.073792000000000080e+00
-1.077453999999999912e+00
-1.073302999999999896e+00
-1.074279999999999902e+00
-1.075989000000000084e+00
-1.070618000000000070e+00
-1.070740000000000025e+00
-1.070311999999999930e+00
-1.074524000000000035e+00
-1.069153000000000020e+00
-1.073120000000000074e+00
-1.074462999999999946e+00
-1.069274999999999975e+00
-1.067687999999999970e+00
-1.067199999999999926e+00
-1.068237000000000103e+00
-1.071471999999999980e+00
-1.075194999999999901e+00
-1.072265999999999941e+00
-1.067932000000000103e+00
-1.074097000000000079e+00
-1.083922999999999970e+00
-1.085144000000000108e+00
-1.080138999999999960e+00
-1.076537999999999995e+00
-1.077758999999999912e+00
-1.077453999999999912e+00
-1.073485999999999940e+00
-1.075439000000000034e+00
-1.083129999999999926e+00
-1.087401999999999980e+00
-1.085693000000000019e+00
-1.081909000000000010e+00
-1.085571000000000064e+00
-1.082335999999999965e+00
-1.077698000000000045e+00
-1.086791999999999980e+00
-1.082030999999999965e+00
-1.085998999999999937e+00
-1.099059999999999926e+00
-1.113402999999999921e+00
-1.104980000000000073e+00
-1.131591999999999931e+00
-1.285949999999999926e+00
-1.335814999999999975e+00
-1.284972999999999921e+00
-1.331299000000000010e+00
-1.546448000000000045e+00
-1.542724999999999902e+00
-7.415770000000000417e-01
-1.018677000000000055e+00
-8.991090000000000471e-01
-6.515499999999999625e-01
-9.596559999999999535e-01
-1.355224999999999902e+00
-1.770202999999999971e+00
-2.000000000000000000e+00
-1.647216999999999931e+00
-1.329650999999999916e+00
-1.211060000000000025e+00
-9.419560000000000155e-01
-8.079220000000000290e-01
-8.079220000000000290e-01
-1.114379999999999926e+00
-1.075806000000000040e+00
-1.078673999999999911e+00
-1.103698999999999986e+00
-1.100341999999999931e+00
-1.106994999999999951e+00
-1.096313000000000093e+00
-1.081542999999999921e+00
-1.090392999999999946e+00
-1.105407999999999946e+00
-1.110046000000000088e+00
-1.121337999999999946e+00
-1.237975999999999965e+00
-1.316650000000000098e+00
-1.346130000000000049e+00
-1.580383000000000093e+00
-1.952820000000000000e+00
-2.000000000000000000e+00
-1.987915000000000099e+00
-6.321409999999999529e-01
-5.367429999999999701e-01
-1.105347000000000079e+00
-1.620422000000000029e+00
-2.000000000000000000e+00
-2.000000000000000000e+00
-1.278869999999999951e+00
-9.407959999999999656e-01
-7.360839999999999606e-01
-4.070429999999999882e-01
-9.808959999999999901e-01
-1.132079999999999975e+00
-1.081787000000000054e+00
-1.093261999999999956e+00
-1.093750000000000000e+00
-1.092284999999999950e+00
-1.086181999999999981e+00
-1.092589999999999950e+00
-1.099976000000000065e+00
-1.118103000000000069e+00
-1.199524000000000035e+00
-1.535949999999999926e+00
-1.785949999999999926e+00
-2.000000000000000000e+00
-2.000000000000000000e+00
-1.551514000000000060e+00
2.141720000000000013e-01
-1.904299999999999882e-01
-8.975220000000000420e-01
-1.724547999999999970e+00
-2.000000000000000000e+00
-1.528014999999999901e+00
-1.237487999999999921e+00
-5.376589999999999980e-01
-8.090209999999999901e-01
-1.172484999999999999e+00
-1.102843999999999935e+00
-1.091796999999999906e+00
-1.091491999999999907e+00
-1.076049999999999951e+00
-1.089599999999999902e+00
-1.093871999999999955e+00
-1.097900000000000098e+00
-1.118163999999999936e+00
-1.194641000000000064e+00
-1.477478000000000069e+00
-1.696228000000000069e+00
-2.000000000000000000e+00
-2.000000000000000000e+00
-1.948425000000000074e+00
-2.247919999999999918e-01
-5.365000000000000324e-02
-6.137700000000000378e-01
-1.128052000000000055e+00
-1.853515999999999941e+00
-2.000000000000000000e+00
-1.973449999999999926e+00
-1.224792000000000103e+00
-1.074462999999999946e+00
-4.486689999999999845e-01
-1.028991999999999907e+00
-1.119140999999999941e+00
-1.096924000000000010e+00
-1.099242999999999970e+00
-1.089782999999999946e+00
-1.087280000000000024e+00
-1.089477999999999946e+00
-1.101256999999999930e+00
-1.093506000000000089e+00
-1.122864000000000084e+00
-1.152160999999999991e+00
-1.865356000000000014e+00
-2.000000000000000000e+00
-2.000000000000000000e+00
-1.839110999999999940e+00
1.972659999999999969e-01
-2.133790000000000131e-01
-7.170410000000000394e-01
-1.327515000000000001e+00
-2.000000000000000000e+00
-2.000000000000000000e+00
-1.801085999999999965e+00
-9.129639999999999977e-01
-1.112244000000000010e+00
-4.290160000000000085e-01
-8.739620000000000166e-01
-1.170776000000000039e+00
-1.091491999999999907e+00
-1.088622999999999896e+00
-1.095215000000000050e+00
-1.073607999999999896e+00
-1.085388000000000019e+00
-1.103515999999999941e+00
-1.099792000000000103e+00
-1.128722999999999921e+00
-1.259520999999999891e+00
-1.571350000000000025e+00
-1.838073999999999986e+00
-2.000000000000000000e+00
-2.000000000000000000e+00
-1.470825000000000049e+00
1.902469999999999994e-01
-3.955080000000000262e-01
-1.118285999999999891e+00
-1.816832999999999920e+00
-2.000000000000000000e+00
-1.953613000000000044e+00
-1.401488999999999985e+00
-1.018555000000000099e+00
-6.182860000000000023e-01
-4.309689999999999910e-01
-1.124695000000000000e+00
-1.082519999999999927e+00
-1.096435999999999966e+00
-1.087035999999999891e+00
-1.080138999999999960e+00
-1.095520000000000049e+00
-1.104918999999999984e+00
-1.125061000000000089e+00
-1.218140000000000001e+00
-1.488159000000000010e+00
-1.654236000000000040e+00
-1.984253000000000045e+00
-2.000000000000000000e+00
-1.970642000000000005e+00
-1.884160000000000001e-01
-6.268300000000000261e-02
-6.876219999999999555e-01
-1.262939000000000034e+00
-1.955932999999999922e+00
-2.000000000000000000e+00
-1.963378999999999985e+00
-1.540955000000000075e+00
-7.636110000000000397e-01
-2.127080000000000082e-01
-1.037354000000000109e+00
-1.187195000000000000e+00
-1.085021999999999931e+00
-1.081177000000000055e+00
-1.083252000000000104e+00
-1.084899999999999975e+00
-1.093078999999999912e+00
-1.097412000000000054e+00
-1.117064999999999975e+00
-1.273560000000000025e+00
-1.475036999999999932e+00
-1.734863000000000044e+00
-2.000000000000000000e+00
-2.000000000000000000e+00
-1.879394999999999927e+00
1.987919999999999965e-01
-2.496950000000000003e-01
-7.298580000000000068e-01
-1.437195000000000000e+00
-2.000000000000000000e+00
-2.000000000000000000e+00
-1.733154000000000083e+00
-1.427246000000000015e+00
-9.591669999999999918e-01
-5.184330000000000327e-01
-7.919310000000000516e-01
-1.142638999999999960e+00
-1.099426000000000014e+00
-1.085693000000000019e+00
-1.079833999999999961e+00
-1.097412000000000054e+00
-1.078491000000000088e+00
-1.074462999999999946e+00
-1.086303999999999936e+00
-1.067871000000000015e+00
-1.075012000000000079e+00
-1.090149000000000035e+00
-1.121094000000000035e+00
-1.266540999999999917e+00
-1.520386000000000015e+00
-1.500853999999999910e+00
-1.599854000000000109e+00
-1.797241000000000088e+00
-1.548095999999999917e+00
-4.623410000000000020e-01
-1.735839999999999883e-01
-5.429690000000000349e-01
-7.998049999999999882e-01
-1.267883000000000093e+00
-1.838927999999999896e+00
-2.000000000000000000e+00
-1.790588000000000068e+00
-1.295654000000000083e+00
-1.043152000000000079e+00
-9.721680000000000321e-01
-1.040405000000000024e+00
-1.261597000000000079e+00
-1.073547000000000029e+00
-9.331049999999999622e-01
-1.030578999999999912e+00
-1.128112999999999921e+00
-1.090270999999999990e+00
-1.079223999999999961e+00
-1.094603999999999910e+00
-1.100281000000000065e+00
-1.097412000000000054e+00
-1.096375000000000099e+00
-1.095885999999999916e+00
-1.086608999999999936e+00
-1.083007999999999971e+00
-1.085266000000000064e+00
-1.091857999999999995e+00
-1.082581000000000016e+00
-1.082824999999999926e+00
-1.096068999999999960e+00
-1.126708999999999961e+00
-1.206787000000000054e+00
-1.260070999999999941e+00
-1.265563999999999911e+00
-1.273071000000000064e+00
-1.306945999999999941e+00
-1.446410999999999891e+00
-1.778747999999999996e+00
-1.357056000000000040e+00
3.928829999999999822e-01
-3.654789999999999983e-01
-6.369629999999999459e-01
-9.646609999999999907e-01
-1.505676000000000014e+00
-1.896851000000000065e+00
-1.868468999999999935e+00
-1.558777000000000079e+00
-1.412903000000000020e+00
-1.032288000000000094e+00
-1.012694999999999901e+00
-9.558109999999999662e-01
-1.239197000000000104e+00
-9.929810000000000025e-01
-1.019165000000000099e+00
-1.059630999999999990e+00
-1.056151999999999980e+00
-1.075255999999999990e+00
-1.089782999999999946e+00
-1.083617999999999970e+00
-1.082764000000000060e+00
-1.087952000000000030e+00
-1.082581000000000016e+00
-1.084167000000000103e+00
-1.075134000000000034e+00
-1.068786999999999932e+00
-1.064575000000000049e+00
-1.071410999999999891e+00
-1.073363999999999985e+00
-1.077515000000000001e+00
-1.083617999999999970e+00
-1.078734999999999999e+00
-1.069763000000000019e+00
-1.070251000000000063e+00
-1.083922999999999970e+00
-1.086060000000000025e+00
-1.079650999999999916e+00
-1.075377999999999945e+00
-1.072937000000000030e+00
-1.088135000000000074e+00
-1.087401999999999980e+00
-1.090087999999999946e+00
-1.091431000000000040e+00
-1.098877000000000104e+00
-1.115906000000000065e+00
-1.143737999999999921e+00
-1.133118000000000070e+00
-1.028197999999999945e+00
-9.581300000000000372e-01
-9.623410000000000020e-01
-9.860229999999999828e-01
-1.048767000000000005e+00
-1.090759000000000034e+00
-1.102905000000000024e+00
-1.113525000000000098e+00
-1.105164000000000035e+00
-1.089539000000000035e+00
-1.090087999999999946e+00
-1.086975000000000025e+00
-1.054931999999999981e+00
-1.025573999999999986e+00
-1.019042999999999921e+00
-9.901729999999999698e-01
-1.015503000000000045e+00
-1.036132999999999971e+00
-1.049744000000000010e+00
-1.055725000000000025e+00
-1.090270999999999990e+00
-1.104370000000000074e+00
-1.111388999999999960e+00
-1.141907000000000005e+00
-1.123901000000000039e+00
-1.074462999999999946e+00
-1.042785999999999991e+00
-1.027160999999999991e+00
-1.041320999999999941e+00
-1.063598999999999961e+00
-1.092346000000000039e+00
-1.068786999999999932e+00
-1.072815000000000074e+00
-1.073792000000000080e+00
-1.066956000000000016e+00
-1.090942000000000078e+00
-1.099304000000000059e+00
-1.075866999999999907e+00
-1.073974999999999902e+00
-1.071655000000000024e+00
-1.070800999999999892e+00
-1.081909000000000010e+00
-1.099609000000000059e+00
-1.091736000000000040e+00
-1.084351000000000065e+00
-1.083617999999999970e+00
-1.082947000000000104e+00
-1.082581000000000016e+00
-1.085509999999999975e+00
-1.084839000000000109e+00
-1.082092000000000054e+00
-1.080565999999999915e+00
-1.070068000000000019e+00
-1.079468000000000094e+00
-1.085326999999999931e+00
-1.086548000000000069e+00
-1.078003000000000045e+00
-1.072997999999999896e+00
-1.077698000000000045e+00
-1.080322000000000005e+00
-1.077209000000000083e+00
-1.078796000000000088e+00
-1.081299000000000010e+00
-1.062683000000000044e+00
-1.041930999999999941e+00
-1.064087000000000005e+00
-1.082642000000000104e+00
-1.145812999999999970e+00
-1.310791000000000039e+00
-1.279662999999999995e+00
-1.150145999999999891e+00
-1.118713000000000068e+00
-9.281620000000000426e-01
-7.097170000000000423e-01
-6.217040000000000344e-01
-8.468020000000000547e-01
-1.564513999999999960e+00
-1.475341999999999931e+00
-1.428954999999999975e+00
-7.148440000000000349e-01
-1.196228000000000069e+00
-1.378357000000000054e+00
-1.327026000000000039e+00
-1.082581000000000016e+00
-1.114684999999999926e+00
-1.112427000000000055e+00
-1.096802000000000055e+00
-1.093078999999999912e+00
-1.102965999999999891e+00
-1.091674999999999951e+00
-1.081909000000000010e+00
-1.079040999999999917e+00
-1.101928999999999936e+00
-1.089293999999999984e+00
-1.077941999999999956e+00
-1.088683999999999985e+00
-1.082519999999999927e+00
-1.078246999999999955e+00
-1.077147999999999994e+00
-1.076599000000000084e+00
-1.080627000000000004e+00
-1.077209000000000083e+00
-1.065612999999999921e+00
-1.068542000000000103e+00
-1.071593999999999935e+00
-1.070861999999999981e+00
-1.079163000000000094e+00
-1.089293999999999984e+00
-1.079650999999999916e+00
-1.071410999999999891e+00
-1.074097000000000079e+00
-1.084534000000000109e+00
-1.095458999999999961e+00
-1.101134999999999975e+00
-1.154357999999999995e+00
-1.278380999999999990e+00
-1.340392999999999946e+00
-1.274718999999999935e+00
-1.173523000000000094e+00
-1.240356000000000014e+00
-1.449097000000000079e+00
-1.728577000000000030e+00
-1.669556000000000040e+00
-6.395870000000000166e-01
-6.532590000000000341e-01
-9.093020000000000547e-01
-1.338927999999999896e+00
-1.946593999999999935e+00
-2.000000000000000000e+00
-1.215209999999999901e+00
-5.636600000000000499e-01
-5.518800000000000372e-01
-1.574340999999999990e+00
-1.027099999999999902e+00
-1.033935999999999966e+00
-1.104857999999999896e+00
-1.087463000000000068e+00
-1.086730999999999892e+00
-1.113280999999999965e+00
-1.103332999999999897e+00
-1.099609000000000059e+00
-1.101745999999999892e+00
-1.095642000000000005e+00
-1.093323000000000045e+00
-1.091796999999999906e+00
-1.091186999999999907e+00
-1.077576000000000089e+00
-1.080505000000000049e+00
-1.084229000000000109e+00
-1.094603999999999910e+00
-1.084351000000000065e+00
-1.086120999999999892e+00
-1.088805999999999941e+00
-1.088562000000000030e+00
-1.083069000000000059e+00
-1.083069000000000059e+00
-1.082275000000000098e+00
-1.081725999999999965e+00
-1.083557000000000103e+00
-1.082642000000000104e+00
-1.085266000000000064e+00
-1.103270999999999891e+00
-1.151062000000000030e+00
-1.690674000000000010e+00
-1.835326999999999931e+00
-2.000000000000000000e+00
-1.845580999999999916e+00
4.339599999999999708e-02
-9.545900000000000218e-02
-6.263429999999999831e-01
-1.012694999999999901e+00
-1.756348000000000020e+00
-2.000000000000000000e+00
-1.985778999999999961e+00
-1.812378000000000045e+00
-1.409545999999999966e+00
-1.022644000000000108e+00
-9.909059999999999535e-01
-9.448849999999999749e-01
-9.342650000000000121e-01
-9.708860000000000268e-01
-1.034667999999999921e+00
-1.070495999999999892e+00
-1.080200000000000049e+00
-1.096435999999999966e+00
-1.094848999999999961e+00
-1.083434999999999926e+00
-1.081604000000000010e+00
-1.086181999999999981e+00
-1.092101999999999906e+00
-1.083739999999999926e+00
-1.098572000000000104e+00
-1.187073000000000045e+00
-1.578673999999999911e+00
-1.909790000000000099e+00
-2.000000000000000000e+00
-1.847107000000000054e+00
-6.607060000000000155e-01
-7.916299999999999726e-02
-6.318359999999999532e-01
-1.234741000000000088e+00
-2.000000000000000000e+00
-2.000000000000000000e+00
-1.946655000000000024e+00
-1.267700000000000049e+00
-9.567870000000000541e-01
-1.180908000000000069e+00
-7.177120000000000166e-01
-1.024901999999999980e+00
-1.119140999999999941e+00
-1.088012999999999897e+00
-1.084289999999999976e+00
-1.089477999999999946e+00
-1.081237999999999921e+00
-1.083984000000000059e+00
-1.089355000000000073e+00
-1.079955999999999916e+00
-1.093811000000000089e+00
-1.148620999999999892e+00
-1.287169999999999925e+00
-1.487549000000000010e+00
-1.850646999999999931e+00
-2.000000000000000000e+00
-1.998596000000000039e+00
-1.223144999999999927e+00
1.342160000000000020e-01
-3.257450000000000068e-01
-4.956050000000000177e-01
-1.248291000000000039e+00
-1.890320000000000000e+00
-2.000000000000000000e+00
-1.851501000000000063e+00
-1.599547999999999970e+00
-1.164306999999999981e+00
-1.059447999999999945e+00
-7.666020000000000056e-01
-5.887449999999999628e-01
-1.172301999999999955e+00
-1.087401999999999980e+00
-1.096862999999999921e+00
-1.083007999999999971e+00
-1.092651000000000039e+00
-1.101928999999999936e+00
-1.056213000000000068e+00
-1.126038000000000094e+00
-1.193726000000000065e+00
-1.270812999999999970e+00
-1.573668999999999984e+00
-2.000000000000000000e+00
-2.000000000000000000e+00
-1.971008000000000093e+00
-2.460330000000000017e-01
1.622309999999999863e-01
-6.804810000000000025e-01
-1.242310000000000025e+00
-1.859801999999999955e+00
-2.000000000000000000e+00
-1.832642000000000104e+00
-1.320129000000000108e+00
-8.369750000000000245e-01
-6.841429999999999456e-01
-3.706670000000000242e-01
-1.157043000000000044e+00
-1.128540000000000099e+00
-1.087585000000000024e+00
-1.093383999999999912e+00
-1.079773000000000094e+00
-1.073058999999999985e+00
-1.083252000000000104e+00
-1.102173000000000069e+00
-1.326416000000000039e+00
-1.518494000000000010e+00
-1.900330000000000075e+00
-2.000000000000000000e+00
-1.941040000000000099e+00
-7.750240000000000462e-01
2.293090000000000128e-01
-4.844359999999999777e-01
-1.114379999999999926e+00
-1.849364999999999926e+00
-2.000000000000000000e+00
-1.934752999999999945e+00
-1.363220000000000098e+00
-1.039245999999999892e+00
-8.759770000000000056e-01
-6.354370000000000296e-01
-1.147521999999999931e+00
-1.093933000000000044e+00
-1.080872000000000055e+00
-1.091614000000000084e+00
-1.086913999999999936e+00
-1.086365000000000025e+00
-1.092162999999999995e+00
-1.080383000000000093e+00
-1.078246999999999955e+00
-1.224121000000000015e+00
-1.677002000000000104e+00
-1.990417000000000103e+00
-2.000000000000000000e+00
-1.959778000000000020e+00
-6.112670000000000048e-01
1.777340000000000031e-01
-5.802000000000000490e-01
-1.135802999999999896e+00
-1.921386999999999956e+00
-2.000000000000000000e+00
-1.835571000000000064e+00
-1.199645999999999990e+00
-7.735600000000000254e-01
-8.524779999999999580e-01
-6.633909999999999529e-01
-1.114319000000000059e+00
-1.114197000000000104e+00
-1.089722000000000079e+00
-1.097839000000000009e+00
-1.092041000000000039e+00
-1.082886000000000015e+00
-1.097655999999999965e+00
-1.116516000000000064e+00
-1.156250000000000000e+00
-1.345093000000000094e+00
-1.557190000000000074e+00
-1.880614999999999926e+00
-1.999451000000000089e+00
-1.418579000000000034e+00
2.809450000000000003e-01
-3.663939999999999975e-01
-9.722290000000000099e-01
-1.816527999999999921e+00
-2.000000000000000000e+00
-1.957581000000000016e+00
-1.363707999999999920e+00
-8.602290000000000214e-01
-3.057860000000000023e-01
-8.140870000000000051e-01
-1.168944999999999901e+00
-1.092346000000000039e+00
-1.081725999999999965e+00
-1.088988999999999985e+00
-1.079163000000000094e+00
-1.093445000000000000e+00
-1.104187000000000030e+00
-1.120849999999999902e+00
-1.190430000000000099e+00
-1.514404000000000083e+00
-1.802917000000000103e+00
-2.000000000000000000e+00
-2.000000000000000000e+00
-1.276249999999999885e-01
-2.553710000000000147e-01
-6.492310000000000025e-01
-1.351318000000000019e+00
-2.000000000000000000e+00
-2.000000000000000000e+00
-1.870482999999999896e+00
-1.310791000000000039e+00
-9.842530000000000445e-01
-2.095950000000000035e-01
-6.994019999999999682e-01
-1.239074999999999926e+00
-1.098206000000000016e+00
-1.084411999999999932e+00
-1.090637000000000079e+00
-1.078491000000000088e+00
-1.089232999999999896e+00
-1.116638000000000019e+00
-1.154174999999999951e+00
-1.322875999999999941e+00
-1.507995999999999892e+00
-1.772826999999999931e+00
-2.000000000000000000e+00
-2.000000000000000000e+00
-1.945678999999999936e+00
1.177369999999999944e-01
-5.535899999999999849e-02
-6.981810000000000516e-01
-2.000000000000000000e+00
-2.000000000000000000e+00
-1.796631000000000089e+00
-9.963379999999999459e-01
-9.082639999999999603e-01
-2.756350000000000189e-01
-9.441530000000000200e-01
-1.161864999999999926e+00
-1.091064000000000034e+00
-1.089782999999999946e+00
-1.080505000000000049e+00
-1.076904000000000083e+00
-1.095825000000000049e+00
-1.100159000000000109e+00
-1.124633999999999912e+00
-1.198852999999999946e+00
-1.604370000000000074e+00
-1.932495000000000074e+00
-2.000000000000000000e+00
-1.964599999999999902e+00
-9.703979999999999828e-01
2.679399999999999837e-02
-5.268549999999999622e-01
-1.051452999999999971e+00
-1.865479000000000109e+00
-1.955322000000000005e+00
-1.181640999999999941e+00
-9.891969999999999930e-01
-4.542849999999999944e-01
-5.742800000000000127e-01
-1.197387999999999897e+00
-1.105834999999999901e+00
-1.078734999999999999e+00
-1.084656000000000065e+00
-1.078734999999999999e+00
-1.090514999999999901e+00
-1.113402999999999921e+00
-1.161072000000000104e+00
-1.360840000000000050e+00
-1.599609000000000059e+00
-1.901062000000000030e+00
-2.000000000000000000e+00
-2.000000000000000000e+00
-1.047423999999999911e+00
-5.944800000000000084e-02
-3.555909999999999904e-01
-8.494869999999999921e-01
-2.000000000000000000e+00
-1.997192000000000078e+00
-1.277039000000000035e+00
-1.053344999999999976e+00
-4.962159999999999904e-01
-1.241211000000000064e+00
-1.142700000000000049e+00
-1.076294000000000084e+00
-1.069946000000000064e+00
-1.064697000000000005e+00
-1.085144000000000108e+00
-1.105347000000000079e+00
-1.147216999999999931e+00
-1.348206000000000016e+00
-1.602660999999999891e+00
-1.896973000000000020e+00
-2.000000000000000000e+00
-2.000000000000000000e+00
-1.041747999999999896e+00
1.062010000000000037e-01
-1.823730000000000073e-01
-8.305050000000000487e-01
-1.861145000000000049e+00
-2.000000000000000000e+00
-1.985228999999999910e+00
-1.681762999999999897e+00
-1.023071000000000064e+00
-7.928469999999999684e-01
-2.788700000000000068e-01
-1.112244000000000010e+00
-1.070800999999999892e+00
-1.081420999999999966e+00
-1.079407000000000005e+00
-1.078734999999999999e+00
-1.100951999999999931e+00
-1.132019000000000108e+00
-1.250183000000000044e+00
-1.504394999999999927e+00
-1.807312000000000030e+00
-2.000000000000000000e+00
-2.000000000000000000e+00
-1.542113999999999985e+00
8.862299999999999345e-02
-2.984620000000000051e-01
-8.468020000000000547e-01
-1.723449999999999926e+00
-2.000000000000000000e+00
-2.000000000000000000e+00
-1.473937999999999970e+00
-8.481450000000000378e-01
-8.002320000000000544e-01
-2.318729999999999958e-01
-1.073120000000000074e+00
-1.170287999999999995e+00
-1.083922999999999970e+00
-1.089110999999999940e+00
-1.086913999999999936e+00
-1.086548000000000069e+00
-1.121032999999999946e+00
-1.191650000000000098e+00
-1.451842999999999995e+00
-1.601990000000000025e+00
-1.915221999999999980e+00
-2.000000000000000000e+00
-1.992798000000000069e+00
-6.160280000000000200e-01
1.004030000000000061e-01
-4.215090000000000225e-01
-1.186828999999999912e+00
-1.963500999999999941e+00
-2.000000000000000000e+00
-1.980652000000000079e+00
-1.413634999999999975e+00
-9.058840000000000225e-01
-7.418820000000000414e-01
-2.461550000000000127e-01
-1.109558000000000044e+00
-1.155883999999999912e+00
-1.079773000000000094e+00
-1.086120999999999892e+00
-1.082702999999999971e+00
-1.079955999999999916e+00
-1.087523999999999935e+00
-1.107726999999999906e+00
-1.163269000000000108e+00
-1.475403000000000020e+00
-1.940369000000000010e+00
-2.000000000000000000e+00
-1.986205999999999916e+00
-4.784550000000000192e-01
-5.902099999999999708e-02
-5.368039999999999479e-01
-1.323058999999999985e+00
-2.000000000000000000e+00
-2.000000000000000000e+00
-1.877013999999999960e+00
-1.111510999999999916e+00
-9.659419999999999673e-01
-3.468629999999999769e-01
-6.427610000000000268e-01
-1.179259999999999975e+00
-1.107299999999999951e+00
-1.087340999999999891e+00
-1.089232999999999896e+00
-1.085388000000000019e+00
-1.091614000000000084e+00
-1.091247999999999996e+00
-1.095825000000000049e+00
-1.159240999999999966e+00
-1.404236000000000040e+00
-1.686890000000000001e+00
-2.000000000000000000e+00
-1.974487000000000103e+00
-1.556399999999999971e-02
3.649899999999999672e-02
-6.749270000000000547e-01
-1.491638000000000019e+00
-2.000000000000000000e+00
-2.000000000000000000e+00
-1.877563000000000093e+00
-1.256714000000000109e+00
-9.519649999999999501e-01
-3.179930000000000256e-01
-6.397709999999999786e-01
-1.250853999999999910e+00
-1.099792000000000103e+00
-1.082824999999999926e+00
-1.086608999999999936e+00
-1.081177000000000055e+00
-1.095520000000000049e+00
-1.092406999999999906e+00
-1.107299999999999951e+00
-1.189758000000000093e+00
-1.480529999999999902e+00
-1.692382999999999971e+00
-1.996582000000000079e+00
-2.000000000000000000e+00
-1.966247999999999996e+00
-2.643429999999999946e-01
-6.326289999999999969e-01
-1.402770999999999990e+00
-2.000000000000000000e+00
-2.000000000000000000e+00
-1.916198999999999986e+00
-1.220337000000000005e+00
-8.325810000000000155e-01
-4.000850000000000239e-01
-6.809079999999999577e-01
-1.145996000000000015e+00
-1.099059999999999926e+00
-1.087280000000000024e+00
-1.084229000000000109e+00
-1.080810999999999966e+00
-1.094116000000000088e+00
-1.103210000000000024e+00
-1.142578000000000094e+00
-1.340392999999999946e+00
-1.611815999999999915e+00
-1.879639000000000060e+00
-2.000000000000000000e+00
-2.000000000000000000e+00
-1.304381999999999930e+00
-1.580799999999999914e-02
-2.878419999999999868e-01
-1.729675000000000074e+00
-2.000000000000000000e+00
-2.000000000000000000e+00
-1.679626000000000063e+00
-1.215209999999999901e+00
-7.386470000000000535e-01
-2.308350000000000124e-01
-1.207947000000000104e+00
-1.148620999999999892e+00
-1.071228000000000069e+00
-1.081725999999999965e+00
-1.077147999999999994e+00
-1.085388000000000019e+00
-1.091431000000000040e+00
-1.117126000000000063e+00
-1.164855999999999892e+00
-1.419311999999999907e+00
-1.687378000000000045e+00
-1.972534000000000010e+00
-2.000000000000000000e+00
-1.996582000000000079e+00
-8.934330000000000327e-01
-3.016360000000000152e-01
-9.722290000000000099e-01
-1.877563000000000093e+00
-2.000000000000000000e+00
-1.991576999999999931e+00
-8.856199999999999628e-01
-5.938109999999999777e-01
-3.436279999999999890e-01
-1.149718999999999935e+00
-1.130066000000000015e+00
-1.078613000000000044e+00
-1.087340999999999891e+00
-1.076964999999999950e+00
-1.078856999999999955e+00
-1.092467999999999995e+00
-1.105590999999999990e+00
-1.151245000000000074e+00
-1.436034999999999950e+00
-1.683532999999999946e+00
-1.949524000000000035e+00
-2.000000000000000000e+00
-1.996704000000000034e+00
-3.962399999999999811e-01
-1.477050000000000030e-01
-6.613769999999999927e-01
-1.280640000000000001e+00
-2.000000000000000000e+00
-2.000000000000000000e+00
-1.893737999999999921e+00
-1.279906999999999906e+00
-3.239139999999999797e-01
-2.698969999999999980e-01
-1.223754999999999926e+00
-1.140320000000000000e+00
-1.076964999999999950e+00
-1.077698000000000045e+00
-1.077820000000000000e+00
-1.084656000000000065e+00
-1.101990000000000025e+00
-1.141968000000000094e+00
-1.322632000000000030e+00
-1.540588000000000068e+00
-1.803223000000000020e+00
-2.000000000000000000e+00
-2.000000000000000000e+00
-1.389159999999999950e+00
1.757799999999999987e-02
-3.033449999999999758e-01
-6.925050000000000372e-01
-1.521422999999999970e+00
-2.000000000000000000e+00
-2.000000000000000000e+00
-1.804443000000000019e+00
-1.252502000000000004e+00
-8.556519999999999682e-01
-9.869400000000000395e-02
-8.159180000000000321e-01
-1.192139000000000060e+00
-1.087523999999999935e+00
-1.086608999999999936e+00
-1.071838000000000068e+00
-1.080932999999999922e+00
-1.090454000000000034e+00
-1.132751000000000063e+00
-1.289123999999999937e+00
-1.476074000000000108e+00
-1.693969999999999976e+00
-2.000000000000000000e+00
-2.000000000000000000e+00
-1.859741000000000088e+00
1.754149999999999876e-01
-1.556400000000000006e-01
-6.333619999999999806e-01
-1.478698999999999986e+00
-2.000000000000000000e+00
-2.000000000000000000e+00
-1.917175000000000074e+00
-1.335083000000000020e+00
-8.956910000000000149e-01
-2.297359999999999958e-01
-6.531979999999999453e-01
-1.248474000000000084e+00
-1.113402999999999921e+00
-1.083617999999999970e+00
-1.078246999999999955e+00
-1.072632000000000030e+00
-1.099182000000000103e+00
-1.125426999999999955e+00
-1.331115999999999966e+00
-1.524413999999999936e+00
-1.739379999999999926e+00
-2.000000000000000000e+00
-2.000000000000000000e+00
-1.569274999999999975e+00
1.657099999999999962e-01
-2.297359999999999958e-01
-7.533570000000000544e-01
-1.530456999999999956e+00
-2.000000000000000000e+00
-2.000000000000000000e+00
-1.874146000000000090e+00
-1.209778000000000020e+00
-7.834470000000000045e-01
-3.142090000000000161e-01
-8.197630000000000194e-01
-1.180846999999999980e+00
-1.096313000000000093e+00
-1.083801000000000014e+00
-1.085938000000000070e+00
-1.092467999999999995e+00
-1.099364999999999926e+00
-1.105285999999999991e+00
-1.165100000000000025e+00
-1.509827000000000030e+00
-1.756591999999999931e+00
-1.994323999999999986e+00
-2.000000000000000000e+00
-1.981872999999999996e+00
7.049600000000000311e-02
-1.511230000000000073e-01
-6.499629999999999574e-01
-1.348327999999999971e+00
-2.000000000000000000e+00
-2.000000000000000000e+00
-1.861877000000000004e+00
-1.391968000000000094e+00
-9.495850000000000124e-01
-2.723999999999999755e-01
-6.275020000000000042e-01
-1.214477999999999946e+00
-1.097960999999999965e+00
-1.082214000000000009e+00
-1.084899999999999975e+00
-1.081909000000000010e+00
-1.080565999999999915e+00
-1.094176999999999955e+00
-1.116881999999999930e+00
-1.224304000000000059e+00
-1.549927000000000055e+00
-2.000000000000000000e+00
-2.000000000000000000e+00
-1.439025999999999916e+00
1.751099999999999879e-01
-3.478390000000000093e-01
-7.627559999999999896e-01
-1.578125000000000000e+00
-2.000000000000000000e+00
-2.000000000000000000e+00
-1.792724999999999902e+00
-9.957890000000000352e-01
-8.297729999999999828e-01
-1.995850000000000124e-01
-8.856199999999999628e-01
-1.216064000000000034e+00
-1.083679000000000059e+00
-1.077881000000000089e+00
-1.087707999999999897e+00
-1.089355000000000073e+00
-1.089417000000000080e+00
-1.105042000000000080e+00
-1.223572000000000104e+00
-1.507079999999999975e+00
-1.831299000000000010e+00
-2.000000000000000000e+00
-1.860168000000000044e+00
8.435099999999999543e-02
-1.830440000000000123e-01
-8.225099999999999634e-01
-1.606689000000000034e+00
-2.000000000000000000e+00
-2.000000000000000000e+00
-1.549927000000000055e+00
-8.421020000000000172e-01
-6.271970000000000045e-01
-4.295039999999999969e-01
-1.150145999999999891e+00
-1.146484000000000059e+00
-1.087707999999999897e+00
-1.086425999999999892e+00
-1.082886000000000015e+00
-1.085144000000000108e+00
-1.098082999999999920e+00
-1.110778999999999961e+00
-1.162659000000000109e+00
-1.408447000000000005e+00
-1.547423999999999911e+00
-2.000000000000000000e+00
-1.993957999999999897e+00
-7.650150000000000006e-01
6.268300000000000261e-02
-4.278560000000000141e-01
-1.946105999999999892e+00
-2.000000000000000000e+00
-1.989684999999999926e+00
-1.514586999999999906e+00
-9.833370000000000166e-01
-5.097660000000000524e-01
-3.758540000000000214e-01
-1.126648000000000094e+00
-1.132568000000000019e+00
-1.073914000000000035e+00
-1.091431000000000040e+00
-1.088073999999999986e+00
-1.085631999999999930e+00
-1.093140000000000001e+00
-1.115906000000000065e+00
-1.214844000000000035e+00
-1.503905999999999965e+00
-1.611450000000000049e+00
-1.957030999999999965e+00
-2.000000000000000000e+00
-1.993835000000000024e+00
-3.431400000000000006e-01
-1.992800000000000127e-01
-7.179569999999999563e-01
-1.370360999999999940e+00
-2.000000000000000000e+00
-1.919311999999999907e+00
-1.390625000000000000e+00
-8.489989999999999482e-01
-6.225599999999999884e-02
-8.349609999999999532e-01
-1.208434999999999926e+00
-1.085083000000000020e+00
-1.082457999999999920e+00
-1.087645999999999891e+00
-1.081787000000000054e+00
-1.095153999999999961e+00
-1.107604999999999951e+00
-1.161072000000000104e+00
-1.401672000000000029e+00
-1.569763000000000019e+00
-1.881896999999999931e+00
-2.000000000000000000e+00
-2.000000000000000000e+00
-9.110110000000000152e-01
7.525600000000000345e-02
-4.646000000000000130e-01
-9.320680000000000076e-01
-1.667907999999999946e+00
-2.000000000000000000e+00
-2.000000000000000000e+00
-1.569031000000000065e+00
-9.008180000000000076e-01
-6.687619999999999676e-01
-1.198792000000000080e+00
-1.099364999999999926e+00
-1.076964999999999950e+00
-1.096924000000000010e+00
-1.081055000000000099e+00
-1.086181999999999981e+00
-1.098999000000000059e+00
-1.122374999999999901e+00
-1.234496999999999955e+00
-1.525268999999999986e+00
-1.698607999999999896e+00
-2.000000000000000000e+00
-2.000000000000000000e+00
-1.994750999999999941e+00
-1.732180000000000109e-01
-3.436279999999999890e-01
-7.097780000000000200e-01
-1.576049999999999951e+00
-2.000000000000000000e+00
-2.000000000000000000e+00
-1.678589000000000109e+00
-7.525629999999999820e-01
-7.163089999999999735e-01
-2.153319999999999956e-01
-1.111450000000000049e+00
-1.152344000000000035e+00
-1.070618000000000070e+00
-1.080505000000000049e+00
-1.087340999999999891e+00
-1.099059999999999926e+00
-1.116271999999999931e+00
-1.241638000000000019e+00
-1.592772999999999994e+00
-1.776917000000000080e+00
-2.000000000000000000e+00
-2.000000000000000000e+00
-1.611572000000000005e+00
2.435299999999999965e-02
-3.027949999999999808e-01
-8.554690000000000349e-01
-1.841124999999999901e+00
-2.000000000000000000e+00
-1.991089000000000109e+00
-1.558043999999999984e+00
-8.964839999999999476e-01
-6.251830000000000442e-01
-1.914059999999999928e-01
-1.149840999999999891e+00
-1.142700000000000049e+00
-1.071960000000000024e+00
-1.091309000000000085e+00
-1.084656000000000065e+00
-1.097350999999999965e+00
-1.154541000000000039e+00
-1.387207000000000079e+00
-1.724792000000000103e+00
-1.999022999999999994e+00
-2.000000000000000000e+00
-1.868408000000000069e+00
-1.173710000000000031e-01
-4.370099999999999679e-02
-4.711910000000000265e-01
-1.316832999999999920e+00
-2.000000000000000000e+00
-2.000000000000000000e+00
-1.907898000000000094e+00
-1.377013999999999960e+00
-1.093566999999999956e+00
-1.725460000000000049e-01
-9.247440000000000104e-01
-1.188660000000000050e+00
-1.075072999999999945e+00
-1.088622999999999896e+00
-1.093261999999999956e+00
-1.072265999999999941e+00
-1.086120999999999892e+00
-1.115051000000000014e+00
-1.163024999999999975e+00
-1.377318999999999960e+00
-1.604065000000000074e+00
-2.000000000000000000e+00
-1.994872999999999896e+00
-1.088135000000000074e+00
1.116940000000000016e-01
-3.797610000000000152e-01
-1.140441999999999956e+00
-1.991821000000000064e+00
-2.000000000000000000e+00
-1.979308999999999985e+00
-1.380981000000000014e+00
-9.836430000000000451e-01
-5.020139999999999603e-01
-4.242549999999999932e-01
-1.189270000000000049e+00
-1.127502000000000004e+00
-1.080078000000000094e+00
-1.083679000000000059e+00
-1.081115999999999966e+00
-1.084778000000000020e+00
-1.101501000000000063e+00
-1.149413999999999936e+00
-1.333922999999999970e+00
-1.487000000000000099e+00
-1.769409000000000010e+00
-2.000000000000000000e+00
-1.618713000000000068e+00
2.069100000000000106e-02
-1.683350000000000124e-01
-7.313840000000000341e-01
-1.685424999999999951e+00
-2.000000000000000000e+00
-2.000000000000000000e+00
-1.543334999999999901e+00
-8.717040000000000344e-01
-5.208129999999999704e-01
-4.874879999999999769e-01
-1.217589999999999950e+00
-1.105102999999999946e+00
-1.068114999999999926e+00
-1.091186999999999907e+00
-1.071960000000000024e+00
-1.079285000000000050e+00
-1.096924000000000010e+00
-1.105529999999999902e+00
-1.178833000000000020e+00
-1.558959999999999901e+00
-1.767212000000000005e+00
-2.000000000000000000e+00
-1.868957999999999897e+00
1.376950000000000118e-01
-2.130130000000000079e-01
-6.748049999999999882e-01
-2.000000000000000000e+00
-2.000000000000000000e+00
-1.756958000000000020e+00
-1.170836999999999906e+00
-7.428590000000000471e-01
-7.171600000000000197e-02
-9.932860000000000023e-01
-1.185851999999999906e+00
-1.080994000000000010e+00
-1.086548000000000069e+00
-1.085631999999999930e+00
-1.077026000000000039e+00
-1.096985000000000099e+00
-1.127930000000000099e+00
-1.210266000000000064e+00
-1.498474000000000084e+00
-1.628784000000000010e+00
-1.942504999999999926e+00
-2.000000000000000000e+00
-1.995849999999999902e+00
-6.622919999999999918e-01
-2.330929999999999946e-01
-5.749509999999999899e-01
-1.269287000000000054e+00
-2.000000000000000000e+00
-1.927307000000000103e+00
-1.325377999999999945e+00
-8.598630000000000440e-01
-4.144300000000000067e-02
-6.701660000000000394e-01
-1.205994000000000010e+00
-1.104857999999999896e+00
-1.085204999999999975e+00
-1.086975000000000025e+00
-1.081360000000000099e+00
-1.087463000000000068e+00
-1.097107000000000054e+00
-1.125793000000000044e+00
-1.217834000000000083e+00
-1.495177999999999896e+00
-1.771484000000000059e+00
-2.000000000000000000e+00
-2.000000000000000000e+00
-1.777649000000000035e+00
2.294900000000000065e-02
-2.042849999999999944e-01
-8.680419999999999803e-01
-1.777039000000000035e+00
-2.000000000000000000e+00
-1.995910999999999991e+00
-1.728942999999999897e+00
-1.050964000000000009e+00
-8.489989999999999482e-01
-8.824459999999999527e-01
-1.197510000000000074e+00
-1.086730999999999892e+00
-1.096862999999999921e+00
-1.091369999999999951e+00
-1.074524000000000035e+00
-1.090514999999999901e+00
-1.104247999999999896e+00
-1.167297000000000029e+00
-1.413329999999999975e+00
-1.541198999999999986e+00
-1.779784999999999950e+00
-2.000000000000000000e+00
-2.000000000000000000e+00
-1.429443000000000019e+00
1.021119999999999944e-01
-3.851319999999999744e-01
-8.969730000000000203e-01
-1.838500999999999941e+00
-2.000000000000000000e+00
-1.990539999999999976e+00
-1.585144000000000108e+00
-9.798580000000000068e-01
-6.342769999999999797e-01
-4.049679999999999946e-01
-1.025512999999999897e+00
-1.130249000000000059e+00
-1.090575999999999990e+00
-1.082030999999999965e+00
-1.079468000000000094e+00
-1.095458999999999961e+00
-1.130309999999999926e+00
-1.232849000000000084e+00
-1.640320000000000000e+00
-1.908568999999999960e+00
-2.000000000000000000e+00
-1.988647000000000054e+00
-1.104613999999999985e+00
-6.518599999999999395e-02
-4.501339999999999786e-01
-9.871830000000000327e-01
-1.832642000000000104e+00
-2.000000000000000000e+00
-1.993590999999999891e+00
-1.362732000000000054e+00
-9.622800000000000242e-01
-3.775020000000000042e-01
-4.353029999999999955e-01
-1.160217000000000054e+00
-1.129577999999999971e+00
-1.090637000000000079e+00
-1.092834000000000083e+00
-1.080322000000000005e+00
-1.092772999999999994e+00
-1.128235000000000099e+00
-1.202698000000000045e+00
-1.440430000000000099e+00
-1.655945000000000000e+00
-1.994567999999999897e+00
-2.000000000000000000e+00
-1.959411999999999932e+00
-1.710820000000000118e-01
-2.228999999999999870e-01
-5.472409999999999775e-01
-1.231811999999999907e+00
-2.000000000000000000e+00
-2.000000000000000000e+00
-1.957886000000000015e+00
-1.271789999999999976e+00
-9.663699999999999513e-01
-1.336060000000000025e-01
-6.156009999999999538e-01
-1.199767999999999946e+00
-1.105224999999999902e+00
-1.082214000000000009e+00
-1.082581000000000016e+00
-1.077453999999999912e+00
-1.087585000000000024e+00
-1.103332999999999897e+00
-1.140625000000000000e+00
-1.585631999999999930e+00
-1.796936000000000089e+00
-2.000000000000000000e+00
-2.000000000000000000e+00
-1.450194999999999901e+00
-9.497099999999999986e-02
-4.171750000000000180e-01
-1.092529000000000083e+00
-1.908385999999999916e+00
-2.000000000000000000e+00
-1.991089000000000109e+00
-1.667664000000000035e+00
-9.276729999999999698e-01
-4.187009999999999899e-01
-6.133999999999999869e-02
-1.221862999999999921e+00
-1.147156000000000065e+00
-1.071105999999999892e+00
-1.085204999999999975e+00
-1.074584999999999901e+00
-1.076476999999999906e+00
-1.075806000000000040e+00
-1.061401000000000039e+00
-1.074219000000000035e+00
-1.148620999999999892e+00
-1.673340000000000050e+00
-1.961486999999999981e+00
-2.000000000000000000e+00
-1.958679000000000059e+00
-1.398009999999999975e+00
2.669679999999999831e-01
-2.118530000000000135e-01
-5.146479999999999944e-01
-1.466247999999999996e+00
-2.000000000000000000e+00
-2.000000000000000000e+00
-1.846924000000000010e+00
-1.044799999999999951e+00
-3.202510000000000079e-01
-1.636350000000000027e-01
-1.001587000000000005e+00
-1.116699000000000108e+00
-1.065002000000000004e+00
-1.094543000000000044e+00
-1.097777999999999921e+00
-1.090819999999999901e+00
-1.094238000000000044e+00
-1.072815000000000074e+00
-1.071593999999999935e+00
-1.079285000000000050e+00
-1.086730999999999892e+00
-1.078734999999999999e+00
-1.083007999999999971e+00
-1.081665000000000099e+00
-1.072997999999999896e+00
-1.080688000000000093e+00
-1.085998999999999937e+00
-1.075255999999999990e+00
-1.080443999999999960e+00
-1.078368999999999911e+00
-1.110900999999999916e+00
-1.296936000000000089e+00
-1.299315999999999915e+00
-1.263061999999999907e+00
-1.360778999999999961e+00
-1.645812999999999970e+00
-2.000000000000000000e+00
-1.783080999999999916e+00
-4.138789999999999969e-01
-6.744400000000000395e-02
-6.511839999999999851e-01
-1.158568999999999960e+00
-1.907715000000000050e+00
-1.465697999999999945e+00
-6.464229999999999698e-01
-1.080932999999999922e+00
-1.024413999999999936e+00
-1.124206999999999956e+00
-1.078186000000000089e+00
-1.083252000000000104e+00
-1.092529000000000083e+00
-1.088622999999999896e+00
-1.098206000000000016e+00
-1.097655999999999965e+00
-1.084473000000000020e+00
-1.083862000000000103e+00
-1.085326999999999931e+00
-1.094421000000000088e+00
-1.090332000000000079e+00
-1.089599999999999902e+00
-1.085326999999999931e+00
-1.084411999999999932e+00
-1.082397000000000054e+00
-1.085998999999999937e+00
-1.090697999999999945e+00
-1.103515999999999941e+00
-1.108765000000000001e+00
-1.225769000000000108e+00
-1.581542999999999921e+00
-1.781616000000000088e+00
-1.956055000000000099e+00
-2.000000000000000000e+00
-1.671021000000000090e+00
2.062999999999999903e-02
-5.593259999999999899e-01
-1.112670999999999966e+00
-1.654479999999999951e+00
-2.000000000000000000e+00
-2.000000000000000000e+00
-1.634093999999999935e+00
-1.062866000000000088e+00
-9.253540000000000099e-01
-9.110110000000000152e-01
-5.151369999999999560e-01
-1.023254000000000108e+00
-1.153624999999999901e+00
-1.086913999999999936e+00
-1.089782999999999946e+00
-1.083922999999999970e+00
-1.079955999999999916e+00
-1.086243000000000070e+00
-1.086425999999999892e+00
-1.095093000000000094e+00
-1.121642999999999946e+00
-1.188415999999999917e+00
-1.509765999999999941e+00
-1.889771000000000090e+00
-2.000000000000000000e+00
-1.995482999999999896e+00
-1.602416999999999980e+00
1.517940000000000123e-01
-3.963619999999999921e-01
-1.656066999999999956e+00
-2.000000000000000000e+00
-2.000000000000000000e+00
-1.561339999999999950e+00
-9.934690000000000465e-01
-9.481810000000000516e-01
-4.979250000000000065e-01
-9.460450000000000248e-01
-1.149780000000000024e+00
-1.096740999999999966e+00
-1.096252000000000004e+00
-1.100341999999999931e+00
-1.090209999999999901e+00
-1.087096999999999980e+00
-1.100341999999999931e+00
-1.102173000000000069e+00
-1.125305000000000000e+00
-1.253845000000000098e+00
-1.493468999999999935e+00
-1.757324000000000108e+00
-2.000000000000000000e+00
-2.000000000000000000e+00
-1.929016000000000064e+00
-1.232909999999999978e-01
-1.338499999999999968e-01
-1.301025000000000098e+00
-2.000000000000000000e+00
-2.000000000000000000e+00
-1.915710000000000024e+00
-1.103088000000000068e+00
-1.039916999999999980e+00
-3.396609999999999907e-01
-1.113952999999999971e+00
-1.134765999999999941e+00
-1.081177000000000055e+00
-1.108886999999999956e+00
-1.084044999999999925e+00
-1.064880000000000049e+00
-1.077393000000000045e+00
-1.098694000000000059e+00
-1.080932999999999922e+00
-1.080810999999999966e+00
-1.097655999999999965e+00
-1.113952999999999971e+00
-1.219238000000000044e+00
-1.688660000000000050e+00
-1.794127999999999945e+00
-1.990356000000000014e+00
-1.990294999999999925e+00
-1.383118000000000070e+00
8.715799999999999936e-02
-4.152219999999999800e-01
-8.468020000000000547e-01
-2.000000000000000000e+00
-2.000000000000000000e+00
-1.571960000000000024e+00
-8.806150000000000366e-01
-1.196410999999999891e+00
-1.010802999999999896e+00
-6.720580000000000442e-01
-9.731450000000000378e-01
-1.102416999999999980e+00
-1.092346000000000039e+00
-1.093871999999999955e+00
-1.091309000000000085e+00
-1.084778000000000020e+00
-1.072997999999999896e+00
-1.066589000000000009e+00
-1.082275000000000098e+00
-1.078551999999999955e+00
-1.074584999999999901e+00
-1.083801000000000014e+00
-1.098816000000000015e+00
-1.107177999999999995e+00
-1.137207000000000079e+00
-1.219481999999999955e+00
-1.355285999999999991e+00
-1.704955999999999916e+00
-2.000000000000000000e+00
-1.787047999999999970e+00
9.705000000000000085e-03
-1.106570000000000054e-01
-7.176510000000000389e-01
-1.191222999999999921e+00
-1.767700000000000049e+00
-2.000000000000000000e+00
-1.987610000000000099e+00
-1.738647000000000054e+00
-1.128722999999999921e+00
-1.163756999999999930e+00
-7.478029999999999955e-01
-8.609620000000000051e-01
-1.085449000000000108e+00
-1.089355000000000073e+00
-1.074584999999999901e+00
-1.096068999999999960e+00
-1.102416999999999980e+00
-1.083374000000000059e+00
-1.085631999999999930e+00
-1.089293999999999984e+00
-1.107909999999999950e+00
-1.281066999999999956e+00
-1.502747000000000055e+00
-1.780883999999999912e+00
-2.000000000000000000e+00
-1.712158000000000069e+00
2.302250000000000130e-01
-2.457280000000000020e-01
-5.543209999999999527e-01
-1.278747999999999996e+00
-1.795409999999999950e+00
-1.948730000000000073e+00
-1.974304000000000059e+00
-1.243041999999999980e+00
-1.014831999999999956e+00
-9.362789999999999724e-01
-1.309569999999999901e+00
-9.561159999999999659e-01
-5.942380000000000440e-01
-1.070006999999999930e+00
-1.159912000000000054e+00
-1.076294000000000084e+00
-1.097839000000000009e+00
-1.108276000000000039e+00
-1.096985000000000099e+00
-1.087218999999999935e+00
-1.075012000000000079e+00
-1.072448999999999986e+00
-1.075317000000000078e+00
-1.071776999999999980e+00
-1.092651000000000039e+00
-1.079528999999999961e+00
-1.074767999999999946e+00
-1.067504999999999926e+00
-1.063965000000000050e+00
-1.083069000000000059e+00
-1.076599000000000084e+00
-1.075866999999999907e+00
-1.077271000000000090e+00
-1.076049999999999951e+00
-1.079345999999999917e+00
-1.075317000000000078e+00
-1.074889999999999901e+00
-1.076111000000000040e+00
-1.078430000000000000e+00
-1.072387999999999897e+00
-1.068848000000000020e+00
-1.072510000000000074e+00
-1.076721000000000039e+00
-1.076781999999999906e+00
-1.073914000000000035e+00
-1.073792000000000080e+00
-1.073730000000000073e+00
-1.078918000000000044e+00
-1.080017000000000005e+00
-1.063965000000000050e+00
-1.063538000000000094e+00
-1.068726000000000065e+00
-1.067566000000000015e+00
-1.058777000000000079e+00
-1.063538000000000094e+00
-1.073180999999999941e+00
-1.076781999999999906e+00
-1.081055000000000099e+00
-1.082030999999999965e+00
-1.081115999999999966e+00
-1.075927999999999995e+00
-1.066710999999999965e+00
-1.069214000000000109e+00
-1.068114999999999926e+00
-1.063477000000000006e+00
-1.063720999999999917e+00
-1.059082000000000079e+00
-1.062561000000000089e+00
-1.074097000000000079e+00
-1.075377999999999945e+00
-1.080078000000000094e+00
-1.080322000000000005e+00
-1.083496000000000015e+00
-1.082702999999999971e+00
-1.075684000000000085e+00
-1.095803000000000083e+00
-1.090140099999999945e+00
-1.093814800000000087e+00
-1.087568499999999938e+00
-1.093990299999999971e+00
-1.088460800000000006e+00
-1.092462000000000044e+00
-1.088640000000000052e+00
-1.090290999999999899e+00
-1.089426000000000005e+00
-1.090846999999999900e+00
-1.090565800000000030e+00
-1.090125699999999975e+00
-1.089687999999999990e+00
-1.089717700000000011e+00
-1.089473399999999925e+00
-1.089606400000000086e+00
-1.090007900000000030e+00
-1.090390900000000052e+00
-1.090633100000000022e+00
-1.090398100000000037e+00
-1.090598200000000073e+00
-1.090724500000000097e+00
-1.090777899999999967e+00
-1.090622800000000003e+00
-1.090742000000000100e+00
-1.090988400000000080e+00
-1.091039400000000104e+00
-1.090995699999999902e+00
-1.091137199999999918e+00
-1.091860400000000064e+00
-1.092209900000000067e+00
-1.092259700000000056e+00
-1.091937500000000005e+00
-1.091498400000000091e+00
-1.090822200000000075e+00
-1.090994599999999926e+00
-1.090925300000000098e+00
-1.091124900000000064e+00
-1.090614600000000101e+00
-1.090375600000000000e+00
-1.091650299999999962e+00
-1.091121199999999902e+00
-1.090477200000000035e+00
-1.089147700000000052e+00
-1.088966700000000065e+00
-1.089234100000000094e+00
-1.089331000000000049e+00
-1.090278300000000034e+00
-1.090777899999999967e+00
-1.090451099999999895e+00
-1.090163500000000063e+00
-1.090315900000000005e+00
-1.090270199999999967e+00
-1.090233999999999925e+00
-1.090313400000000099e+00
-1.090539399999999937e+00
-1.090392400000000039e+00
-1.090042799999999978e+00
-1.090119499999999908e+00
-1.091106499999999979e+00
-1.092185100000000020e+00
-1.093562700000000110e+00
-1.094989800000000013e+00
-1.096009199999999906e+00
-1.096198000000000006e+00
-1.096795399999999976e+00
-1.097224900000000058e+00
-1.097669299999999959e+00
-1.097232900000000066e+00
-1.097157900000000019e+00
-1.097092299999999909e+00
-1.096437499999999954e+00
-1.096332599999999990e+00
-1.095083199999999923e+00
-1.091175500000000076e+00
-1.086802000000000046e+00
-1.083178600000000102e+00
-1.083928500000000072e+00
-1.086995399999999945e+00
-1.090028800000000020e+00
-1.091139999999999999e+00
-1.095596999999999932e+00
-1.102462700000000018e+00
-1.099313699999999949e+00
-1.085063799999999912e+00
-1.073401700000000014e+00
-1.072121600000000008e+00
-1.074194199999999988e+00
-1.073231499999999894e+00
-1.073563499999999893e+00
-1.074628099999999975e+00
-1.074994999999999923e+00
-1.076403999999999916e+00
-1.077526399999999995e+00
-1.082710700000000026e+00
-1.085501599999999955e+00
-1.083903199999999956e+00
-1.076233800000000018e+00
-1.074086000000000096e+00
-1.089933199999999935e+00
-1.191319500000000087e+00
-1.376813800000000088e+00
-1.585938000000000070e+00
-1.787803599999999937e+00
-1.919780299999999995e+00
-1.763050500000000076e+00
-1.009440200000000010e+00
-3.949927599999999983e-01
-2.770927599999999935e-01
-7.671298100000000231e-01
-1.340569099999999958e+00
-1.688304199999999922e+00
-1.896706199999999898e+00
-1.654114800000000107e+00
-1.345976499999999909e+00
-9.821689099999999506e-01
-8.412869699999999673e-01
-9.078853999999999536e-01
-1.015520100000000037e+00
-1.137334499999999915e+00
-1.080123699999999909e+00
-1.093830099999999916e+00
-1.096154000000000073e+00
-1.141880599999999912e+00
-1.289118200000000103e+00
-1.475421499999999941e+00
-1.780860000000000110e+00
-1.800190399999999968e+00
-1.206391500000000061e+00
-7.940235100000000434e-01
-7.580497400000000274e-01
-1.457907199999999959e+00
-1.829849599999999965e+00
-1.981975899999999902e+00
-1.711686199999999936e+00
-1.345817100000000099e+00
-1.065031000000000061e+00
-9.371778400000000397e-01
-9.566779899999999781e-01
-9.672739700000000385e-01
-1.058825899999999987e+00
-1.101664999999999894e+00
-1.091110100000000083e+00
-1.091759700000000111e+00
-1.093973499999999932e+00
-1.099995899999999915e+00
-1.097903700000000038e+00
-1.111808200000000024e+00
-1.135806199999999988e+00
-1.221747899999999998e+00
-1.311978700000000053e+00
-1.517486799999999914e+00
-1.724232900000000068e+00
-1.949067200000000000e+00
-1.841762200000000016e+00
-1.147116999999999942e+00
-4.672948699999999733e-01
-2.165065300000000026e-01
-7.135515199999999947e-01
-1.358098900000000109e+00
-1.780058499999999988e+00
-1.984758500000000092e+00
-1.853803199999999984e+00
-1.544181500000000096e+00
-1.286494800000000049e+00
-1.034310899999999922e+00
-8.196573700000000517e-01
-7.804959700000000389e-01
-8.917186999999999752e-01
-1.117060200000000059e+00
-1.119868199999999980e+00
-1.093333499999999958e+00
-1.090147900000000059e+00
-1.081456200000000090e+00
-1.087150800000000084e+00
-1.098920300000000072e+00
-1.158616000000000090e+00
-1.271644100000000055e+00
-1.403728800000000110e+00
-1.659631899999999938e+00
-1.796321899999999916e+00
-2.055042700000000000e+00
-1.631880100000000056e+00
-9.448149200000000025e-01
-5.301270000000000149e-01
-7.728629700000000380e-01
-1.546426499999999926e+00
-1.839730700000000052e+00
-2.018734400000000040e+00
-1.835717299999999996e+00
-1.520764100000000063e+00
-1.238934999999999897e+00
-1.011489300000000036e+00
-8.230997899999999978e-01
-7.772044200000000069e-01
-8.683647799999999473e-01
-1.097863599999999940e+00
-1.116776500000000061e+00
-1.096507499999999968e+00
-1.088431900000000008e+00
-1.085587899999999939e+00
-1.083884000000000070e+00
-1.086843999999999921e+00
-1.100275200000000009e+00
-1.112013300000000093e+00
-1.152395199999999953e+00
-1.259852399999999983e+00
-1.486648100000000028e+00
-1.758814199999999994e+00
-1.929586699999999988e+00
-1.922899899999999995e+00
-1.300897100000000028e+00
-6.068612799999999474e-01
-2.080149299999999868e-01
-4.780662500000000259e-01
-1.114039999999999919e+00
-1.601696599999999915e+00
-1.834404499999999993e+00
-1.633439599999999992e+00
-1.297729099999999969e+00
-9.611682599999999965e-01
-8.396318799999999971e-01
-8.785471500000000544e-01
-1.014089100000000077e+00
-1.110883400000000076e+00
-1.086454500000000101e+00
-1.093147099999999927e+00
-1.087438499999999975e+00
-1.093885900000000078e+00
-1.094112799999999996e+00
-1.092960600000000060e+00
-1.103979000000000044e+00
-1.166689199999999982e+00
-1.350070700000000068e+00
-1.632301199999999897e+00
-1.873045899999999930e+00
-1.993385600000000091e+00
-1.663881799999999966e+00
-9.435211000000000015e-01
-3.645653699999999997e-01
-2.695482200000000050e-01
-7.342182400000000220e-01
-1.284318400000000082e+00
-1.724943399999999905e+00
-1.911862100000000009e+00
-1.680664099999999994e+00
-1.393855899999999925e+00
-1.149493600000000004e+00
-1.139019800000000027e+00
-1.086662299999999970e+00
-1.028266300000000077e+00
-1.027537200000000039e+00
-1.038884300000000094e+00
-1.118816400000000044e+00
-1.081479199999999974e+00
-1.101610299999999931e+00
-1.094844699999999893e+00
-1.101820500000000091e+00
-1.093197100000000033e+00
-1.087668300000000032e+00
-1.083989499999999939e+00
-1.103647400000000056e+00
-1.262100400000000011e+00
-1.490621200000000091e+00
-1.736403399999999930e+00
-1.856994199999999928e+00
-1.868873100000000065e+00
-1.696119200000000049e+00
-8.125496199999999725e-01
-2.836665299999999723e-01
-1.091869899999999977e-01
-7.095345400000000469e-01
-1.118565699999999996e+00
-1.375464900000000101e+00
-1.610591799999999907e+00
-1.646598999999999924e+00
-1.428473000000000104e+00
-1.124314800000000059e+00
-1.065841400000000050e+00
-1.114144199999999918e+00
-1.111689099999999986e+00
-9.970980000000000398e-01
-9.981342899999999796e-01
-1.084762000000000004e+00
-1.102925200000000050e+00
-1.103120099999999937e+00
-1.089268200000000020e+00
-1.090016400000000107e+00
-1.092923799999999890e+00
-1.100451400000000080e+00
-1.094405000000000072e+00
-1.085613900000000021e+00
-1.081794200000000039e+00
-1.082322199999999901e+00
-1.080185600000000079e+00
-1.078440400000000077e+00
-1.083271300000000048e+00
-1.088634000000000102e+00
-1.090311599999999936e+00
-1.088976699999999909e+00
-1.085927800000000110e+00
-1.085536499999999904e+00
-1.086401799999999973e+00
-1.087370299999999901e+00
-1.087465200000000021e+00
-1.082086000000000103e+00
-1.079957599999999962e+00
-1.079273799999999950e+00
-1.076706600000000069e+00
-1.069161500000000098e+00
-1.064885499999999929e+00
-1.068859999999999921e+00
-1.073642100000000044e+00
-1.074247900000000033e+00
-1.075466199999999928e+00
-1.077088700000000010e+00
-1.074258799999999958e+00
-1.069347999999999965e+00
-1.068163299999999927e+00
-1.071701599999999921e+00
-1.074320500000000012e+00
-1.073315599999999925e+00
-1.071551499999999990e+00
-1.072253300000000076e+00
-1.074013099999999943e+00
-1.074924999999999908e+00
-1.074889100000000042e+00
-1.074383800000000111e+00
-1.073765099999999917e+00
-1.072263100000000025e+00
-1.070893199999999990e+00
-1.072314200000000106e+00
-1.071946199999999960e+00
-1.072831300000000043e+00
-1.071218999999999921e+00
-1.070472599999999996e+00
-1.068722900000000031e+00
-1.069029299999999960e+00
-1.071558299999999964e+00
-1.073184899999999997e+00
-1.072243000000000057e+00
-1.071025799999999917e+00
-1.073761200000000082e+00
-1.079546700000000081e+00
-1.082982399999999901e+00
-1.081455800000000078e+00
-1.078451100000000107e+00
-1.077174700000000040e+00
-1.076439900000000005e+00
-1.075229100000000049e+00
-1.075455599999999956e+00
-1.079000699999999924e+00
-1.083649499999999932e+00
-1.085620000000000029e+00
-1.085601700000000003e+00
-1.083001000000000102e+00
-1.081367399999999979e+00
-1.081918799999999958e+00
-1.082383199999999990e+00
-1.085818500000000020e+00
-1.090050299999999917e+00
-1.102465299999999981e+00
-1.105539999999999967e+00
-1.121318299999999990e+00
-1.178529500000000008e+00
-1.241025100000000103e+00
-1.302759999999999918e+00
-1.385153700000000043e+00
-1.482807999999999904e+00
-1.298567199999999922e+00
-1.107919899999999958e+00
-9.050826299999999991e-01
-8.590347499999999581e-01
-8.305940899999999516e-01
-9.276340600000000380e-01
-1.265595599999999932e+00
-1.636779599999999890e+00
-1.815408700000000097e+00
-1.732498799999999894e+00
-1.486690599999999973e+00
-1.248158700000000065e+00
-1.043596900000000050e+00
-9.488364099999999635e-01
-9.672770699999999611e-01
-1.051922699999999988e+00
-1.096559000000000061e+00
-1.082143099999999913e+00
-1.101748699999999914e+00
-1.101085799999999892e+00
-1.099666800000000055e+00
-1.091581200000000029e+00
-1.088410300000000053e+00
-1.095174700000000056e+00
-1.103112700000000057e+00
-1.117893800000000049e+00
-1.164433199999999946e+00
-1.237815300000000063e+00
-1.307609000000000021e+00
-1.425889399999999974e+00
-1.635620099999999910e+00
-1.852244900000000083e+00
-1.991859800000000069e+00
-1.580207799999999940e+00
-1.073221299999999934e+00
-7.457123300000000343e-01
-1.017682299999999929e+00
-1.507868699999999951e+00
-1.849046399999999979e+00
-1.832045900000000005e+00
-1.501759599999999972e+00
-1.102954800000000013e+00
-7.485991699999999804e-01
-6.736900599999999795e-01
-7.706802200000000269e-01
-9.886272499999999575e-01
-1.111202599999999929e+00
-1.086270300000000022e+00
-1.094057700000000022e+00
-1.090176800000000057e+00
-1.090092599999999967e+00
-1.091539500000000107e+00
-1.092410899999999963e+00
-1.115198300000000087e+00
-1.158736299999999941e+00
-1.367532799999999993e+00
-1.648432399999999909e+00
-1.912733999999999934e+00
-1.756106100000000003e+00
-9.835534200000000116e-01
-4.135422899999999791e-01
-3.129252499999999881e-01
-1.013749400000000023e+00
-1.570915099999999898e+00
-1.765808000000000044e+00
-1.591120799999999891e+00
-1.116067700000000107e+00
-8.568019100000000554e-01
-8.268729299999999505e-01
-1.009697999999999984e+00
-1.123075100000000104e+00
-1.098408899999999910e+00
-1.087582800000000072e+00
-1.084353499999999970e+00
-1.087064999999999948e+00
-1.088668600000000097e+00
-1.104028900000000091e+00
-1.109345599999999932e+00
-1.209793399999999908e+00
-1.351302999999999921e+00
-1.620377900000000038e+00
-1.807405499999999998e+00
-2.005105299999999868e+00
-1.792371399999999948e+00
-1.093697200000000036e+00
-4.919958199999999726e-01
-2.986198600000000147e-01
-8.220199099999999648e-01
-1.342653600000000003e+00
-1.796312099999999967e+00
-1.925276900000000069e+00
-1.683613999999999944e+00
-1.322752600000000056e+00
-8.691297000000000050e-01
-8.422178599999999848e-01
-8.811632999999999827e-01
-1.100447900000000034e+00
-1.101068600000000064e+00
-1.097252300000000069e+00
-1.092839300000000069e+00
-1.088506100000000032e+00
-1.094255800000000001e+00
-1.092768900000000043e+00
-1.107537699999999958e+00
-1.107079300000000099e+00
-1.303284899999999968e+00
-1.623277199999999976e+00
-1.878181499999999948e+00
-2.045815600000000067e+00
-1.484528700000000034e+00
-7.917198500000000028e-01
-2.872150299999999823e-01
-4.548825499999999966e-01
-1.139691800000000033e+00
-1.571436300000000008e+00
-1.956169400000000058e+00
-1.777636400000000005e+00
-1.450001700000000060e+00
-1.066879300000000086e+00
-7.637559099999999823e-01
-8.057377900000000093e-01
-8.739605400000000079e-01
-1.108074000000000003e+00
-1.100685799999999936e+00
-1.093752899999999917e+00
-1.082232400000000094e+00
-1.085960800000000059e+00
-1.087461100000000069e+00
-1.098798900000000023e+00
-1.111832399999999943e+00
-1.167195999999999900e+00
-1.323544999999999972e+00
-1.556027199999999944e+00
-1.801968500000000084e+00
-1.940201400000000076e+00
-1.881549799999999939e+00
-1.197316899999999906e+00
-5.976993400000000234e-01
-3.821453300000000053e-01
-9.484487700000000521e-01
-1.555890299999999948e+00
-1.883575199999999894e+00
-1.877478999999999898e+00
-1.571529500000000024e+00
-1.187834700000000021e+00
-7.627088899999999727e-01
-6.738820800000000499e-01
-7.909298999999999635e-01
-1.016966000000000037e+00
-1.117685899999999899e+00
-1.073544599999999960e+00
-1.096273199999999948e+00
-1.080336900000000044e+00
-1.105136300000000071e+00
-1.106989599999999907e+00
-1.186418999999999890e+00
-1.308851200000000103e+00
-1.526358099999999940e+00
-1.741043399999999908e+00
-1.932882299999999942e+00
-1.942912699999999937e+00
-1.312160599999999899e+00
-6.542885400000000296e-01
-2.998805700000000130e-01
-9.322816299999999723e-01
-1.568563600000000058e+00
-1.977754999999999930e+00
-1.861068399999999956e+00
-1.456617800000000074e+00
-1.128993399999999925e+00
-9.902233400000000074e-01
-1.088470000000000049e+00
-1.124276099999999889e+00
-1.085202299999999953e+00
-1.086413199999999968e+00
-1.089529699999999934e+00
-1.098812700000000087e+00
-1.126234799999999980e+00
-1.239280200000000054e+00
-1.384417599999999915e+00
-1.656003099999999950e+00
-1.806739000000000095e+00
-2.032463400000000142e+00
-1.678029299999999946e+00
-9.386033099999999685e-01
-3.892525700000000199e-01
-3.673587200000000275e-01
-1.055016900000000035e+00
-1.536067199999999966e+00
-1.902325400000000055e+00
-1.877470299999999925e+00
-1.657187299999999919e+00
-1.288544499999999982e+00
-9.079342599999999930e-01
-7.388127100000000391e-01
-8.370994600000000174e-01
-1.032305599999999934e+00
-1.110824000000000034e+00
-1.087836000000000025e+00
-1.088157700000000006e+00
-1.086290399999999989e+00
-1.083753699999999931e+00
-1.080172200000000027e+00
-1.077430700000000074e+00
-1.075689200000000012e+00
-1.084516700000000000e+00
-1.128624199999999966e+00
-1.264744099999999927e+00
-1.398127700000000084e+00
-1.511591799999999930e+00
-1.595369599999999943e+00
-1.681589000000000000e+00
-1.477033800000000063e+00
-9.491631299999999660e-01
-4.803800599999999976e-01
-3.931677800000000222e-01
-6.681036999999999670e-01
-1.059357499999999952e+00
-1.487795100000000037e+00
-1.820328699999999911e+00
-1.852205099999999938e+00
-1.591580599999999901e+00
-1.277400199999999986e+00
-1.052266399999999935e+00
-1.027634099999999995e+00
-1.105925999999999965e+00
-1.129850900000000102e+00
-1.075820500000000068e+00
-1.004284799999999978e+00
-1.037044099999999913e+00
-1.087460300000000046e+00
-1.099520000000000053e+00
-1.087988399999999967e+00
-1.091947699999999966e+00
-1.098031900000000061e+00
-1.098432899999999934e+00
-1.097183100000000078e+00
-1.093752099999999894e+00
-1.089408900000000013e+00
-1.085028000000000103e+00
-1.085914100000000104e+00
-1.086641399999999980e+00
-1.085679000000000061e+00
-1.086225100000000054e+00
-1.093332500000000040e+00
-1.125197800000000026e+00
-1.172505899999999990e+00
-1.230527799999999949e+00
-1.254825199999999974e+00
-1.308221599999999984e+00
-1.387415099999999901e+00
-1.603618999999999906e+00
-1.330210200000000009e+00
-7.020211100000000037e-01
-2.769819900000000112e-01
-2.936341000000000090e-01
-7.981194700000000530e-01
-1.120130899999999929e+00
-1.563975499999999963e+00
-1.781334699999999938e+00
-1.767675799999999908e+00
-1.572362999999999955e+00
-1.312748199999999921e+00
-1.133274399999999904e+00
-9.967929399999999607e-01
-1.069730899999999929e+00
-1.068044900000000075e+00
-1.083498599999999978e+00
-1.025893699999999908e+00
-1.041055199999999958e+00
-1.064166399999999957e+00
-1.070528300000000099e+00
-1.083147800000000105e+00
-1.084440400000000082e+00
-1.085390099999999913e+00
-1.083901800000000026e+00
-1.085184200000000043e+00
-1.082004100000000024e+00
-1.077714400000000072e+00
-1.071526299999999932e+00
-1.067560700000000029e+00
-1.068496300000000065e+00
-1.071293899999999910e+00
-1.075939100000000037e+00
-1.078967500000000079e+00
-1.079375799999999996e+00
-1.074880700000000022e+00
-1.072199700000000089e+00
-1.075989899999999944e+00
-1.081447700000000012e+00
-1.080884200000000073e+00
