-1.081909000000000010e+00
-1.090027000000000079e+00
-1.093445000000000000e+00
-1.089172000000000029e+00
-1.095703000000000094e+00
-1.114502000000000104e+00
-1.097107000000000054e+00
-1.066650000000000098e+00
-1.070678999999999936e+00
-1.079285000000000050e+00
-1.070983999999999936e+00
-1.072510000000000074e+00
-1.076354999999999951e+00
-1.075684000000000085e+00
-1.072265999999999941e+00
-1.082152999999999921e+00
-1.075989000000000084e+00
-1.088378999999999985e+00
-1.090027000000000079e+00
-1.073120000000000074e+00
-1.065795999999999966e+00
-1.082581000000000016e+00
-1.120972000000000079e+00
-1.388184000000000085e+00
-1.648743000000000070e+00
-1.768188000000000093e+00
-2.000000000000000000e+00
-2.000000000000000000e+00
-9.377440000000000220e-01
3.928829999999999822e-01
-5.064089999999999980e-01
-9.447020000000000417e-01
-1.442382999999999971e+00
-2.000000000000000000e+00
-1.932617000000000029e+00
-1.583312999999999970e+00
-1.030396000000000090e+00
-9.785770000000000302e-01
-5.728760000000000518e-01
-1.127625000000000099e+00
-1.115479000000000109e+00
-1.093506000000000089e+00
-1.093261999999999956e+00
-1.078125000000000000e+00
-1.082642000000000104e+00
-1.093018000000000045e+00
-1.110228999999999910e+00
-1.186217999999999995e+00
-1.420166000000000039e+00
-1.691284000000000010e+00
-2.000000000000000000e+00
-2.000000000000000000e+00
-1.851256999999999930e+00
9.582499999999999352e-02
2.966299999999999840e-02
-7.770390000000000352e-01
-1.454345999999999917e+00
-2.000000000000000000e+00
-2.000000000000000000e+00
-1.920592999999999995e+00
-1.143982000000000054e+00
-9.320680000000000076e-01
-1.066832999999999920e+00
-8.017579999999999707e-01
-1.019042999999999921e+00
-1.114562999999999970e+00
-1.094116000000000088e+00
-1.087768999999999986e+00
-1.096068999999999960e+00
-1.091796999999999906e+00
-1.106934000000000085e+00
-1.095642000000000005e+00
-1.105469000000000035e+00
-1.154846000000000039e+00
-1.254882999999999971e+00
-1.384887999999999897e+00
-1.579102000000000006e+00
-1.969421000000000088e+00
-2.000000000000000000e+00
-1.911499000000000059e+00
-2.747800000000000242e-01
1.577759999999999996e-01
-5.811159999999999659e-01
-1.200194999999999901e+00
-1.911254999999999926e+00
-2.000000000000000000e+00
-1.991089000000000109e+00
-1.654662999999999995e+00
-1.071350000000000025e+00
-1.207457999999999920e+00
-8.366700000000000248e-01
-4.219359999999999777e-01
-1.124390000000000001e+00
-1.144470000000000098e+00
-1.100219999999999976e+00
-1.095703000000000094e+00
-1.090027000000000079e+00
-1.072815000000000074e+00
-1.088988999999999985e+00
-1.099854000000000109e+00
-1.140441999999999956e+00
-1.340392999999999946e+00
-1.432495000000000074e+00
-1.719359999999999999e+00
-2.000000000000000000e+00
-2.000000000000000000e+00
-1.926757999999999971e+00
2.352910000000000001e-01
8.966100000000000458e-02
-5.553590000000000471e-01
-1.272583000000000020e+00
-1.950989000000000084e+00
-2.000000000000000000e+00
-1.992553999999999936e+00
-1.776000999999999941e+00
-1.068114999999999926e+00
-1.099609000000000059e+00
-1.034790000000000099e+00
-3.977049999999999752e-01
-9.492800000000000127e-01
-1.166565000000000074e+00
-1.101256999999999930e+00
-1.096557999999999922e+00
-1.089965999999999990e+00
-1.078673999999999911e+00
-1.086853000000000069e+00
-1.083374000000000059e+00
-1.091979999999999951e+00
-1.127258000000000093e+00
-1.123596000000000039e+00
-1.247374999999999901e+00
-1.515746999999999955e+00
-1.897521999999999931e+00
-2.000000000000000000e+00
-1.992188000000000070e+00
-1.335021999999999931e+00
2.598880000000000079e-01
-2.496950000000000003e-01
-6.897579999999999822e-01
-1.373046999999999906e+00
-1.927489999999999926e+00
-2.000000000000000000e+00
-1.921691999999999956e+00
-1.336913999999999936e+00
-1.114807000000000103e+00
-7.985229999999999828e-01
-6.756590000000000096e-01
-1.111755000000000049e+00
-1.089965999999999990e+00
-1.094910000000000050e+00
-1.095215000000000050e+00
-1.081604000000000010e+00
-1.091979999999999951e+00
-1.103148999999999935e+00
-1.087096999999999980e+00
-1.087830000000000075e+00
-1.132689999999999975e+00
-1.271789999999999976e+00
-1.650023999999999935e+00
-1.987975999999999965e+00
-2.000000000000000000e+00
-1.955872000000000055e+00
-7.630620000000000180e-01
1.870120000000000116e-01
-4.049679999999999946e-01
-7.819819999999999549e-01
-1.449645999999999990e+00
-1.998656999999999906e+00
-2.000000000000000000e+00
-1.578003000000000045e+00
-1.137572999999999945e+00
-1.159607000000000054e+00
-1.057800000000000074e+00
-1.211425999999999892e+00
-8.216550000000000242e-01
-1.109375000000000000e+00
-1.100403000000000020e+00
-1.091186999999999907e+00
-1.097534000000000010e+00
-1.091431000000000040e+00
-1.110900999999999916e+00
-1.093566999999999956e+00
-1.087707999999999897e+00
-1.080994000000000010e+00
-1.087585000000000024e+00
-1.114807000000000103e+00
-1.187743999999999911e+00
-1.502869000000000010e+00
-1.772704999999999975e+00
-1.861388999999999960e+00
-1.927856000000000014e+00
-1.807738999999999985e+00
-1.282165999999999917e+00
7.797849999999999504e-01
-3.816530000000000200e-01
-8.164059999999999651e-01
-1.176514000000000060e+00
-1.454895000000000049e+00
-1.677429000000000059e+00
-1.752013999999999960e+00
-1.413391000000000064e+00
-8.045039999999999969e-01
-1.065430000000000099e+00
-1.371825999999999990e+00
-9.156490000000000462e-01
-9.361570000000000169e-01
-1.074829000000000034e+00
-1.122130999999999990e+00
-1.089782999999999946e+00
-1.096313000000000093e+00
-1.101745999999999892e+00
-1.085571000000000064e+00
-1.082397000000000054e+00
-1.106627999999999945e+00
-1.107177999999999995e+00
-1.077758999999999912e+00
-1.080017000000000005e+00
-1.089110999999999940e+00
-1.076721000000000039e+00
-1.076904000000000083e+00
-1.081177000000000055e+00
-1.088562000000000030e+00
-1.093811000000000089e+00
-1.086548000000000069e+00
-1.085204999999999975e+00
-1.084229000000000109e+00
-1.085509999999999975e+00
-1.088012999999999897e+00
-1.087768999999999986e+00
-1.084044999999999925e+00
-1.071715999999999891e+00
-1.084351000000000065e+00
-1.084534000000000109e+00
-1.079955999999999916e+00
-1.060974000000000084e+00
-1.061706999999999956e+00
-1.075072999999999945e+00
-1.075744999999999951e+00
-1.072692999999999897e+00
-1.075866999999999907e+00
-1.082214000000000009e+00
-1.071288999999999936e+00
-1.063171000000000088e+00
-1.071288999999999936e+00
-1.076232999999999995e+00
-1.074035999999999991e+00
-1.072875999999999941e+00
-1.069763000000000019e+00
-1.073792000000000080e+00
-1.077453999999999912e+00
-1.073302999999999896e+00
-1.074279999999999902e+00
-1.075989000000000084e+00
-1.070618000000000070e+00
-1.070740000000000025e+00
-1.070311999999999930e+00
-1.074524000000000035e+00
-1.069153000000000020e+00
-1.073120000000000074e+00
-1.074462999999999946e+00
-1.069274999999999975e+00
-1.067687999999999970e+00
-1.067199999999999926e+00
-1.068237000000000103e+00
-1.071471999999999980e+00
-1.075194999999999901e+00
-1.072265999999999941e+00
-1.067932000000000103e+00
-1.074097000000000079e+00
-1.083922999999999970e+00
-1.085144000000000108e+00
-1.080138999999999960e+00
-1.076537999999999995e+00
-1.077758999999999912e+00
-1.077453999999999912e+00
-1.073485999999999940e+00
-1.075439000000000034e+00
-1.083129999999999926e+00
-1.087401999999999980e+00
-1.085693000000000019e+00
-1.081909000000000010e+00
-1.085571000000000064e+00
-1.082335999999999965e+00
-1.077698000000000045e+00
-1.086791999999999980e+00
-1.082030999999999965e+00
-1.085998999999999937e+00
-1.099059999999999926e+00
-1.113402999999999921e+00
-1.104980000000000073e+00
-1.131591999999999931e+00
-1.285949999999999926e+00
-1.335814999999999975e+00
-1.284972999999999921e+00
-1.331299000000000010e+00
-1.546448000000000045e+00
-1.542724999999999902e+00
-7.415770000000000417e-01
-1.018677000000000055e+00
-8.991090000000000471e-01
-6.515499999999999625e-01
-9.596559999999999535e-01
-1.355224999999999902e+00
-1.770202999999999971e+00
-2.000000000000000000e+00
-1.647216999999999931e+00
-1.329650999999999916e+00
-1.211060000000000025e+00
-9.419560000000000155e-01
-8.079220000000000290e-01
-8.079220000000000290e-01
-1.114379999999999926e+00
-1.075806000000000040e+00
-1.078673999999999911e+00
-1.103698999999999986e+00
-1.100341999999999931e+00
-1.106994999999999951e+00
-1.096313000000000093e+00
-1.081542999999999921e+00
-1.090392999999999946e+00
-1.105407999999999946e+00
-1.110046000000000088e+00
-1.121337999999999946e+00
-1.237975999999999965e+00
-1.316650000000000098e+00
-1.346130000000000049e+00
-1.580383000000000093e+00
-1.952820000000000000e+00
-2.000000000000000000e+00
-1.987915000000000099e+00
-6.321409999999999529e-01
-5.367429999999999701e-01
-1.105347000000000079e+00
-1.620422000000000029e+00
-2.000000000000000000e+00
-2.000000000000000000e+00
-1.278869999999999951e+00
-9.407959999999999656e-01
-7.360839999999999606e-01
-4.070429999999999882e-01
-9.808959999999999901e-01
-1.132079999999999975e+00
-1.081787000000000054e+00
-1.093261999999999956e+00
-1.093750000000000000e+00
-1.092284999999999950e+00
-1.086181999999999981e+00
-1.092589999999999950e+00
-1.099976000000000065e+00
-1.118103000000000069e+00
-1.199524000000000035e+00
-1.535949999999999926e+00
-1.785949999999999926e+00
-2.000000000000000000e+00
-2.000000000000000000e+00
-1.551514000000000060e+00
2.141720000000000013e-01
-1.904299999999999882e-01
-8.975220000000000420e-01
-1.724547999999999970e+00
-2.000000000000000000e+00
-1.528014999999999901e+00
-1.237487999999999921e+00
-5.376589999999999980e-01
-8.090209999999999901e-01
-1.172484999999999999e+00
-1.102843999999999935e+00
-1.091796999999999906e+00
-1.091491999999999907e+00
-1.076049999999999951e+00
-1.089599999999999902e+00
-1.093871999999999955e+00
-1.097900000000000098e+00
-1.118163999999999936e+00
-1.194641000000000064e+00
-1.477478000000000069e+00
-1.696228000000000069e+00
-2.000000000000000000e+00
-2.000000000000000000e+00
-1.948425000000000074e+00
-2.247919999999999918e-01
-5.365000000000000324e-02
-6.137700000000000378e-01
-1.128052000000000055e+00
-1.853515999999999941e+00
-2.000000000000000000e+00
-1.973449999999999926e+00
-1.224792000000000103e+00
-1.074462999999999946e+00
-4.486689999999999845e-01
-1.028991999999999907e+00
-1.119140999999999941e+00
-1.096924000000000010e+00
-1.099242999999999970e+00
-1.089782999999999946e+00
-1.087280000000000024e+00
-1.089477999999999946e+00
-1.101256999999999930e+00
-1.093506000000000089e+00
-1.122864000000000084e+00
-1.152160999999999991e+00
-1.865356000000000014e+00
-2.000000000000000000e+00
-2.000000000000000000e+00
-1.839110999999999940e+00
1.972659999999999969e-01
-2.133790000000000131e-01
-7.170410000000000394e-01
-1.327515000000000001e+00
-2.000000000000000000e+00
-2.000000000000000000e+00
-1.801085999999999965e+00
-9.129639999999999977e-01
-1.112244000000000010e+00
-4.290160000000000085e-01
-8.739620000000000166e-01
-1.170776000000000039e+00
-1.091491999999999907e+00
-1.088622999999999896e+00
-1.095215000000000050e+00
-1.073607999999999896e+00
-1.085388000000000019e+00
-1.103515999999999941e+00
-1.099792000000000103e+00
-1.128722999999999921e+00
-1.259520999999999891e+00
-1.571350000000000025e+00
-1.838073999999999986e+00
-2.000000000000000000e+00
-2.000000000000000000e+00
-1.470825000000000049e+00
1.902469999999999994e-01
-3.955080000000000262e-01
-1.118285999999999891e+00
-1.816832999999999920e+00
-2.000000000000000000e+00
-1.953613000000000044e+00
-1.401488999999999985e+00
-1.018555000000000099e+00
-6.182860000000000023e-01
-4.309689999999999910e-01
-1.124695000000000000e+00
-1.082519999999999927e+00
-1.096435999999999966e+00
-1.087035999999999891e+00
-1.080138999999999960e+00
-1.095520000000000049e+00
-1.104918999999999984e+00
-1.125061000000000089e+00
-1.218140000000000001e+00
-1.488159000000000010e+00
-1.654236000000000040e+00
-1.984253000000000045e+00
-2.000000000000000000e+00
-1.970642000000000005e+00
-1.884160000000000001e-01
-6.268300000000000261e-02
-6.876219999999999555e-01
-1.262939000000000034e+00
-1.955932999999999922e+00
-2.000000000000000000e+00
-1.963378999999999985e+00
-1.540955000000000075e+00
-7.636110000000000397e-01
-2.127080000000000082e-01
-1.037354000000000109e+00
-1.187195000000000000e+00
-1.085021999999999931e+00
-1.081177000000000055e+00
-1.083252000000000104e+00
-1.084899999999999975e+00
-1.093078999999999912e+00
-1.097412000000000054e+00
-1.117064999999999975e+00
-1.273560000000000025e+00
-1.475036999999999932e+00
-1.734863000000000044e+00
-2.000000000000000000e+00
-2.000000000000000000e+00
-1.879394999999999927e+00
1.987919999999999965e-01
-2.496950000000000003e-01
-7.298580000000000068e-01
-1.437195000000000000e+00
-2.000000000000000000e+00
-2.000000000000000000e+00
-1.733154000000000083e+00
-1.427246000000000015e+00
-9.591669999999999918e-01
-5.184330000000000327e-01
-7.919310000000000516e-01
-1.142638999999999960e+00
-1.099426000000000014e+00
-1.085693000000000019e+00
-1.079833999999999961e+00
-1.097412000000000054e+00
-1.078491000000000088e+00
-1.074462999999999946e+00
-1.086303999999999936e+00
-1.067871000000000015e+00
-1.075012000000000079e+00
-1.090149000000000035e+00
-1.121094000000000035e+00
-1.266540999999999917e+00
-1.520386000000000015e+00
-1.500853999999999910e+00
-1.599854000000000109e+00
-1.797241000000000088e+00
-1.548095999999999917e+00
-4.623410000000000020e-01
-1.735839999999999883e-01
-5.429690000000000349e-01
-7.998049999999999882e-01
-1.267883000000000093e+00
-1.838927999999999896e+00
-2.000000000000000000e+00
-1.790588000000000068e+00
-1.295654000000000083e+00
-1.043152000000000079e+00
-9.721680000000000321e-01
-1.040405000000000024e+00
-1.261597000000000079e+00
-1.073547000000000029e+00
-9.331049999999999622e-01
-1.030578999999999912e+00
-1.128112999999999921e+00
-1.090270999999999990e+00
-1.079223999999999961e+00
-1.094603999999999910e+00
-1.100281000000000065e+00
-1.097412000000000054e+00
-1.096375000000000099e+00
-1.095885999999999916e+00
-1.086608999999999936e+00
-1.083007999999999971e+00
-1.085266000000000064e+00
-1.091857999999999995e+00
-1.082581000000000016e+00
-1.082824999999999926e+00
-1.096068999999999960e+00
-1.126708999999999961e+00
-1.206787000000000054e+00
-1.260070999999999941e+00
-1.265563999999999911e+00
-1.273071000000000064e+00
-1.306945999999999941e+00
-1.446410999999999891e+00
-1.778747999999999996e+00
-1.357056000000000040e+00
3.928829999999999822e-01
-3.654789999999999983e-01
-6.369629999999999459e-01
-9.646609999999999907e-01
-1.505676000000000014e+00
-1.896851000000000065e+00
-1.868468999999999935e+00
-1.558777000000000079e+00
-1.412903000000000020e+00
-1.032288000000000094e+00
-1.012694999999999901e+00
-9.558109999999999662e-01
-1.239197000000000104e+00
-9.929810000000000025e-01
-1.019165000000000099e+00
-1.059630999999999990e+00
-1.056151999999999980e+00
-1.075255999999999990e+00
-1.089782999999999946e+00
-1.083617999999999970e+00
-1.082764000000000060e+00
-1.087952000000000030e+00
-1.082581000000000016e+00
-1.084167000000000103e+00
-1.075134000000000034e+00
-1.068786999999999932e+00
-1.064575000000000049e+00
-1.071410999999999891e+00
-1.073363999999999985e+00
-1.077515000000000001e+00
-1.083617999999999970e+00
-1.078734999999999999e+00
-1.069763000000000019e+00
-1.070251000000000063e+00
-1.083922999999999970e+00
-1.086060000000000025e+00
-1.079650999999999916e+00
-1.075377999999999945e+00
-1.072937000000000030e+00
-1.088135000000000074e+00
-1.087401999999999980e+00
-1.090087999999999946e+00
-1.091431000000000040e+00
-1.098877000000000104e+00
-1.115906000000000065e+00
-1.143737999999999921e+00
-1.133118000000000070e+00
-1.028197999999999945e+00
-9.581300000000000372e-01
-9.623410000000000020e-01
-9.860229999999999828e-01
-1.048767000000000005e+00
-1.090759000000000034e+00
-1.102905000000000024e+00
-1.113525000000000098e+00
-1.105164000000000035e+00
-1.089539000000000035e+00
-1.090087999999999946e+00
-1.086975000000000025e+00
-1.054931999999999981e+00
-1.025573999999999986e+00
-1.019042999999999921e+00
-9.901729999999999698e-01
-1.015503000000000045e+00
-1.036132999999999971e+00
-1.049744000000000010e+00
-1.055725000000000025e+00
-1.090270999999999990e+00
-1.104370000000000074e+00
-1.111388999999999960e+00
-1.141907000000000005e+00
-1.123901000000000039e+00
-1.074462999999999946e+00
-1.042785999999999991e+00
-1.027160999999999991e+00
-1.041320999999999941e+00
-1.063598999999999961e+00
-1.092346000000000039e+00
-1.068786999999999932e+00
-1.072815000000000074e+00
-1.073792000000000080e+00
-1.066956000000000016e+00
-1.090942000000000078e+00
-1.099304000000000059e+00
-1.075866999999999907e+00
-1.073974999999999902e+00
-1.071655000000000024e+00
-1.070800999999999892e+00
-1.081909000000000010e+00
-1.099609000000000059e+00
-1.091736000000000040e+00
-1.084351000000000065e+00
-1.083617999999999970e+00
-1.082947000000000104e+00
-1.082581000000000016e+00
-1.085509999999999975e+00
-1.084839000000000109e+00
-1.082092000000000054e+00
-1.080565999999999915e+00
-1.070068000000000019e+00
-1.079468000000000094e+00
-1.085326999999999931e+00
-1.086548000000000069e+00
-1.078003000000000045e+00
-1.072997999999999896e+00
-1.077698000000000045e+00
-1.080322000000000005e+00
-1.077209000000000083e+00
-1.078796000000000088e+00
-1.081299000000000010e+00
-1.062683000000000044e+00
-1.041930999999999941e+00
-1.064087000000000005e+00
-1.082642000000000104e+00
-1.145812999999999970e+00
-1.310791000000000039e+00
-1.279662999999999995e+00
-1.150145999999999891e+00
-1.118713000000000068e+00
-9.281620000000000426e-01
-7.097170000000000423e-01
-6.217040000000000344e-01
-8.468020000000000547e-01
-1.564513999999999960e+00
-1.475341999999999931e+00
-1.428954999999999975e+00
-7.148440000000000349e-01
-1.196228000000000069e+00
-1.378357000000000054e+00
-1.327026000000000039e+00
-1.082581000000000016e+00
-1.114684999999999926e+00
-1.112427000000000055e+00
-1.096802000000000055e+00
-1.093078999999999912e+00
-1.102965999999999891e+00
-1.091674999999999951e+00
-1.081909000000000010e+00
-1.079040999999999917e+00
-1.101928999999999936e+00
-1.089293999999999984e+00
-1.077941999999999956e+00
-1.088683999999999985e+00
-1.082519999999999927e+00
-1.078246999999999955e+00
-1.077147999999999994e+00
-1.076599000000000084e+00
-1.080627000000000004e+00
-1.077209000000000083e+00
-1.065612999999999921e+00
-1.068542000000000103e+00
-1.071593999999999935e+00
-1.070861999999999981e+00
-1.079163000000000094e+00
-1.089293999999999984e+00
-1.079650999999999916e+00
-1.071410999999999891e+00
-1.074097000000000079e+00
-1.084534000000000109e+00
-1.095458999999999961e+00
-1.101134999999999975e+00
-1.154357999999999995e+00
-1.278380999999999990e+00
-1.340392999999999946e+00
-1.274718999999999935e+00
-1.173523000000000094e+00
-1.240356000000000014e+00
-1.449097000000000079e+00
-1.728577000000000030e+00
-1.669556000000000040e+00
-6.395870000000000166e-01
-6.532590000000000341e-01
-9.093020000000000547e-01
-1.338927999999999896e+00
-1.946593999999999935e+00
-2.000000000000000000e+00
-1.215209999999999901e+00
-5.636600000000000499e-01
-5.518800000000000372e-01
-1.574340999999999990e+00
-1.027099999999999902e+00
-1.033935999999999966e+00
-1.104857999999999896e+00
-1.087463000000000068e+00
-1.086730999999999892e+00
-1.113280999999999965e+00
-1.103332999999999897e+00
-1.099609000000000059e+00
-1.101745999999999892e+00
-1.095642000000000005e+00
-1.093323000000000045e+00
-1.091796999999999906e+00
-1.091186999999999907e+00
-1.077576000000000089e+00
-1.080505000000000049e+00
-1.084229000000000109e+00
-1.094603999999999910e+00
-1.084351000000000065e+00
-1.086120999999999892e+00
-1.088805999999999941e+00
-1.088562000000000030e+00
-1.083069000000000059e+00
-1.083069000000000059e+00
-1.082275000000000098e+00
-1.081725999999999965e+00
-1.083557000000000103e+00
-1.082642000000000104e+00
-1.085266000000000064e+00
-1.103270999999999891e+00
-1.151062000000000030e+00
-1.690674000000000010e+00
-1.835326999999999931e+00
-2.000000000000000000e+00
-1.845580999999999916e+00
4.339599999999999708e-02
-9.545900000000000218e-02
-6.263429999999999831e-01
-1.012694999999999901e+00
-1.756348000000000020e+00
-2.000000000000000000e+00
-1.985778999999999961e+00
-1.812378000000000045e+00
-1.409545999999999966e+00
-1.022644000000000108e+00
-9.909059999999999535e-01
-9.448849999999999749e-01
-9.342650000000000121e-01
-9.708860000000000268e-01
-1.034667999999999921e+00
-1.070495999999999892e+00
-1.080200000000000049e+00
-1.096435999999999966e+00
-1.094848999999999961e+00
-1.083434999999999926e+00
-1.081604000000000010e+00
-1.086181999999999981e+00
-1.092101999999999906e+00
-1.083739999999999926e+00
-1.098572000000000104e+00
-1.187073000000000045e+00
-1.578673999999999911e+00
-1.909790000000000099e+00
-2.000000000000000000e+00
-1.847107000000000054e+00
-6.607060000000000155e-01
-7.916299999999999726e-02
-6.318359999999999532e-01
-1.234741000000000088e+00
-2.000000000000000000e+00
-2.000000000000000000e+00
-1.946655000000000024e+00
-1.267700000000000049e+00
-9.567870000000000541e-01
-1.180908000000000069e+00
-7.177120000000000166e-01
-1.024901999999999980e+00
-1.119140999999999941e+00
-1.088012999999999897e+00
-1.084289999999999976e+00
-1.089477999999999946e+00
-1.081237999999999921e+00
-1.083984000000000059e+00
-1.089355000000000073e+00
-1.079955999999999916e+00
-1.093811000000000089e+00
-1.148620999999999892e+00
-1.287169999999999925e+00
-1.487549000000000010e+00
-1.850646999999999931e+00
-2.000000000000000000e+00
-1.998596000000000039e+00
-1.223144999999999927e+00
1.342160000000000020e-01
-3.257450000000000068e-01
-4.956050000000000177e-01
-1.248291000000000039e+00
-1.890320000000000000e+00
-2.000000000000000000e+00
-1.851501000000000063e+00
-1.599547999999999970e+00
-1.164306999999999981e+00
-1.059447999999999945e+00
-7.666020000000000056e-01
-5.887449999999999628e-01
-1.172301999999999955e+00
-1.087401999999999980e+00
-1.096862999999999921e+00
-1.083007999999999971e+00
-1.092651000000000039e+00
-1.101928999999999936e+00
-1.056213000000000068e+00
-1.126038000000000094e+00
-1.193726000000000065e+00
-1.270812999999999970e+00
-1.573668999999999984e+00
-2.000000000000000000e+00
-2.000000000000000000e+00
-1.971008000000000093e+00
-2.460330000000000017e-01
1.622309999999999863e-01
-6.804810000000000025e-01
-1.242310000000000025e+00
-1.859801999999999955e+00
-2.000000000000000000e+00
-1.832642000000000104e+00
-1.320129000000000108e+00
-8.369750000000000245e-01
-6.841429999999999456e-01
-3.706670000000000242e-01
-1.157043000000000044e+00
-1.128540000000000099e+00
-1.087585000000000024e+00
-1.093383999999999912e+00
-1.079773000000000094e+00
-1.073058999999999985e+00
-1.083252000000000104e+00
-1.102173000000000069e+00
-1.326416000000000039e+00
-1.518494000000000010e+00
-1.900330000000000075e+00
-2.000000000000000000e+00
-1.941040000000000099e+00
-7.750240000000000462e-01
2.293090000000000128e-01
-4.844359999999999777e-01
-1.114379999999999926e+00
-1.849364999999999926e+00
-2.000000000000000000e+00
-1.934752999999999945e+00
-1.363220000000000098e+00
-1.039245999999999892e+00
-8.759770000000000056e-01
-6.354370000000000296e-01
-1.147521999999999931e+00
-1.093933000000000044e+00
-1.080872000000000055e+00
-1.091614000000000084e+00
-1.086913999999999936e+00
-1.086365000000000025e+00
-1.092162999999999995e+00
-1.080383000000000093e+00
-1.078246999999999955e+00
-1.224121000000000015e+00
-1.677002000000000104e+00
-1.990417000000000103e+00
-2.000000000000000000e+00
-1.959778000000000020e+00
-6.112670000000000048e-01
1.777340000000000031e-01
-5.802000000000000490e-01
-1.135802999999999896e+00
-1.921386999999999956e+00
-2.000000000000000000e+00
-1.835571000000000064e+00
-1.199645999999999990e+00
-7.735600000000000254e-01
-8.524779999999999580e-01
-6.633909999999999529e-01
-1.114319000000000059e+00
-1.114197000000000104e+00
-1.089722000000000079e+00
-1.097839000000000009e+00
-1.092041000000000039e+00
-1.082886000000000015e+00
-1.097655999999999965e+00
-1.116516000000000064e+00
-1.156250000000000000e+00
-1.345093000000000094e+00
-1.557190000000000074e+00
-1.880614999999999926e+00
-1.999451000000000089e+00
-1.418579000000000034e+00
2.809450000000000003e-01
-3.663939999999999975e-01
-9.722290000000000099e-01
-1.816527999999999921e+00
-2.000000000000000000e+00
-1.957581000000000016e+00
-1.363707999999999920e+00
-8.602290000000000214e-01
-3.057860000000000023e-01
-8.140870000000000051e-01
-1.168944999999999901e+00
-1.092346000000000039e+00
-1.081725999999999965e+00
-1.088988999999999985e+00
-1.079163000000000094e+00
-1.093445000000000000e+00
-1.104187000000000030e+00
-1.120849999999999902e+00
-1.190430000000000099e+00
-1.514404000000000083e+00
-1.802917000000000103e+00
-2.000000000000000000e+00
-2.000000000000000000e+00
-1.276249999999999885e-01
-2.553710000000000147e-01
-6.492310000000000025e-01
-1.351318000000000019e+00
-2.000000000000000000e+00
-2.000000000000000000e+00
-1.870482999999999896e+00
-1.310791000000000039e+00
-9.842530000000000445e-01
-2.095950000000000035e-01
-6.994019999999999682e-01
-1.239074999999999926e+00
-1.098206000000000016e+00
-1.084411999999999932e+00
-1.090637000000000079e+00
-1.078491000000000088e+00
-1.089232999999999896e+00
-1.116638000000000019e+00
-1.154174999999999951e+00
-1.322875999999999941e+00
-1.507995999999999892e+00
-1.772826999999999931e+00
-2.000000000000000000e+00
-2.000000000000000000e+00
-1.945678999999999936e+00
1.177369999999999944e-01
-5.535899999999999849e-02
-6.981810000000000516e-01
-2.000000000000000000e+00
-2.000000000000000000e+00
-1.796631000000000089e+00
-9.963379999999999459e-01
-9.082639999999999603e-01
-2.756350000000000189e-01
-9.441530000000000200e-01
-1.161864999999999926e+00
-1.091064000000000034e+00
-1.089782999999999946e+00
-1.080505000000000049e+00
-1.076904000000000083e+00
-1.095825000000000049e+00
-1.100159000000000109e+00
-1.124633999999999912e+00
-1.198852999999999946e+00
-1.604370000000000074e+00
-1.932495000000000074e+00
-2.000000000000000000e+00
-1.964599999999999902e+00
-9.703979999999999828e-01
2.679399999999999837e-02
-5.268549999999999622e-01
-1.051452999999999971e+00
-1.865479000000000109e+00
-1.955322000000000005e+00
-1.181640999999999941e+00
-9.891969999999999930e-01
-4.542849999999999944e-01
-5.742800000000000127e-01
-1.197387999999999897e+00
-1.105834999999999901e+00
-1.078734999999999999e+00
-1.084656000000000065e+00
-1.078734999999999999e+00
-1.090514999999999901e+00
-1.113402999999999921e+00
-1.161072000000000104e+00
-1.360840000000000050e+00
-1.599609000000000059e+00
-1.901062000000000030e+00
-2.000000000000000000e+00
-2.000000000000000000e+00
-1.047423999999999911e+00
-5.944800000000000084e-02
-3.555909999999999904e-01
-8.494869999999999921e-01
-2.000000000000000000e+00
-1.997192000000000078e+00
-1.277039000000000035e+00
-1.053344999999999976e+00
-4.962159999999999904e-01
-1.241211000000000064e+00
-1.142700000000000049e+00
-1.076294000000000084e+00
-1.069946000000000064e+00
-1.064697000000000005e+00
-1.085144000000000108e+00
-1.105347000000000079e+00
-1.147216999999999931e+00
-1.348206000000000016e+00
-1.602660999999999891e+00
-1.896973000000000020e+00
-2.000000000000000000e+00
-2.000000000000000000e+00
-1.041747999999999896e+00
1.062010000000000037e-01
-1.823730000000000073e-01
-8.305050000000000487e-01
-1.861145000000000049e+00
-2.000000000000000000e+00
-1.985228999999999910e+00
-1.681762999999999897e+00
-1.023071000000000064e+00
-7.928469999999999684e-01
-2.788700000000000068e-01
-1.112244000000000010e+00
-1.070800999999999892e+00
-1.081420999999999966e+00
-1.079407000000000005e+00
-1.078734999999999999e+00
-1.100951999999999931e+00
-1.132019000000000108e+00
-1.250183000000000044e+00
-1.504394999999999927e+00
-1.807312000000000030e+00
-2.000000000000000000e+00
-2.000000000000000000e+00
-1.542113999999999985e+00
8.862299999999999345e-02
-2.984620000000000051e-01
-8.468020000000000547e-01
-1.723449999999999926e+00
-2.000000000000000000e+00
-2.000000000000000000e+00
-1.473937999999999970e+00
-8.481450000000000378e-01
-8.002320000000000544e-01
-2.318729999999999958e-01
-1.073120000000000074e+00
-1.170287999999999995e+00
-1.083922999999999970e+00
-1.089110999999999940e+00
-1.086913999999999936e+00
-1.086548000000000069e+00
-1.121032999999999946e+00
-1.191650000000000098e+00
-1.451842999999999995e+00
-1.601990000000000025e+00
-1.915221999999999980e+00
-2.000000000000000000e+00
-1.992798000000000069e+00
-6.160280000000000200e-01
1.004030000000000061e-01
-4.215090000000000225e-01
-1.186828999999999912e+00
-1.963500999999999941e+00
-2.000000000000000000e+00
-1.980652000000000079e+00
-1.413634999999999975e+00
-9.058840000000000225e-01
-7.418820000000000414e-01
-2.461550000000000127e-01
-1.109558000000000044e+00
-1.155883999999999912e+00
-1.079773000000000094e+00
-1.086120999999999892e+00
-1.082702999999999971e+00
-1.079955999999999916e+00
-1.087523999999999935e+00
-1.107726999999999906e+00
-1.163269000000000108e+00
-1.475403000000000020e+00
-1.940369000000000010e+00
-2.000000000000000000e+00
-1.986205999999999916e+00
-4.784550000000000192e-01
-5.902099999999999708e-02
-5.368039999999999479e-01
-1.323058999999999985e+00
-2.000000000000000000e+00
-2.000000000000000000e+00
-1.877013999999999960e+00
-1.111510999999999916e+00
-9.659419999999999673e-01
-3.468629999999999769e-01
-6.427610000000000268e-01
-1.179259999999999975e+00
-1.107299999999999951e+00
-1.087340999999999891e+00
-1.089232999999999896e+00
-1.085388000000000019e+00
-1.091614000000000084e+00
-1.091247999999999996e+00
-1.095825000000000049e+00
-1.159240999999999966e+00
-1.404236000000000040e+00
-1.686890000000000001e+00
-2.000000000000000000e+00
-1.974487000000000103e+00
-1.556399999999999971e-02
3.649899999999999672e-02
-6.749270000000000547e-01
-1.491638000000000019e+00
-2.000000000000000000e+00
-2.000000000000000000e+00
-1.877563000000000093e+00
-1.256714000000000109e+00
-9.519649999999999501e-01
-3.179930000000000256e-01
-6.397709999999999786e-01
-1.250853999999999910e+00
-1.099792000000000103e+00
-1.082824999999999926e+00
-1.086608999999999936e+00
-1.081177000000000055e+00
-1.095520000000000049e+00
-1.092406999999999906e+00
-1.107299999999999951e+00
-1.189758000000000093e+00
-1.480529999999999902e+00
-1.692382999999999971e+00
-1.996582000000000079e+00
-2.000000000000000000e+00
-1.966247999999999996e+00
-2.643429999999999946e-01
-6.326289999999999969e-01
-1.402770999999999990e+00
-2.000000000000000000e+00
-2.000000000000000000e+00
-1.916198999999999986e+00
-1.220337000000000005e+00
-8.325810000000000155e-01
-4.000850000000000239e-01
-6.809079999999999577e-01
-1.145996000000000015e+00
-1.099059999999999926e+00
-1.087280000000000024e+00
-1.084229000000000109e+00
-1.080810999999999966e+00
-1.094116000000000088e+00
-1.103210000000000024e+00
-1.142578000000000094e+00
-1.340392999999999946e+00
-1.611815999999999915e+00
-1.879639000000000060e+00
-2.000000000000000000e+00
-2.000000000000000000e+00
-1.304381999999999930e+00
-1.580799999999999914e-02
-2.878419999999999868e-01
-1.729675000000000074e+00
-2.000000000000000000e+00
-2.000000000000000000e+00
-1.679626000000000063e+00
-1.215209999999999901e+00
-7.386470000000000535e-01
-2.308350000000000124e-01
-1.207947000000000104e+00
-1.148620999999999892e+00
-1.071228000000000069e+00
-1.081725999999999965e+00
-1.077147999999999994e+00
-1.085388000000000019e+00
-1.091431000000000040e+00
-1.117126000000000063e+00
-1.164855999999999892e+00
-1.419311999999999907e+00
-1.687378000000000045e+00
-1.972534000000000010e+00
-2.000000000000000000e+00
-1.996582000000000079e+00
-8.934330000000000327e-01
-3.016360000000000152e-01
-9.722290000000000099e-01
-1.877563000000000093e+00
-2.000000000000000000e+00
-1.991576999999999931e+00
-8.856199999999999628e-01
-5.938109999999999777e-01
-3.436279999999999890e-01
-1.149718999999999935e+00
-1.130066000000000015e+00
-1.078613000000000044e+00
-1.087340999999999891e+00
-1.076964999999999950e+00
-1.078856999999999955e+00
-1.092467999999999995e+00
-1.105590999999999990e+00
-1.151245000000000074e+00
-1.436034999999999950e+00
-1.683532999999999946e+00
-1.949524000000000035e+00
-2.000000000000000000e+00
-1.996704000000000034e+00
-3.962399999999999811e-01
-1.477050000000000030e-01
-6.613769999999999927e-01
-1.280640000000000001e+00
-2.000000000000000000e+00
-2.000000000000000000e+00
-1.893737999999999921e+00
-1.279906999999999906e+00
-3.239139999999999797e-01
-2.698969999999999980e-01
-1.223754999999999926e+00
-1.140320000000000000e+00
-1.076964999999999950e+00
-1.077698000000000045e+00
-1.077820000000000000e+00
-1.084656000000000065e+00
-1.101990000000000025e+00
-1.141968000000000094e+00
-1.322632000000000030e+00
-1.540588000000000068e+00
-1.803223000000000020e+00
-2.000000000000000000e+00
-2.000000000000000000e+00
-1.389159999999999950e+00
1.757799999999999987e-02
-3.033449999999999758e-01
-6.925050000000000372e-01
-1.521422999999999970e+00
-2.000000000000000000e+00
-2.000000000000000000e+00
-1.804443000000000019e+00
-1.252502000000000004e+00
-8.556519999999999682e-01
-9.869400000000000395e-02
-8.159180000000000321e-01
-1.192139000000000060e+00
-1.087523999999999935e+00
-1.086608999999999936e+00
-1.071838000000000068e+00
-1.080932999999999922e+00
-1.090454000000000034e+00
-1.132751000000000063e+00
-1.289123999999999937e+00
-1.476074000000000108e+00
-1.693969999999999976e+00
-2.000000000000000000e+00
-2.000000000000000000e+00
-1.859741000000000088e+00
1.754149999999999876e-01
-1.556400000000000006e-01
-6.333619999999999806e-01
-1.478698999999999986e+00
-2.000000000000000000e+00
-2.000000000000000000e+00
-1.917175000000000074e+00
-1.335083000000000020e+00
-8.956910000000000149e-01
-2.297359999999999958e-01
-6.531979999999999453e-01
-1.248474000000000084e+00
-1.113402999999999921e+00
-1.083617999999999970e+00
-1.078246999999999955e+00
-1.072632000000000030e+00
-1.099182000000000103e+00
-1.125426999999999955e+00
-1.331115999999999966e+00
-1.524413999999999936e+00
-1.739379999999999926e+00
-2.000000000000000000e+00
-2.000000000000000000e+00
-1.569274999999999975e+00
1.657099999999999962e-01
-2.297359999999999958e-01
-7.533570000000000544e-01
-1.530456999999999956e+00
-2.000000000000000000e+00
-2.000000000000000000e+00
-1.874146000000000090e+00
-1.209778000000000020e+00
-7.834470000000000045e-01
-3.142090000000000161e-01
-8.197630000000000194e-01
-1.180846999999999980e+00
-1.096313000000000093e+00
-1.083801000000000014e+00
-1.085938000000000070e+00
-1.092467999999999995e+00
-1.099364999999999926e+00
-1.105285999999999991e+00
-1.165100000000000025e+00
-1.509827000000000030e+00
-1.756591999999999931e+00
-1.994323999999999986e+00
-2.000000000000000000e+00
-1.981872999999999996e+00
7.049600000000000311e-02
-1.511230000000000073e-01
-6.499629999999999574e-01
-1.348327999999999971e+00
-2.000000000000000000e+00
-2.000000000000000000e+00
-1.861877000000000004e+00
-1.391968000000000094e+00
-9.495850000000000124e-01
-2.723999999999999755e-01
-6.275020000000000042e-01
-1.214477999999999946e+00
-1.097960999999999965e+00
-1.082214000000000009e+00
-1.084899999999999975e+00
-1.081909000000000010e+00
-1.080565999999999915e+00
-1.094176999999999955e+00
-1.116881999999999930e+00
-1.224304000000000059e+00
-1.549927000000000055e+00
-2.000000000000000000e+00
-2.000000000000000000e+00
-1.439025999999999916e+00
1.751099999999999879e-01
-3.478390000000000093e-01
-7.627559999999999896e-01
-1.578125000000000000e+00
-2.000000000000000000e+00
-2.000000000000000000e+00
-1.792724999999999902e+00
-9.957890000000000352e-01
-8.297729999999999828e-01
-1.995850000000000124e-01
-8.856199999999999628e-01
-1.216064000000000034e+00
-1.083679000000000059e+00
-1.077881000000000089e+00
-1.087707999999999897e+00
-1.089355000000000073e+00
-1.089417000000000080e+00
-1.105042000000000080e+00
-1.223572000000000104e+00
-1.507079999999999975e+00
-1.831299000000000010e+00
-2.000000000000000000e+00
-1.860168000000000044e+00
8.435099999999999543e-02
-1.830440000000000123e-01
-8.225099999999999634e-01
-1.606689000000000034e+00
-2.000000000000000000e+00
-2.000000000000000000e+00
-1.549927000000000055e+00
-8.421020000000000172e-01
-6.271970000000000045e-01
-4.295039999999999969e-01
-1.150145999999999891e+00
-1.146484000000000059e+00
-1.087707999999999897e+00
-1.086425999999999892e+00
-1.082886000000000015e+00
-1.085144000000000108e+00
-1.098082999999999920e+00
-1.110778999999999961e+00
-1.162659000000000109e+00
-1.408447000000000005e+00
-1.547423999999999911e+00
-2.000000000000000000e+00
-1.993957999999999897e+00
-7.650150000000000006e-01
6.268300000000000261e-02
-4.278560000000000141e-01
-1.946105999999999892e+00
-2.000000000000000000e+00
-1.989684999999999926e+00
-1.514586999999999906e+00
-9.833370000000000166e-01
-5.097660000000000524e-01
-3.758540000000000214e-01
-1.126648000000000094e+00
-1.132568000000000019e+00
-1.073914000000000035e+00
-1.091431000000000040e+00
-1.088073999999999986e+00
-1.085631999999999930e+00
-1.093140000000000001e+00
-1.115906000000000065e+00
-1.214844000000000035e+00
-1.503905999999999965e+00
-1.611450000000000049e+00
-1.957030999999999965e+00
-2.000000000000000000e+00
-1.993835000000000024e+00
-3.431400000000000006e-01
-1.992800000000000127e-01
-7.179569999999999563e-01
-1.370360999999999940e+00
-2.000000000000000000e+00
-1.919311999999999907e+00
-1.390625000000000000e+00
-8.489989999999999482e-01
-6.225599999999999884e-02
-8.349609999999999532e-01
-1.208434999999999926e+00
-1.085083000000000020e+00
-1.082457999999999920e+00
-1.087645999999999891e+00
-1.081787000000000054e+00
-1.095153999999999961e+00
-1.107604999999999951e+00
-1.161072000000000104e+00
-1.401672000000000029e+00
-1.569763000000000019e+00
-1.881896999999999931e+00
-2.000000000000000000e+00
-2.000000000000000000e+00
-9.110110000000000152e-01
7.525600000000000345e-02
-4.646000000000000130e-01
-9.320680000000000076e-01
-1.667907999999999946e+00
-2.000000000000000000e+00
-2.000000000000000000e+00
-1.569031000000000065e+00
-9.008180000000000076e-01
-6.687619999999999676e-01
-1.198792000000000080e+00
-1.099364999999999926e+00
-1.076964999999999950e+00
-1.096924000000000010e+00
-1.081055000000000099e+00
-1.086181999999999981e+00
-1.098999000000000059e+00
-1.122374999999999901e+00
-1.234496999999999955e+00
-1.525268999999999986e+00
-1.698607999999999896e+00
-2.000000000000000000e+00
-2.000000000000000000e+00
-1.994750999999999941e+00
-1.732180000000000109e-01
-3.436279999999999890e-01
-7.097780000000000200e-01
-1.576049999999999951e+00
-2.000000000000000000e+00
-2.000000000000000000e+00
-1.678589000000000109e+00
-7.525629999999999820e-01
-7.163089999999999735e-01
-2.153319999999999956e-01
-1.111450000000000049e+00
-1.152344000000000035e+00
-1.070618000000000070e+00
-1.080505000000000049e+00
-1.087340999999999891e+00
-1.099059999999999926e+00
-1.116271999999999931e+00
-1.241638000000000019e+00
-1.592772999999999994e+00
-1.776917000000000080e+00
-2.000000000000000000e+00
-2.000000000000000000e+00
-1.611572000000000005e+00
2.435299999999999965e-02
-3.027949999999999808e-01
-8.554690000000000349e-01
-1.841124999999999901e+00
-2.000000000000000000e+00
-1.991089000000000109e+00
-1.558043999999999984e+00
-8.964839999999999476e-01
-6.251830000000000442e-01
-1.914059999999999928e-01
-1.149840999999999891e+00
-1.142700000000000049e+00
-1.071960000000000024e+00
-1.091309000000000085e+00
-1.084656000000000065e+00
-1.097350999999999965e+00
-1.154541000000000039e+00
-1.387207000000000079e+00
-1.724792000000000103e+00
-1.999022999999999994e+00
-2.000000000000000000e+00
-1.868408000000000069e+00
-1.173710000000000031e-01
-4.370099999999999679e-02
-4.711910000000000265e-01
-1.316832999999999920e+00
-2.000000000000000000e+00
-2.000000000000000000e+00
-1.907898000000000094e+00
-1.377013999999999960e+00
-1.093566999999999956e+00
-1.725460000000000049e-01
-9.247440000000000104e-01
-1.188660000000000050e+00
-1.075072999999999945e+00
-1.088622999999999896e+00
-1.093261999999999956e+00
-1.072265999999999941e+00
-1.086120999999999892e+00
-1.115051000000000014e+00
-1.163024999999999975e+00
-1.377318999999999960e+00
-1.604065000000000074e+00
-2.000000000000000000e+00
-1.994872999999999896e+00
-1.088135000000000074e+00
1.116940000000000016e-01
-3.797610000000000152e-01
-1.140441999999999956e+00
-1.991821000000000064e+00
-2.000000000000000000e+00
-1.979308999999999985e+00
-1.380981000000000014e+00
-9.836430000000000451e-01
-5.020139999999999603e-01
-4.242549999999999932e-01
-1.189270000000000049e+00
-1.127502000000000004e+00
-1.080078000000000094e+00
-1.083679000000000059e+00
-1.081115999999999966e+00
-1.084778000000000020e+00
-1.101501000000000063e+00
-1.149413999999999936e+00
-1.333922999999999970e+00
-1.487000000000000099e+00
-1.769409000000000010e+00
-2.000000000000000000e+00
-1.618713000000000068e+00
2.069100000000000106e-02
-1.683350000000000124e-01
-7.313840000000000341e-01
-1.685424999999999951e+00
-2.000000000000000000e+00
-2.000000000000000000e+00
-1.543334999999999901e+00
-8.717040000000000344e-01
-5.208129999999999704e-01
-4.874879999999999769e-01
-1.217589999999999950e+00
-1.105102999999999946e+00
-1.068114999999999926e+00
-1.091186999999999907e+00
-1.071960000000000024e+00
-1.079285000000000050e+00
-1.096924000000000010e+00
-1.105529999999999902e+00
-1.178833000000000020e+00
-1.558959999999999901e+00
-1.767212000000000005e+00
-2.000000000000000000e+00
-1.868957999999999897e+00
1.376950000000000118e-01
-2.130130000000000079e-01
-6.748049999999999882e-01
-2.000000000000000000e+00
-2.000000000000000000e+00
-1.756958000000000020e+00
-1.170836999999999906e+00
-7.428590000000000471e-01
-7.171600000000000197e-02
-9.932860000000000023e-01
-1.185851999999999906e+00
-1.080994000000000010e+00
-1.086548000000000069e+00
-1.085631999999999930e+00
-1.077026000000000039e+00
-1.096985000000000099e+00
-1.127930000000000099e+00
-1.210266000000000064e+00
-1.498474000000000084e+00
-1.628784000000000010e+00
-1.942504999999999926e+00
-2.000000000000000000e+00
-1.995849999999999902e+00
-6.622919999999999918e-01
-2.330929999999999946e-01
-5.749509999999999899e-01
-1.269287000000000054e+00
-2.000000000000000000e+00
-1.927307000000000103e+00
-1.325377999999999945e+00
-8.598630000000000440e-01
-4.144300000000000067e-02
-6.701660000000000394e-01
-1.205994000000000010e+00
-1.104857999999999896e+00
-1.085204999999999975e+00
-1.086975000000000025e+00
-1.081360000000000099e+00
-1.087463000000000068e+00
-1.097107000000000054e+00
-1.125793000000000044e+00
-1.217834000000000083e+00
-1.495177999999999896e+00
-1.771484000000000059e+00
-2.000000000000000000e+00
-2.000000000000000000e+00
-1.777649000000000035e+00
2.294900000000000065e-02
-2.042849999999999944e-01
-8.680419999999999803e-01
-1.777039000000000035e+00
-2.000000000000000000e+00
-1.995910999999999991e+00
-1.728942999999999897e+00
-1.050964000000000009e+00
-8.489989999999999482e-01
-8.824459999999999527e-01
-1.197510000000000074e+00
-1.086730999999999892e+00
-1.096862999999999921e+00
-1.091369999999999951e+00
-1.074524000000000035e+00
-1.090514999999999901e+00
-1.104247999999999896e+00
-1.167297000000000029e+00
-1.413329999999999975e+00
-1.541198999999999986e+00
-1.779784999999999950e+00
-2.000000000000000000e+00
-2.000000000000000000e+00
-1.429443000000000019e+00
1.021119999999999944e-01
-3.851319999999999744e-01
-8.969730000000000203e-01
-1.838500999999999941e+00
-2.000000000000000000e+00
-1.990539999999999976e+00
-1.585144000000000108e+00
-9.798580000000000068e-01
-6.342769999999999797e-01
-4.049679999999999946e-01
-1.025512999999999897e+00
-1.130249000000000059e+00
-1.090575999999999990e+00
-1.082030999999999965e+00
-1.079468000000000094e+00
-1.095458999999999961e+00
-1.130309999999999926e+00
-1.232849000000000084e+00
-1.640320000000000000e+00
-1.908568999999999960e+00
-2.000000000000000000e+00
-1.988647000000000054e+00
-1.104613999999999985e+00
-6.518599999999999395e-02
-4.501339999999999786e-01
-9.871830000000000327e-01
-1.832642000000000104e+00
-2.000000000000000000e+00
-1.993590999999999891e+00
-1.362732000000000054e+00
-9.622800000000000242e-01
-3.775020000000000042e-01
-4.353029999999999955e-01
-1.160217000000000054e+00
-1.129577999999999971e+00
-1.090637000000000079e+00
-1.092834000000000083e+00
-1.080322000000000005e+00
-1.092772999999999994e+00
-1.128235000000000099e+00
-1.202698000000000045e+00
-1.440430000000000099e+00
-1.655945000000000000e+00
-1.994567999999999897e+00
-2.000000000000000000e+00
-1.959411999999999932e+00
-1.710820000000000118e-01
-2.228999999999999870e-01
-5.472409999999999775e-01
-1.231811999999999907e+00
-2.000000000000000000e+00
-2.000000000000000000e+00
-1.957886000000000015e+00
-1.271789999999999976e+00
-9.663699999999999513e-01
-1.336060000000000025e-01
-6.156009999999999538e-01
-1.199767999999999946e+00
-1.105224999999999902e+00
-1.082214000000000009e+00
-1.082581000000000016e+00
-1.077453999999999912e+00
-1.087585000000000024e+00
-1.103332999999999897e+00
-1.140625000000000000e+00
-1.585631999999999930e+00
-1.796936000000000089e+00
-2.000000000000000000e+00
-2.000000000000000000e+00
-1.450194999999999901e+00
-9.497099999999999986e-02
-4.171750000000000180e-01
-1.092529000000000083e+00
-1.908385999999999916e+00
-2.000000000000000000e+00
-1.991089000000000109e+00
-1.667664000000000035e+00
-9.276729999999999698e-01
-4.187009999999999899e-01
-6.133999999999999869e-02
-1.221862999999999921e+00
-1.147156000000000065e+00
-1.071105999999999892e+00
-1.085204999999999975e+00
-1.074584999999999901e+00
-1.076476999999999906e+00
-1.075806000000000040e+00
-1.061401000000000039e+00
-1.074219000000000035e+00
-1.148620999999999892e+00
-1.673340000000000050e+00
-1.961486999999999981e+00
-2.000000000000000000e+00
-1.958679000000000059e+00
-1.398009999999999975e+00
2.669679999999999831e-01
-2.118530000000000135e-01
-5.146479999999999944e-01
-1.466247999999999996e+00
-2.000000000000000000e+00
-2.000000000000000000e+00
-1.846924000000000010e+00
-1.044799999999999951e+00
-3.202510000000000079e-01
-1.636350000000000027e-01
-1.001587000000000005e+00
-1.116699000000000108e+00
-1.065002000000000004e+00
-1.094543000000000044e+00
-1.097777999999999921e+00
-1.090819999999999901e+00
-1.094238000000000044e+00
-1.072815000000000074e+00
-1.071593999999999935e+00
-1.079285000000000050e+00
-1.086730999999999892e+00
-1.078734999999999999e+00
-1.083007999999999971e+00
-1.081665000000000099e+00
-1.072997999999999896e+00
-1.080688000000000093e+00
-1.085998999999999937e+00
-1.075255999999999990e+00
-1.080443999999999960e+00
-1.078368999999999911e+00
-1.110900999999999916e+00
-1.296936000000000089e+00
-1.299315999999999915e+00
-1.263061999999999907e+00
-1.360778999999999961e+00
-1.645812999999999970e+00
-2.000000000000000000e+00
-1.783080999999999916e+00
-4.138789999999999969e-01
-6.744400000000000395e-02
-6.511839999999999851e-01
-1.158568999999999960e+00
-1.907715000000000050e+00
-1.465697999999999945e+00
-6.464229999999999698e-01
-1.080932999999999922e+00
-1.024413999999999936e+00
-1.124206999999999956e+00
-1.078186000000000089e+00
-1.083252000000000104e+00
-1.092529000000000083e+00
-1.088622999999999896e+00
-1.098206000000000016e+00
-1.097655999999999965e+00
-1.084473000000000020e+00
-1.083862000000000103e+00
-1.085326999999999931e+00
-1.094421000000000088e+00
-1.090332000000000079e+00
-1.089599999999999902e+00
-1.085326999999999931e+00
-1.084411999999999932e+00
-1.082397000000000054e+00
-1.085998999999999937e+00
-1.090697999999999945e+00
-1.103515999999999941e+00
-1.108765000000000001e+00
-1.225769000000000108e+00
-1.581542999999999921e+00
-1.781616000000000088e+00
-1.956055000000000099e+00
-2.000000000000000000e+00
-1.671021000000000090e+00
2.062999999999999903e-02
-5.593259999999999899e-01
-1.112670999999999966e+00
-1.654479999999999951e+00
-2.000000000000000000e+00
-2.000000000000000000e+00
-1.634093999999999935e+00
-1.062866000000000088e+00
-9.253540000000000099e-01
-9.110110000000000152e-01
-5.151369999999999560e-01
-1.023254000000000108e+00
-1.153624999999999901e+00
-1.086913999999999936e+00
-1.089782999999999946e+00
-1.083922999999999970e+00
-1.079955999999999916e+00
-1.086243000000000070e+00
-1.086425999999999892e+00
-1.095093000000000094e+00
-1.121642999999999946e+00
-1.188415999999999917e+00
-1.509765999999999941e+00
-1.889771000000000090e+00
-2.000000000000000000e+00
-1.995482999999999896e+00
-1.602416999999999980e+00
1.517940000000000123e-01
-3.963619999999999921e-01
-1.656066999999999956e+00
-2.000000000000000000e+00
-2.000000000000000000e+00
-1.561339999999999950e+00
-9.934690000000000465e-01
-9.481810000000000516e-01
-4.979250000000000065e-01
-9.460450000000000248e-01
-1.149780000000000024e+00
-1.096740999999999966e+00
-1.096252000000000004e+00
-1.100341999999999931e+00
-1.090209999999999901e+00
-1.087096999999999980e+00
-1.100341999999999931e+00
-1.102173000000000069e+00
-1.125305000000000000e+00
-1.253845000000000098e+00
-1.493468999999999935e+00
-1.757324000000000108e+00
-2.000000000000000000e+00
-2.000000000000000000e+00
-1.929016000000000064e+00
-1.232909999999999978e-01
-1.338499999999999968e-01
-1.301025000000000098e+00
-2.000000000000000000e+00
-2.000000000000000000e+00
-1.915710000000000024e+00
-1.103088000000000068e+00
-1.039916999999999980e+00
-3.396609999999999907e-01
-1.113952999999999971e+00
-1.134765999999999941e+00
-1.081177000000000055e+00
-1.108886999999999956e+00
-1.084044999999999925e+00
-1.064880000000000049e+00
-1.077393000000000045e+00
-1.098694000000000059e+00
-1.080932999999999922e+00
-1.080810999999999966e+00
-1.097655999999999965e+00
-1.113952999999999971e+00
-1.219238000000000044e+00
-1.688660000000000050e+00
-1.794127999999999945e+00
-1.990356000000000014e+00
-1.990294999999999925e+00
-1.383118000000000070e+00
8.715799999999999936e-02
-4.152219999999999800e-01
-8.468020000000000547e-01
-2.000000000000000000e+00
-2.000000000000000000e+00
-1.571960000000000024e+00
-8.806150000000000366e-01
-1.196410999999999891e+00
-1.010802999999999896e+00
-6.720580000000000442e-01
-9.731450000000000378e-01
-1.102416999999999980e+00
-1.092346000000000039e+00
-1.093871999999999955e+00
-1.091309000000000085e+00
-1.084778000000000020e+00
-1.072997999999999896e+00
-1.066589000000000009e+00
-1.082275000000000098e+00
-1.078551999999999955e+00
-1.074584999999999901e+00
-1.083801000000000014e+00
-1.098816000000000015e+00
-1.107177999999999995e+00
-1.137207000000000079e+00
-1.219481999999999955e+00
-1.355285999999999991e+00
-1.704955999999999916e+00
-2.000000000000000000e+00
-1.787047999999999970e+00
9.705000000000000085e-03
-1.106570000000000054e-01
-7.176510000000000389e-01
-1.191222999999999921e+00
-1.767700000000000049e+00
-2.000000000000000000e+00
-1.987610000000000099e+00
-1.738647000000000054e+00
-1.128722999999999921e+00
-1.163756999999999930e+00
-7.478029999999999955e-01
-8.609620000000000051e-01
-1.085449000000000108e+00
-1.089355000000000073e+00
-1.074584999999999901e+00
-1.096068999999999960e+00
-1.102416999999999980e+00
-1.083374000000000059e+00
-1.085631999999999930e+00
-1.089293999999999984e+00
-1.107909999999999950e+00
-1.281066999999999956e+00
-1.502747000000000055e+00
-1.780883999999999912e+00
-2.000000000000000000e+00
-1.712158000000000069e+00
2.302250000000000130e-01
-2.457280000000000020e-01
-5.543209999999999527e-01
-1.278747999999999996e+00
-1.795409999999999950e+00
-1.948730000000000073e+00
-1.974304000000000059e+00
-1.243041999999999980e+00
-1.014831999999999956e+00
-9.362789999999999724e-01
-1.309569999999999901e+00
-9.561159999999999659e-01
-5.942380000000000440e-01
-1.070006999999999930e+00
-1.159912000000000054e+00
-1.076294000000000084e+00
-1.097839000000000009e+00
-1.108276000000000039e+00
-1.096985000000000099e+00
-1.087218999999999935e+00
-1.075012000000000079e+00
-1.072448999999999986e+00
-1.075317000000000078e+00
-1.071776999999999980e+00
-1.092651000000000039e+00
-1.079528999999999961e+00
-1.074767999999999946e+00
-1.067504999999999926e+00
-1.063965000000000050e+00
-1.083069000000000059e+00
-1.076599000000000084e+00
-1.075866999999999907e+00
-1.077271000000000090e+00
-1.076049999999999951e+00
-1.079345999999999917e+00
-1.075317000000000078e+00
-1.074889999999999901e+00
-1.076111000000000040e+00
-1.078430000000000000e+00
-1.072387999999999897e+00
-1.068848000000000020e+00
-1.072510000000000074e+00
-1.076721000000000039e+00
-1.076781999999999906e+00
-1.073914000000000035e+00
-1.073792000000000080e+00
-1.073730000000000073e+00
-1.078918000000000044e+00
-1.080017000000000005e+00
-1.063965000000000050e+00
-1.063538000000000094e+00
-1.068726000000000065e+00
-1.067566000000000015e+00
-1.058777000000000079e+00
-1.063538000000000094e+00
-1.073180999999999941e+00
-1.076781999999999906e+00
-1.081055000000000099e+00
-1.082030999999999965e+00
-1.081115999999999966e+00
-1.075927999999999995e+00
-1.066710999999999965e+00
-1.069214000000000109e+00
-1.068114999999999926e+00
-1.063477000000000006e+00
-1.063720999999999917e+00
-1.059082000000000079e+00
-1.062561000000000089e+00
-1.074097000000000079e+00
-1.075377999999999945e+00
-1.080078000000000094e+00
-1.080322000000000005e+00
-1.083496000000000015e+00
-1.082702999999999971e+00
-1.075684000000000085e+00
-1.095803000000000083e+00
-1.090140099999999945e+00
-1.093814800000000087e+00
-1.087568499999999938e+00
-1.093990299999999971e+00
-1.088460800000000006e+00
-1.092462000000000044e+00
-1.088640000000000052e+00
-1.090290999999999899e+00
-1.089426000000000005e+00
-1.090846999999999900e+00
-1.090565800000000030e+00
-1.090126900000000010e+00
-1.089686300000000108e+00
-1.089720999999999940e+00
-1.089467799999999986e+00
-1.089615699999999965e+00
-1.089993299999999943e+00
-1.090413400000000088e+00
-1.090597500000000108e+00
-1.090461899999999984e+00
-1.090424300000000013e+00
-1.090165400000000062e+00
-1.090385399999999949e+00
-1.090571299999999910e+00
-1.090751800000000049e+00
-1.090781699999999965e+00
-1.091083100000000083e+00
-1.091121199999999902e+00
-1.091101300000000052e+00
-1.091222399999999926e+00
-1.091952699999999998e+00
-1.092317800000000005e+00
-1.092342399999999936e+00
-1.091944800000000049e+00
-1.091440900000000047e+00
-1.090715499999999949e+00
-1.090878800000000037e+00
-1.090824199999999911e+00
-1.091021800000000042e+00
-1.090555699999999906e+00
-1.090262300000000018e+00
-1.091554300000000088e+00
-1.091089600000000104e+00
-1.090354899999999905e+00
-1.088889100000000054e+00
-1.088947000000000109e+00
-1.089388900000000104e+00
-1.088926199999999955e+00
-1.089414399999999894e+00
-1.090029899999999996e+00
-1.090396399999999932e+00
-1.090275700000000070e+00
-1.090311800000000053e+00
-1.090302700000000069e+00
-1.090291399999999911e+00
-1.090319000000000038e+00
-1.090655099999999988e+00
-1.090338400000000041e+00
-1.089745799999999987e+00
-1.089702100000000007e+00
-1.090045799999999954e+00
-1.091246299999999891e+00
-1.092296600000000062e+00
-1.093689799999999934e+00
-1.095118199999999931e+00
-1.096207099999999990e+00
-1.096323399999999948e+00
-1.096753599999999995e+00
-1.097038699999999922e+00
-1.097436599999999984e+00
-1.097049500000000011e+00
-1.096934099999999912e+00
-1.096929899999999902e+00
-1.096283899999999978e+00
-1.096169600000000077e+00
-1.095097200000000104e+00
-1.091312199999999955e+00
-1.086954900000000057e+00
-1.083200900000000022e+00
-1.083680699999999941e+00
-1.086730900000000055e+00
-1.089836599999999933e+00
-1.091038399999999964e+00
-1.095118299999999989e+00
-1.102237499999999981e+00
-1.099922700000000031e+00
-1.086089300000000035e+00
-1.073850699999999936e+00
-1.072093200000000079e+00
-1.074217500000000047e+00
-1.073457399999999895e+00
-1.073554200000000014e+00
-1.074832599999999916e+00
-1.075048599999999910e+00
-1.076654400000000011e+00
-1.077505900000000016e+00
-1.082733900000000027e+00
-1.085536099999999893e+00
-1.084524800000000067e+00
-1.076685099999999951e+00
-1.074192700000000000e+00
-1.087174700000000049e+00
-1.181568100000000010e+00
-1.364284999999999970e+00
-1.572005600000000003e+00
-1.777178399999999936e+00
-1.914317000000000046e+00
-1.791963600000000101e+00
-1.060761199999999960e+00
-4.186407200000000217e-01
-2.670356400000000185e-01
-7.251911899999999855e-01
-1.314713999999999938e+00
-1.667501499999999970e+00
-1.896797499999999914e+00
-1.675628399999999907e+00
-1.364566500000000016e+00
-1.004374499999999948e+00
-8.386068399999999645e-01
-9.055801900000000071e-01
-1.003157499999999924e+00
-1.137911700000000081e+00
-1.081142300000000001e+00
-1.094662199999999919e+00
-1.079210199999999897e+00
-1.086920700000000073e+00
-1.099086400000000019e+00
-1.138490000000000002e+00
-1.263157800000000108e+00
-1.455559199999999942e+00
-1.733098699999999992e+00
-1.849496800000000052e+00
-1.253084499999999935e+00
-5.538066900000000459e-01
-1.962673199999999951e-01
-6.844962199999999886e-01
-1.365936100000000097e+00
-1.783513799999999927e+00
-1.986733800000000105e+00
-1.768444899999999986e+00
-1.397372700000000023e+00
-1.100376100000000079e+00
-9.424937500000000190e-01
-9.532088100000000175e-01
-9.619482599999999994e-01
-1.042517399999999927e+00
-1.101717700000000022e+00
-1.091234899999999897e+00
-1.091111100000000000e+00
-1.094917499999999988e+00
-1.096571299999999916e+00
-1.103299699999999994e+00
-1.099121100000000073e+00
-1.143919899999999990e+00
-1.182115199999999922e+00
-1.347719499999999959e+00
-1.605023499999999936e+00
-1.878293999999999908e+00
-1.903796499999999892e+00
-1.238122699999999909e+00
-5.408877699999999900e-01
-2.038694699999999971e-01
-6.291013699999999931e-01
-1.290751500000000052e+00
-1.738922499999999927e+00
-1.976675799999999983e+00
-1.886202200000000051e+00
-1.626458600000000088e+00
-1.259124899999999991e+00
-8.374124400000000357e-01
-7.747954299999999517e-01
-8.749363100000000504e-01
-1.100215500000000013e+00
-1.127898700000000032e+00
-1.090357199999999915e+00
-1.093001600000000018e+00
-1.079617300000000002e+00
-1.087817599999999940e+00
-1.095599200000000106e+00
-1.151185099999999961e+00
-1.260012399999999921e+00
-1.388072699999999937e+00
-1.634681400000000062e+00
-1.787398199999999937e+00
-2.030337199999999953e+00
-1.727787299999999915e+00
-9.225324499999999484e-01
-2.612308999999999881e-01
-1.386805200000000016e-01
-8.280926299999999962e-01
-1.418961700000000103e+00
-1.841064699999999998e+00
-2.000752299999999817e+00
-1.873614600000000019e+00
-1.567683099999999996e+00
-1.221192199999999950e+00
-8.068448200000000181e-01
-7.855191599999999941e-01
-8.467326600000000258e-01
-1.084716900000000095e+00
-1.121267199999999908e+00
-1.096389700000000023e+00
-1.089804199999999890e+00
-1.084362499999999896e+00
-1.084244299999999939e+00
-1.085288000000000030e+00
-1.099249200000000037e+00
-1.110089899999999963e+00
-1.146218500000000029e+00
-1.245546400000000054e+00
-1.459975999999999940e+00
-1.737843100000000085e+00
-1.915708799999999989e+00
-1.945971600000000024e+00
-1.376150999999999902e+00
-6.570566599999999591e-01
-2.279659400000000058e-01
-4.182551899999999989e-01
-1.063385000000000025e+00
-1.517806500000000058e+00
-1.910816300000000023e+00
-1.887490700000000077e+00
-1.565218999999999916e+00
-1.120929599999999970e+00
-8.155690100000000387e-01
-8.834274699999999925e-01
-9.926240299999999905e-01
-1.113329199999999908e+00
-1.086300000000000043e+00
-1.093954300000000046e+00
-1.087804699999999958e+00
-1.093698800000000082e+00
-1.094609399999999955e+00
-1.093215000000000048e+00
-1.101584600000000025e+00
-1.157094499999999915e+00
-1.326270700000000025e+00
-1.606433900000000081e+00
-1.852680799999999905e+00
-1.995198999999999945e+00
-1.717629400000000084e+00
-1.011029399999999967e+00
-4.018780399999999919e-01
-2.512719199999999820e-01
-6.791854000000000502e-01
-1.238905200000000040e+00
-1.688927000000000067e+00
-1.914688100000000004e+00
-1.709282200000000085e+00
-1.418973899999999899e+00
-1.164700199999999963e+00
-1.133894600000000086e+00
-1.099075900000000106e+00
-1.025962299999999994e+00
-1.032162500000000094e+00
-1.030160200000000081e+00
-1.118428399999999989e+00
-1.083556900000000045e+00
-1.099897499999999972e+00
-1.096542799999999929e+00
-1.100424400000000080e+00
-1.095536099999999902e+00
-1.086792399999999992e+00
-1.086033800000000049e+00
-1.095908600000000011e+00
-1.132832199999999956e+00
-1.269438999999999984e+00
-1.488061700000000043e+00
-1.704890400000000028e+00
-1.858198400000000028e+00
-1.858149400000000062e+00
-1.765526300000000104e+00
-9.175918899999999656e-01
-3.285332200000000147e-01
-9.199852499999999766e-02
-6.182560299999999565e-01
-1.095171799999999918e+00
-1.333569900000000086e+00
-1.595576000000000105e+00
-1.650600199999999962e+00
-1.470822000000000074e+00
-1.148690699999999953e+00
-1.063306400000000096e+00
-1.107872299999999921e+00
-1.119649200000000011e+00
-1.010550599999999966e+00
-9.877008400000000243e-01
-1.077920299999999942e+00
-1.098537199999999991e+00
-1.101448399999999994e+00
-1.094228500000000048e+00
-1.104621800000000098e+00
-1.103467299999999929e+00
-1.095940099999999973e+00
-1.085822300000000018e+00
-1.077666199999999908e+00
-1.078385499999999997e+00
-1.078617399999999948e+00
-1.083088700000000015e+00
-1.088632400000000056e+00
-1.090466500000000005e+00
-1.089171200000000006e+00
-1.085952500000000098e+00
-1.085250899999999907e+00
-1.086176199999999925e+00
-1.087021999999999933e+00
-1.087507599999999908e+00
-1.082141900000000101e+00
-1.079884700000000031e+00
-1.079533599999999982e+00
-1.082813000000000025e+00
-1.078568900000000053e+00
-1.069034999999999958e+00
-1.065172000000000008e+00
-1.067919199999999957e+00
-1.073463000000000056e+00
-1.074091499999999977e+00
-1.075260899999999964e+00
-1.077063499999999951e+00
-1.074712600000000018e+00
-1.069774900000000084e+00
-1.068076800000000048e+00
-1.071429200000000082e+00
-1.074347099999999999e+00
-1.073671000000000042e+00
-1.071786799999999928e+00
-1.072311699999999979e+00
-1.074075700000000078e+00
-1.075151600000000096e+00
-1.075157099999999977e+00
-1.074756499999999892e+00
-1.074097800000000102e+00
-1.072829899999999892e+00
-1.071130300000000091e+00
-1.072472700000000057e+00
-1.071986099999999942e+00
-1.072565100000000049e+00
-1.072628300000000090e+00
-1.072660399999999958e+00
-1.071071399999999896e+00
-1.068373400000000029e+00
-1.067603199999999974e+00
-1.068349200000000110e+00
-1.070692600000000105e+00
-1.072748100000000093e+00
-1.072154999999999969e+00
-1.070743000000000000e+00
-1.072768799999999967e+00
-1.078451999999999966e+00
-1.082618099999999917e+00
-1.081783299999999892e+00
-1.078748599999999946e+00
-1.077228000000000074e+00
-1.076613100000000101e+00
-1.075432299999999897e+00
-1.075331700000000001e+00
-1.078401100000000001e+00
-1.083278399999999975e+00
-1.085567600000000077e+00
-1.084634099999999934e+00
-1.084241400000000022e+00
-1.083061100000000110e+00
-1.081999300000000108e+00
-1.082393099999999997e+00
-1.082779699999999901e+00
-1.085525899999999933e+00
-1.089660700000000038e+00
-1.100226600000000055e+00
-1.106687900000000058e+00
-1.115018700000000029e+00
-1.165510299999999999e+00
-1.245577399999999946e+00
-1.296853100000000092e+00
-1.318367300000000020e+00
-1.352591700000000063e+00
-1.487142200000000081e+00
-1.343425300000000044e+00
-1.138183600000000073e+00
-8.266217500000000440e-01
-7.858119399999999866e-01
-8.991653800000000141e-01
-1.231755699999999898e+00
-1.621958500000000081e+00
-1.695296099999999972e+00
-1.553057899999999991e+00
-1.262033900000000042e+00
-1.093112499999999931e+00
-9.080443099999999657e-01
-8.540917399999999882e-01
-9.396890100000000468e-01
-1.035441000000000056e+00
-1.097232599999999891e+00
-1.081808700000000067e+00
-1.099547400000000064e+00
-1.102291300000000085e+00
-1.101206499999999977e+00
-1.093812800000000029e+00
-1.089354699999999898e+00
-1.093467699999999931e+00
-1.103127600000000097e+00
-1.112881299999999962e+00
-1.154431299999999938e+00
-1.223870800000000036e+00
-1.293460999999999972e+00
-1.399100100000000069e+00
-1.595585599999999937e+00
-1.863017200000000040e+00
-1.649639999999999995e+00
-1.151493399999999889e+00
-7.605087799999999953e-01
-9.444424200000000047e-01
-1.438233799999999896e+00
-1.813070100000000018e+00
-1.862805999999999962e+00
-1.559215199999999912e+00
-1.166832700000000056e+00
-7.879143100000000066e-01
-6.685976599999999825e-01
-7.480211599999999628e-01
-9.519346499999999933e-01
-1.108306800000000036e+00
-1.088730299999999929e+00
-1.092982600000000026e+00
-1.091132999999999909e+00
-1.089941599999999955e+00
-1.095633899999999938e+00
-1.102069699999999930e+00
-1.160884199999999922e+00
-1.312739499999999948e+00
-1.552861199999999942e+00
-1.797884700000000002e+00
-1.945278800000000086e+00
-1.837367399999999984e+00
-1.101289900000000044e+00
-4.832804800000000123e-01
-2.705434099999999842e-01
-8.878530199999999928e-01
-1.517277800000000010e+00
-1.751697700000000024e+00
-1.649851299999999910e+00
-1.182622300000000015e+00
-8.785212500000000313e-01
-8.160299199999999642e-01
-9.753669700000000553e-01
-1.119464500000000085e+00
-1.101934500000000039e+00
-1.088298599999999894e+00
-1.083907600000000082e+00
-1.086720499999999978e+00
-1.086929999999999952e+00
-1.102627299999999977e+00
-1.104487299999999950e+00
-1.189709799999999928e+00
-1.323695999999999984e+00
-1.576493499999999992e+00
-1.785069400000000028e+00
-1.978455999999999992e+00
-1.876061600000000107e+00
-1.199867400000000028e+00
-5.740053699999999592e-01
-2.750361800000000190e-01
-7.235718199999999767e-01
-1.274876300000000073e+00
-1.730598800000000104e+00
-1.945685399999999898e+00
-1.721427000000000040e+00
-1.401754799999999967e+00
-9.104956400000000505e-01
-8.385243599999999686e-01
-8.624944599999999628e-01
-1.071723200000000098e+00
-1.112287599999999932e+00
-1.091048199999999913e+00
-1.098358900000000027e+00
-1.083767399999999936e+00
-1.097707699999999953e+00
-1.083722899999999933e+00
-1.255660299999999951e+00
-1.585940200000000022e+00
-1.848372200000000021e+00
-2.058033599999999907e+00
-1.554548599999999947e+00
-8.500845799999999786e-01
-3.123460900000000207e-01
-4.101816500000000087e-01
-1.069871500000000086e+00
-1.562726499999999907e+00
-1.851271700000000076e+00
-1.526864699999999964e+00
-9.961148399999999459e-01
-7.533163800000000077e-01
-8.912590900000000316e-01
-1.089305600000000096e+00
-1.110797000000000034e+00
-1.083493599999999946e+00
-1.085614700000000044e+00
-1.087936299999999967e+00
-1.098492299999999977e+00
-1.111572199999999899e+00
-1.167165400000000020e+00
-1.323494299999999901e+00
-1.556068999999999924e+00
-1.801967000000000096e+00
-1.940198099999999926e+00
-1.881549799999999939e+00
-1.197316899999999906e+00
-5.976993400000000234e-01
-3.821453300000000053e-01
-9.484487700000000521e-01
-1.555890299999999948e+00
-1.883575199999999894e+00
-1.877478999999999898e+00
-1.571514800000000101e+00
-1.187785799999999892e+00
-7.625542699999999785e-01
-6.738913899999999790e-01
-7.904755100000000478e-01
-1.017577200000000071e+00
-1.116502099999999942e+00
-1.076718000000000064e+00
-1.091250999999999971e+00
-1.089282499999999931e+00
-1.104528799999999977e+00
-1.187250300000000092e+00
-1.312040000000000095e+00
-1.537774200000000091e+00
-1.740556299999999945e+00
-1.948102000000000000e+00
-1.917539000000000105e+00
-1.262300100000000036e+00
-8.245524400000000531e-01
-6.889613100000000490e-01
-1.357896999999999910e+00
-1.757406299999999977e+00
-1.982003699999999924e+00
-1.846097099999999935e+00
-1.458796800000000005e+00
-8.691002399999999684e-01
-6.504875700000000149e-01
-7.803217900000000151e-01
-1.073955900000000074e+00
-1.132307399999999964e+00
-1.081051100000000043e+00
-1.085111900000000018e+00
-1.083703800000000106e+00
-1.090714100000000020e+00
-1.097271899999999967e+00
-1.124926899999999952e+00
-1.235566200000000059e+00
-1.378310200000000041e+00
-1.648603400000000052e+00
-1.801886499999999947e+00
-2.028485900000000175e+00
-1.701614299999999913e+00
-9.570546599999999460e-01
-4.040442899999999726e-01
-3.519098299999999790e-01
-1.035981500000000111e+00
-1.522500100000000023e+00
-1.896393500000000065e+00
-1.882534799999999953e+00
-1.666155800000000076e+00
-1.301500399999999891e+00
-9.175759199999999893e-01
-7.397331400000000112e-01
-8.314703799999999534e-01
-1.027308899999999969e+00
-1.110862500000000086e+00
-1.088432599999999972e+00
-1.087847400000000020e+00
-1.086430800000000030e+00
-1.083333099999999938e+00
-1.080724199999999913e+00
-1.076365299999999969e+00
-1.077593100000000081e+00
-1.075386200000000070e+00
-1.090499700000000072e+00
-1.128774100000000002e+00
-1.256901499999999894e+00
-1.386066299999999973e+00
-1.539998200000000095e+00
-1.655343900000000090e+00
-1.470817199999999936e+00
-9.746002900000000357e-01
-4.855150799999999878e-01
-3.920991500000000074e-01
-6.552551699999999979e-01
-1.047598100000000088e+00
-1.474513600000000091e+00
-1.814054099999999892e+00
-1.856627800000000050e+00
-1.601568000000000103e+00
-1.286454299999999940e+00
-1.056594299999999986e+00
-1.025759599999999994e+00
-1.104079500000000102e+00
-1.130262199999999995e+00
-1.078646599999999900e+00
-1.005160700000000018e+00
-1.035259499999999999e+00
-1.086670299999999978e+00
-1.099781200000000014e+00
-1.088233999999999924e+00
-1.091529100000000030e+00
-1.097875399999999946e+00
-1.098317999999999905e+00
-1.097159900000000077e+00
-1.093758299999999961e+00
-1.089470600000000067e+00
-1.085029299999999974e+00
-1.085817199999999927e+00
-1.086771699999999896e+00
-1.085204400000000069e+00
-1.085678600000000049e+00
-1.093288599999999944e+00
-1.122303499999999898e+00
-1.174667499999999976e+00
-1.222910799999999965e+00
-1.262256400000000056e+00
-1.264512499999999928e+00
-1.306629899999999900e+00
-1.381313100000000071e+00
-1.592964899999999906e+00
-1.371213900000000097e+00
-7.303262799999999944e-01
-3.029291499999999804e-01
-2.615612099999999884e-01
-7.923801600000000001e-01
-1.245475099999999946e+00
-1.651725899999999969e+00
-1.776101399999999941e+00
-1.580536399999999952e+00
-1.319144000000000094e+00
-1.139277799999999896e+00
-9.972178900000000512e-01
-1.067683399999999949e+00
-1.068303800000000026e+00
-1.083625499999999908e+00
-1.027534900000000029e+00
-1.039250400000000019e+00
-1.064259499999999914e+00
-1.069738099999999914e+00
-1.083034400000000064e+00
-1.084217800000000009e+00
-1.085419700000000098e+00
-1.083803599999999978e+00
-1.085151999999999894e+00
-1.082090900000000078e+00
-1.077824899999999975e+00
-1.071700700000000062e+00
-1.067588399999999993e+00
-1.068394300000000019e+00
-1.071258499999999891e+00
-1.075381799999999943e+00
-1.076116199999999967e+00
-1.074006000000000016e+00
-1.072263600000000094e+00
-1.076048300000000069e+00
-1.081446499999999977e+00
-1.083109799999999900e+00
-1.078786400000000034e+00
-1.075995800000000058e+00
-1.079479300000000030e+00
-1.084059600000000012e+00
-1.089248299999999947e+00
-1.090078799999999903e+00
-1.094291399999999914e+00
-1.102908900000000081e+00
-1.120191600000000065e+00
-1.132449999999999957e+00
-1.106478499999999920e+00
-1.045206899999999939e+00
-9.872785699999999665e-01
-9.656090099999999898e-01
-1.003339699999999945e+00
-1.051088699999999987e+00
-1.095763899999999902e+00
-1.108845099999999917e+00
-1.103744499999999906e+00
-1.097715599999999903e+00
-1.089958699999999947e+00
-1.083725700000000014e+00
-1.064626800000000095e+00
-1.043110600000000110e+00
-1.019858699999999896e+00
-1.007247800000000026e+00
-1.008894500000000027e+00
-1.020559699999999959e+00
-1.043701299999999943e+00
-1.067049300000000089e+00
-1.089076900000000014e+00
-1.107690599999999970e+00
-1.122533599999999909e+00
-1.125383199999999917e+00
-1.107811899999999961e+00
-1.072524100000000091e+00
-1.044581900000000063e+00
-1.036637999999999948e+00
-1.046163200000000071e+00
-1.067728999999999928e+00
-1.076238299999999981e+00
-1.078372200000000003e+00
-1.072500999999999927e+00
-1.071388599999999913e+00
-1.079876700000000023e+00
-1.080834499999999920e+00
-1.082335999999999965e+00
-1.073475500000000027e+00
-1.072953400000000057e+00
-1.082214999999999927e+00
-1.089795400000000081e+00
-1.092705599999999944e+00
-1.087904399999999994e+00
-1.083906599999999942e+00
-1.082875599999999938e+00
-1.082857600000000087e+00
-1.083926799999999968e+00
-1.083803300000000025e+00
-1.083558299999999974e+00
-1.079668099999999908e+00
-1.076263299999999923e+00
-1.076344900000000049e+00
-1.080125699999999966e+00
-1.084458399999999934e+00
-1.081773600000000002e+00
-1.077715100000000037e+00
-1.075749499999999914e+00
-1.077438099999999954e+00
-1.078536299999999892e+00
-1.078902199999999922e+00
-1.079162500000000025e+00
-1.073664900000000033e+00
-1.061174700000000026e+00
-1.056197599999999959e+00
-1.063863599999999909e+00
-1.097312700000000030e+00
-1.177004500000000009e+00
-1.246542199999999934e+00
-1.252391199999999927e+00
-1.191924699999999948e+00
-1.088831899999999964e+00
-9.442139299999999791e-01
-7.892613000000000545e-01
-6.878524099999999697e-01
-9.255604100000000001e-01
-1.207381299999999991e+00
-1.490272100000000099e+00
-1.323199199999999909e+00
-1.116875499999999910e+00
-1.076043899999999942e+00
-1.210412400000000055e+00
-1.323905099999999946e+00
-1.204806299999999997e+00
-1.139715699999999998e+00
-1.094278599999999990e+00
-1.112305700000000064e+00
-1.094096500000000027e+00
-1.098845999999999989e+00
-1.094096299999999911e+00
-1.090129899999999985e+00
-1.083229100000000056e+00
-1.088675800000000082e+00
-1.090461099999999961e+00
-1.089383699999999955e+00
-1.084593900000000000e+00
-1.083662200000000020e+00
-1.083010699999999993e+00
-1.079041799999999940e+00
-1.078716299999999961e+00
-1.078919100000000020e+00
-1.076211199999999923e+00
-1.072993700000000050e+00
-1.070635400000000015e+00
-1.073187799999999914e+00
-1.078945499999999891e+00
-1.082758700000000074e+00
-1.081220300000000023e+00
-1.075616499999999975e+00
-1.074840500000000088e+00
-1.081295600000000023e+00
-1.090023900000000046e+00
-1.103991900000000026e+00
-1.147422699999999907e+00
-1.224680599999999897e+00
-1.289055300000000015e+00
-1.290214600000000100e+00
-1.234431400000000068e+00
-1.242456999999999923e+00
-1.341406799999999899e+00
-1.568361399999999906e+00
-1.568756899999999899e+00
-1.231069200000000086e+00
-8.660147099999999654e-01
-7.434567800000000393e-01
-1.063219600000000042e+00
-1.491153600000000079e+00
-1.802157199999999904e+00
-1.689513400000000054e+00
-1.181263399999999963e+00
-7.498292500000000027e-01
-9.008169299999999602e-01
-1.073954400000000087e+00
-1.211392699999999989e+00
-1.054950700000000019e+00
-1.072892200000000074e+00
-1.095752800000000082e+00
-1.092668200000000089e+00
-1.102777499999999966e+00
-1.103788400000000003e+00
-1.103616300000000106e+00
-1.098658099999999971e+00
-1.098197099999999926e+00
-1.093732699999999891e+00
-1.092794199999999938e+00
-1.088557100000000055e+00
-1.084228500000000039e+00
-1.080235199999999951e+00
-1.083256199999999891e+00
-1.087472999999999912e+00
-1.087810500000000014e+00
-1.086995600000000062e+00
-1.086264600000000025e+00
-1.087413200000000080e+00
-1.085640399999999950e+00
-1.083092200000000060e+00
-1.082779799999999959e+00
-1.081451900000000022e+00
-1.083831699999999953e+00
-1.081319499999999989e+00
-1.086196500000000009e+00
-1.089383599999999896e+00
-1.125246900000000050e+00
-1.338299799999999928e+00
-1.581827000000000094e+00
-1.856830299999999934e+00
-1.901840200000000092e+00
-1.297956499999999957e+00
-6.343466500000000119e-01
-3.230197899999999733e-01
-8.743301100000000492e-01
-1.534509899999999982e+00
-1.886838400000000027e+00
-1.955279900000000071e+00
-1.798223099999999963e+00
-1.499946900000000083e+00
-1.203140400000000110e+00
-1.012891500000000056e+00
-9.611188899999999480e-01
-9.715198000000000444e-01
-1.004089800000000032e+00
-1.049896500000000010e+00
-1.072713500000000098e+00
-1.087391199999999891e+00
-1.090141000000000027e+00
-1.089465200000000022e+00
-1.083437900000000065e+00
-1.084950800000000104e+00
-1.086867299999999981e+00
-1.088148600000000021e+00
-1.093536000000000064e+00
-1.147134000000000098e+00
-1.344640700000000022e+00
-1.618788700000000080e+00
-1.874475600000000020e+00
-1.901283599999999963e+00
-1.440678499999999973e+00
-8.007059699999999891e-01
-4.306313399999999736e-01
-6.597608099999999753e-01
-1.290280799999999894e+00
-1.744114299999999895e+00
-1.986970600000000031e+00
-1.783697099999999924e+00
-1.419267800000000079e+00
-1.168219399999999908e+00
-9.689844699999999866e-01
-9.668427699999999625e-01
-9.467425099999999816e-01
-1.044389800000000035e+00
-1.107146799999999986e+00
-1.082572599999999996e+00
-1.088715600000000006e+00
-1.080472099999999935e+00
-1.086565900000000084e+00
-1.082610199999999967e+00
-1.086953700000000023e+00
-1.091361299999999979e+00
-1.131672100000000070e+00
-1.220932099999999965e+00
-1.387271499999999991e+00
-1.637981600000000038e+00
-1.849505900000000036e+00
-1.962858400000000003e+00
-1.575412299999999988e+00
-8.620661899999999545e-01
-3.505995199999999978e-01
-2.683632300000000082e-01
-7.787947499999999801e-01
-1.279735199999999962e+00
-1.764590899999999962e+00
-1.919106699999999943e+00
-1.812653599999999976e+00
-1.536761400000000055e+00
-1.275668400000000036e+00
-1.012931400000000037e+00
-8.067315499999999640e-01
-8.256366899999999509e-01
-9.320384099999999838e-01
-1.105041600000000068e+00
-1.100757200000000102e+00
-1.082095100000000087e+00
-1.098760299999999912e+00
-1.081281299999999890e+00
-1.092731700000000084e+00
-1.104502099999999931e+00
-1.170998999999999901e+00
-1.257165599999999994e+00
-1.500219100000000028e+00
-1.736557799999999929e+00
-1.993910199999999966e+00
-1.806603399999999970e+00
-1.070839700000000061e+00
